-5.4494e-09
-5.4494e-09
-5.4494e-09
-5.4494e-09
-5.4494e-09
-5.4494e-09
-5.4494e-09
-5.67206e-09
-5.67206e-09
-5.67206e-09
-5.67206e-09
2.59987e-09
9.44123e-09
9.44123e-09
9.44123e-09
9.44123e-09
9.44123e-09
5.44997e-08
5.44997e-08
5.44997e-08
5.44997e-08
2.78977e-07
2.78977e-07
2.78977e-07
2.78977e-07
8.29689e-07
9.93552e-07
9.93552e-07
9.93552e-07
9.93552e-07
9.93552e-07
1.86875e-06
1.86875e-06
1.86875e-06
1.86875e-06
3.14537e-06
3.14537e-06
3.14537e-06
3.14537e-06
3.14537e-06
5.38287e-06
5.38287e-06
5.38287e-06
5.38287e-06
5.38287e-06
8.38813e-06
8.38813e-06
8.38813e-06
8.38813e-06
1.13569e-05
1.21766e-05
1.30266e-05
1.30266e-05
1.30266e-05
1.30266e-05
1.67192e-05
1.67192e-05
1.67192e-05
1.67192e-05
2.08436e-05
2.08436e-05
2.08436e-05
2.08436e-05
2.53413e-05
2.53413e-05
2.53413e-05
2.53413e-05
2.53413e-05
3.13923e-05
3.13923e-05
3.13923e-05
3.13923e-05
3.65017e-05
3.9129e-05
3.9129e-05
3.9129e-05
3.9129e-05
3.9129e-05
4.45042e-05
4.45042e-05
4.45042e-05
4.45042e-05
5.00094e-05
5.00094e-05
5.00094e-05
5.00094e-05
5.00094e-05
5.70217e-05
5.70217e-05
5.70217e-05
5.70217e-05
6.27031e-05
6.41306e-05
6.55604e-05
6.55604e-05
6.55604e-05
6.55604e-05
6.98613e-05
6.98613e-05
6.98613e-05
6.98613e-05
7.70543e-05
7.70543e-05
7.70543e-05
7.70543e-05
7.70543e-05
8.42582e-05
8.42582e-05
8.42582e-05
8.42582e-05
9.00232e-05
9.14645e-05
9.29059e-05
9.29059e-05
9.29059e-05
9.29059e-05
9.86741e-05
9.86741e-05
9.86741e-05
9.86741e-05
0.00010445
0.00010445
0.00010445
0.00010445
0.00010445
0.000111679
0.000111679
0.000111679
0.000111679
0.000117457
0.000120339
0.000120339
0.000120339
0.000120339
0.000120339
0.000126073
0.000126073
0.000126073
0.000126073
0.000131747
0.000131747
0.000131747
0.000131747
0.000137335
0.000137335
0.000137335
0.000137335
0.000137335
0.000144163
0.000144163
0.000144163
0.000144163
0.000149478
0.000152082
0.000152082
0.000152082
0.000152082
0.000152082
0.000157179
0.000157179
0.000157179
0.000157179
0.000157179
0.000163334
0.000163334
0.000163334
0.000163334
0.000168085
0.000169249
0.000170404
0.000170404
0.000170404
0.000170404
0.000174929
0.000174929
0.000174929
0.000174929
0.000179303
0.000179303
0.000179303
0.000179303
0.000179303
0.000184551
0.000184551
0.000184551
0.000184551
0.000184551
0.000189536
0.000189536
0.000189536
0.000189536
0.000194238
0.000194238
0.000195143
0.000195143
0.000195143
0.000195143
0.000198644
0.000198644
0.000198644
0.000198644
0.000201957
0.000201957
0.000201957
0.000201957
0.000205086
0.000205086
0.000205086
0.000205086
0.000205086
0.000208757
0.000208757
0.000208757
0.000208757
0.000212187
0.000212847
0.000212847
0.000212847
0.000212847
0.000212847
0.000215412
0.000215412
0.000215412
0.000215412
0.000217869
0.000217869
0.000217869
0.000217869
0.000220817
0.000220817
0.000220817
0.000220817
0.000220817
0.000223093
0.000224207
0.000224207
0.000224207
0.000224207
0.00022585
0.00022585
0.00022585
0.00022585
0.00022585
0.000228515
0.000228515
0.000228515
0.000228515
0.000228515
0.00023109
0.00023109
0.00023109
0.00023109
0.000233562
0.000234043
0.000234043
0.000234043
0.000234043
0.000234043
0.000235913
0.000235913
0.000235913
0.000235913
0.000237691
0.000237691
0.000237691
0.000237691
0.000239365
0.000239365
0.000239365
0.000239365
0.000239365
0.000241295
0.000241295
0.000241295
0.000241295
0.000242701
0.000243355
0.000243355
0.000243355
0.000243355
0.000244275
0.000244275
0.000244275
0.000244275
0.000244275
0.000245643
0.000245643
0.000245643
0.000245643
0.000246593
0.000247021
0.000247021
0.000247021
0.000247021
0.000247021
0.000247786
0.000247786
0.000247786
0.000247786
0.000248431
0.000248431
0.000248431
0.000248431
0.000248431
0.000249069
0.000249069
0.000249069
0.000249069
0.000249515
0.000249515
0.000249581
0.000249581
0.000249581
0.000249581
0.000249757
0.000249757
0.000249757
0.000249757
0.00024979
0.00024979
0.00024979
0.00024979
0.00024979
0.000249613
0.000249613
0.000249613
0.000249613
0.000249613
0.000249174
0.000249174
0.000249174
0.000249174
0.000248621
0.000248454
0.000248275
0.000248275
0.000248275
0.000248275
0.000247443
0.000247443
0.000247443
0.000247443
0.000246425
0.000246425
0.000246425
0.000246425
0.000246425
0.000244905
0.000244905
0.000244905
0.000244905
0.000244905
0.000243142
0.000243142
0.000243142
0.000243142
0.000241175
0.000241175
0.000240762
0.000240762
0.000240762
0.000240762
0.000239056
0.000239056
0.000239056
0.000239056
0.000237285
0.000237285
0.000237285
0.000237285
0.000237285
0.000235003
0.000235003
0.000235003
0.000235003
0.000235003
0.000232663
0.000232663
0.000232663
0.000232663
0.000230756
0.000229795
0.000229795
0.000229795
0.000229795
0.000229795
0.000227866
0.000227866
0.000227866
0.000227866
0.000225943
0.000225943
0.000225943
0.000225943
0.000225943
0.000223581
0.000223581
0.000223581
0.000223581
0.000223581
0.000221311
0.000221311
0.000221311
0.000221311
0.000219172
0.000218763
0.000218763
0.000218763
0.000218763
0.000218763
0.000217188
0.000217188
0.000217188
0.000217188
0.000215714
0.000215714
0.000215714
0.000215714
0.000215714
0.000214008
0.000214008
0.000214008
0.000214008
0.000214008
0.000212441
0.000212441
0.000212441
0.000212441
0.000211278
0.000210999
0.000210724
0.000210724
0.000210724
0.000210724
0.000209669
0.000209669
0.000209669
0.000209669
0.000208678
0.000208678
0.000208678
0.000208678
0.000207752
0.000207752
0.000207752
0.000207752
0.000207752
0.000206688
0.000206688
0.000206688
0.000206688
0.000206688
0.000205737
0.000205737
0.000205737
0.000205737
0.000204908
0.000204908
0.000204757
0.000204757
0.000204757
0.000204757
0.000204205
0.000204205
0.000204205
0.000204205
0.000203734
0.000203734
0.000203734
0.000203734
0.000203341
0.000203341
0.000203341
0.000203341
0.000203341
0.000202952
0.000202952
0.000202952
0.000202952
0.000202952
0.000202673
0.000202673
0.000202673
0.000202673
0.000202499
0.000202476
0.000202476
0.000202476
0.000202476
0.000202476
0.000202427
0.000202427
0.000202427
0.000202427
0.000202443
0.000202443
0.000202443
0.000202443
0.000202443
0.000202557
0.000202557
0.000202557
0.000202557
0.000202557
0.000202771
0.000202771
0.000202771
0.000202771
0.00020301
0.000203078
0.000203149
0.000203149
0.000203149
0.000203149
0.000203453
0.000203453
0.000203453
0.000203453
0.000203773
0.000203773
0.000203773
0.000203773
0.000203773
0.000204161
0.000204161
0.000204161
0.000204161
0.000204435
0.000204496
0.000204554
0.000204554
0.000204554
0.000204554
0.000204751
0.000204751
0.000204751
0.000204751
0.000204751
0.000204898
0.000204898
0.000204898
0.000204898
0.000204898
0.000204913
0.000204913
0.000204913
0.000204913
0.000204913
0.000204772
0.000204772
0.000204772
0.000204772
0.000204533
0.000204369
0.000204369
0.000204369
0.000204369
0.000204369
0.000203954
0.000203954
0.000203954
0.000203954
0.000203423
0.000203423
0.000203423
0.000203423
0.000203423
0.000202611
0.000202611
0.000202611
0.000202611
0.000201853
0.00020165
0.000201443
0.000201443
0.000201443
0.000201443
0.000200567
0.000200567
0.000200567
0.000200567
0.000199632
0.000199632
0.000199632
0.000199632
0.000199632
0.000198406
0.000198406
0.000198406
0.000198406
0.000197397
0.000197144
0.00019689
0.00019689
0.00019689
0.00019689
0.00019588
0.00019588
0.00019588
0.00019588
0.000194889
0.000194889
0.000194889
0.000194889
0.000194889
0.000193708
0.000193708
0.000193708
0.000193708
0.000192624
0.000192624
0.000192422
0.000192422
0.000192422
0.000192422
0.000191673
0.000191673
0.000191673
0.000191673
0.000191028
0.000191028
0.000191028
0.000191028
0.000191028
0.000190382
0.000190382
0.000190382
0.000190382
0.000189927
0.000189859
0.000189859
0.000189859
0.000189859
0.000189859
0.000189661
0.000189661
0.000189661
0.000189661
0.000189575
0.000189575
0.000189575
0.000189575
0.000189575
0.00018961
0.00018961
0.00018961
0.00018961
0.000189785
0.000189785
0.000189785
0.000189785
0.000189785
0.000190012
0.000190151
0.000190151
0.000190151
0.000190151
0.000190151
0.000190473
0.000190473
0.000190473
0.000190473
0.000190844
0.000190844
0.000190844
0.000190844
0.000190844
0.000191349
0.000191349
0.000191349
0.000191349
0.000191762
0.000191863
0.000191962
0.000191962
0.000191962
0.000191962
0.000192334
0.000192334
0.000192334
0.000192334
0.000192334
0.000192712
0.000192712
0.000192712
0.000192712
0.000192944
0.000192967
0.000192967
0.000192967
0.000192967
0.000192985
0.000192985
0.000192985
0.000192985
0.000192985
0.000192811
0.000192811
0.000192811
0.000192811
0.000192811
0.000192347
0.000192347
0.000192347
0.000192347
0.000191573
0.000191573
0.000191381
0.000191381
0.000191381
0.000191381
0.000190487
0.000190487
0.000190487
0.000190487
0.000189402
0.000189402
0.000189402
0.000189402
0.000189402
0.000187801
0.000187801
0.000187801
0.000187801
0.000186346
0.00018596
0.000185566
0.000185566
0.000185566
0.000185566
0.000183917
0.000183917
0.000183917
0.000183917
0.000182166
0.000182166
0.000182166
0.000182166
0.000182166
0.000179868
0.000179868
0.000179868
0.000179868
0.000177964
0.000177481
0.000176995
0.000176995
0.000176995
0.000176995
0.000175029
0.000175029
0.000175029
0.000175029
0.000173034
0.000173034
0.000173034
0.000173034
0.000171021
0.000171021
0.000171021
0.000171021
0.000171021
0.000168494
0.000168494
0.000168494
0.000168494
0.000165972
0.000165972
0.000165468
0.000165468
0.000165468
0.000165468
0.000163456
0.000163456
0.000163456
0.000163456
0.000161438
0.000161438
0.000161438
0.000161438
0.000161438
0.00015889
0.00015889
0.00015889
0.00015889
0.000156816
0.000155764
0.000155764
0.000155764
0.000155764
0.000155764
0.000153629
0.000153629
0.000153629
0.000153629
0.000151456
0.000151456
0.000151456
0.000151456
0.000149258
0.000149258
0.000149258
0.000149258
0.000149258
0.000146496
0.000146496
0.000146496
0.000146496
0.000146496
0.000143742
0.000143742
0.000143742
0.000143742
0.000141556
0.000141013
0.000140471
0.000140471
0.000140471
0.000140471
0.00013832
0.00013832
0.00013832
0.00013832
0.000136197
0.000136197
0.000136197
0.000136197
0.000136197
0.000133585
0.000133585
0.000133585
0.000133585
0.000131528
0.000130511
0.000130511
0.000130511
0.000130511
0.000130511
0.000128494
0.000128494
0.000128494
0.000128494
0.000126506
0.000126506
0.000126506
0.000126506
0.000126506
0.000125278
0.000125278
0.000125278
0.000125278
0.000134112
0.000134112
0.000138746
0.000138746
0.000138746
0.000138746
0.000175617
0.000175617
0.000175617
0.000175617
0.000260671
0.000260671
0.000260671
0.000260671
0.000424979
0.000424979
0.000424979
0.000424979
0.000424979
0.000802889
0.000802889
0.000802889
0.000802889
0.00145919
0.00163289
0.00163289
0.00163289
0.00163289
0.00163289
0.00249722
0.00249722
0.00249722
0.00249722
0.00249722
0.00402163
0.00402163
0.00402163
0.00402163
0.0056593
0.00663638
0.00663638
0.00663638
0.00663638
0.00663638
0.00831876
0.00831876
0.00831876
0.00831876
0.011752
0.011752
0.011752
0.011752
0.0151155
0.0170197
0.0170197
0.0170197
0.0170197
0.0170197
0.0213013
0.0213013
0.0213013
0.0213013
0.0262421
0.0262421
0.0262421
0.0262421
0.0262421
0.0333907
0.0333907
0.0333907
0.0333907
0.0416725
0.0416725
0.0434706
0.0434706
0.0434706
0.0434706
0.0511526
0.0511526
0.0511526
0.0511526
0.0596314
0.0596314
0.0596314
0.0596314
0.0596314
0.0713711
0.0713711
0.0713711
0.0713711
0.084399
0.0871621
0.0871621
0.0871621
0.0871621
0.0871621
0.0987522
0.0987522
0.0987522
0.0987522
0.111214
0.111214
0.111214
0.111214
0.111214
0.128032
0.128032
0.128032
0.128032
0.142495
0.150059
0.150059
0.150059
0.150059
0.150059
0.165837
0.165837
0.165837
0.165837
0.182462
0.182462
0.182462
0.182462
0.182462
0.204415
0.204415
0.204415
0.204415
0.227684
0.227684
0.232501
0.232501
0.232501
0.232501
0.252324
0.252324
0.252324
0.252324
0.273055
0.273055
0.273055
0.273055
0.273055
0.300267
0.300267
0.300267
0.300267
0.323088
0.32894
0.334853
0.334853
0.334853
0.334853
0.3591
0.3591
0.3591
0.3591
0.384277
0.384277
0.384277
0.384277
0.384277
0.417002
0.417002
0.417002
0.417002
0.444149
0.451065
0.458033
0.458033
0.458033
0.458033
0.486398
0.486398
0.486398
0.486398
0.515504
0.515504
0.515504
0.515504
0.545264
0.545264
0.545264
0.545264
0.545264
0.583278
0.583278
0.583278
0.583278
0.622095
0.622095
0.62995
0.62995
0.62995
0.62995
0.661662
0.661662
0.661662
0.661662
0.661662
0.701923
0.701923
0.701923
0.701923
0.73458
0.742803
0.751049
0.751049
0.751049
0.751049
0.784251
0.784251
0.784251
0.784251
0.784251
0.826192
0.826192
0.826192
0.826192
0.860033
0.868527
0.877034
0.877034
0.877034
0.877034
0.911171
0.911171
0.911171
0.911171
0.911171
0.945439
0.945439
0.945439
0.945439
0.988365
0.988365
0.988365
0.988365
0.988365
1.0313
1.0313
1.0313
1.0313
1.06559
1.07415
1.0827
1.0827
1.0827
1.0827
1.11683
1.11683
1.11683
1.11683
1.1508
1.1508
1.1508
1.1508
1.1508
1.19293
1.19293
1.19293
1.19293
1.19293
1.2346
1.2346
1.2346
1.2346
1.26754
1.28386
1.28386
1.28386
1.28386
1.28386
1.3162
1.3162
1.3162
1.3162
1.3481
1.3481
1.3481
1.3481
1.3873
1.3873
1.3873
1.3873
1.3873
1.4257
1.4257
1.43328
1.43328
1.43328
1.43328
1.46325
1.46325
1.46325
1.46325
1.4926
1.4926
1.4926
1.4926
1.4926
1.52833
1.52833
1.52833
1.52833
1.56291
1.56291
1.56968
1.56968
1.56968
1.56968
1.59627
1.59627
1.59627
1.59627
1.62836
1.62836
1.62836
1.62836
1.62836
1.65913
1.66512
1.66512
1.66512
1.66512
1.66512
1.68856
1.68856
1.68856
1.68856
1.68856
1.71665
1.71665
1.71665
1.71665
1.73815
1.74338
1.74857
1.74857
1.74857
1.74857
1.76875
1.76875
1.76875
1.76875
1.78806
1.78806
1.78806
1.78806
1.78806
1.81096
1.81096
1.81096
1.81096
1.8325
1.8325
1.83665
1.83665
1.83665
1.83665
1.85268
1.85268
1.85268
1.85268
1.85268
1.87151
1.87151
1.87151
1.87151
1.88561
1.89235
1.89235
1.89235
1.89235
1.89235
1.9052
1.9052
1.9052
1.9052
1.91725
1.91725
1.91725
1.91725
1.91725
1.9312
1.9312
1.9312
1.9312
1.9312
1.94399
1.94399
1.94399
1.94399
1.95342
1.95788
1.95788
1.95788
1.95788
1.95788
1.96425
1.96425
1.96425
1.96425
1.97407
1.97407
1.97407
1.97407
1.97407
1.98294
1.98294
1.98294
1.98294
1.98294
1.99092
1.99092
1.99092
1.99092
1.9967
1.99806
1.99939
1.99939
1.99939
1.99939
2.00442
2.00442
2.00442
2.00442
2.00901
2.00901
2.00901
2.00901
2.01318
2.01318
2.01318
2.01318
2.01318
2.01787
2.01787
2.01787
2.01787
2.02206
2.02206
2.02284
2.02284
2.02284
2.02284
2.02581
2.02581
2.02581
2.02581
2.02853
2.02853
2.02853
2.02853
2.02853
2.03165
2.03165
2.03165
2.03165
2.03396
2.03451
2.03506
2.03506
2.03506
2.03506
2.03717
2.03717
2.03717
2.03717
2.0392
2.0392
2.0392
2.0392
2.0392
2.04162
2.04162
2.04162
2.04162
2.04162
2.04396
2.04396
2.04396
2.04396
2.04623
2.04623
2.04668
2.04668
2.04668
2.04668
2.04843
2.04843
2.04843
2.04843
2.05012
2.05012
2.05012
2.05012
2.05012
2.05214
2.05214
2.05214
2.05214
2.05214
2.054
2.054
2.054
2.054
2.05535
2.05567
2.05597
2.05597
2.05597
2.05597
2.05711
2.05711
2.05711
2.05711
2.05809
2.05809
2.05809
2.05809
2.05891
2.05891
2.05891
2.05891
2.05891
2.05971
2.05971
2.05971
2.05971
2.06018
2.06036
2.06036
2.06036
2.06036
2.06036
2.0606
2.0606
2.0606
2.0606
2.0606
2.06071
2.06071
2.06071
2.06071
2.06065
2.06061
2.06057
2.06057
2.06057
2.06057
2.06034
2.06034
2.06034
2.06034
2.05999
2.05999
2.05999
2.05999
2.05999
2.05941
2.05941
2.05941
2.05941
2.05867
2.0585
2.0585
2.0585
2.0585
2.0585
2.05778
2.05778
2.05778
2.05778
2.05696
2.05696
2.05696
2.05696
2.05696
2.05582
2.05582
2.05582
2.05582
2.05582
2.05455
2.05455
2.05455
2.05455
2.05343
2.05314
2.05285
2.05285
2.05285
2.05285
2.05161
2.05161
2.05161
2.05161
2.05031
2.05031
2.05031
2.05031
2.05031
2.04857
2.04857
2.04857
2.04857
2.04857
2.04675
2.04675
2.04675
2.04675
2.04484
2.04484
2.04484
2.04484
2.04484
2.04327
2.04288
2.04248
2.04248
2.04248
2.04126
2.04126
2.04126
2.04126
2.04126
2.03921
2.03921
2.03921
2.03921
2.03754
2.0367
2.0367
2.0367
2.0367
2.0367
2.03501
2.03501
2.03501
2.03501
2.03331
2.03331
2.03331
2.03331
2.0316
2.0316
2.0316
2.0316
2.0316
2.02947
2.02947
2.02947
2.02947
2.02777
2.02692
2.02692
2.02692
2.02692
2.02692
2.02524
2.02524
2.02524
2.02524
2.02357
2.02357
2.02357
2.02357
2.02193
2.02193
2.02193
2.02193
2.02193
2.0199
2.0199
2.0199
2.0199
2.0199
2.01793
2.01793
2.01793
2.01793
2.016
2.016
2.016
2.016
2.016
2.01449
2.01374
2.01374
2.01374
2.01374
2.01264
2.01264
2.01264
2.01264
2.01264
2.01086
2.01086
2.01086
2.01086
2.01086
2.00913
2.00913
2.00913
2.00913
2.00779
2.00714
2.00714
2.00714
2.00714
2.00714
2.00587
2.00587
2.00587
2.00587
2.00464
2.00464
2.00464
2.00464
2.00464
2.00316
2.00316
2.00316
2.00316
2.00316
2.00176
2.00176
2.00176
2.00176
2.00068
2.00042
2.00016
2.00016
2.00016
2.00016
1.99916
1.99916
1.99916
1.99916
1.99821
1.99821
1.99821
1.99821
1.9973
1.9973
1.9973
1.9973
1.9973
1.99623
1.99623
1.99623
1.99623
1.99543
1.99524
1.99505
1.99505
1.99505
1.99505
1.99433
1.99433
1.99433
1.99433
1.99433
1.99349
1.99349
1.99349
1.99349
1.99287
1.99272
1.99258
1.99258
1.99258
1.99258
1.99203
1.99203
1.99203
1.99203
1.99203
1.99142
1.99142
1.99142
1.99142
1.99142
1.99087
1.99087
1.99087
1.99087
1.99049
1.9904
1.99031
1.99031
1.99031
1.99031
1.98999
1.98999
1.98999
1.98999
1.98972
1.98972
1.98972
1.98972
1.98948
1.98948
1.98948
1.98948
1.98948
1.98924
1.98924
1.98924
1.98924
1.98906
1.98903
1.98903
1.98903
1.98903
1.98903
1.98894
1.98894
1.98894
1.98894
1.98894
1.98887
1.98887
1.98887
1.98887
1.98886
1.98886
1.98886
1.98886
1.98886
1.98886
1.98889
1.98889
1.98889
1.98889
1.98896
1.98896
1.98896
1.98896
1.98905
1.98905
1.98905
1.98905
1.98905
1.9892
1.9892
1.9892
1.9892
1.9892
1.98939
1.98939
1.98939
1.98939
1.98961
1.98966
1.98966
1.98966
1.98966
1.98966
1.98987
1.98987
1.98987
1.98987
1.9901
1.9901
1.9901
1.9901
1.9901
1.99042
1.99042
1.99042
1.99042
1.99076
1.99076
1.99083
1.99083
1.99083
1.99083
1.99112
1.99112
1.99112
1.99112
1.99143
1.99143
1.99143
1.99143
1.99143
1.99183
1.99183
1.99183
1.99183
1.99183
1.99225
1.99225
1.99225
1.99225
1.99259
1.99276
1.99276
1.99276
1.99276
1.99276
1.99312
1.99312
1.99312
1.99312
1.99348
1.99348
1.99348
1.99348
1.99348
1.99394
1.99394
1.99394
1.99394
1.9944
1.99449
1.99449
1.99449
1.99449
1.99449
1.99486
1.99486
1.99486
1.99486
1.99523
1.99523
1.99523
1.99523
1.9956
1.9956
1.9956
1.9956
1.9956
1.99606
1.99606
1.99606
1.99606
1.99651
1.99651
1.9966
1.9966
1.9966
1.9966
1.99696
1.99696
1.99696
1.99696
1.99696
1.9974
1.9974
1.9974
1.9974
1.99782
1.99791
1.99791
1.99791
1.99791
1.99791
1.99824
1.99824
1.99824
1.99824
1.99856
1.99856
1.99856
1.99856
1.99888
1.99888
1.99888
1.99888
1.99888
1.99926
1.99926
1.99926
1.99926
1.99955
1.99962
1.9997
1.9997
1.9997
1.9997
1.99998
1.99998
1.99998
1.99998
2.00024
2.00024
2.00024
2.00024
2.00024
2.00057
2.00057
2.00057
2.00057
2.00087
2.00093
2.00093
2.00093
2.00093
2.00093
2.0011
2.0011
2.0011
2.0011
2.00137
2.00137
2.00137
2.00137
2.00137
2.00162
2.00162
2.00162
2.00162
2.00181
2.0019
2.0019
2.0019
2.0019
2.0019
2.00207
2.00207
2.00207
2.00207
2.00223
2.00223
2.00223
2.00223
2.00223
2.00238
2.00238
2.00238
2.00238
2.00255
2.00255
2.00255
2.00255
2.00255
2.00269
2.00269
2.00269
2.00269
2.0028
2.00282
2.00285
2.00285
2.00285
2.00285
2.00294
2.00294
2.00294
2.00294
2.00301
2.00301
2.00301
2.00301
2.00309
2.00309
2.00309
2.00309
2.00309
2.00316
2.00316
2.00317
2.00317
2.00317
2.00317
2.0032
2.0032
2.0032
2.0032
2.00323
2.00323
2.00323
2.00323
2.00325
2.00325
2.00325
2.00325
2.00325
2.00326
2.00326
2.00326
2.00326
2.00325
2.00325
2.00325
2.00325
2.00325
2.00323
2.00323
2.00323
2.00323
2.00323
2.00323
2.0032
2.0032
2.0032
2.0032
2.0032
2.00316
2.00316
2.00316
2.00316
2.00312
2.00311
2.0031
2.0031
2.0031
2.0031
2.00305
2.00305
2.00305
2.00305
2.00305
2.003
2.003
2.003
2.003
2.00292
2.00292
2.00292
2.00292
2.00292
2.00284
2.00284
2.00284
2.00284
2.00277
2.00273
2.00273
2.00273
2.00273
2.00273
2.00265
2.00265
2.00265
2.00265
2.00257
2.00257
2.00257
2.00257
2.00249
2.00249
2.00249
2.00249
2.00249
2.00238
2.00238
2.00238
2.00238
2.00238
2.00227
2.00227
2.00227
2.00227
2.00218
2.00213
2.00213
2.00213
2.00213
2.00213
2.00204
2.00204
2.00204
2.00204
2.00194
2.00194
2.00194
2.00194
2.00194
2.00182
2.00182
2.00182
2.00182
2.00182
2.0017
2.0017
2.0017
2.0017
2.00158
2.00155
2.00155
2.00155
2.00155
2.00155
2.00146
2.00146
2.00146
2.00146
2.00136
2.00136
2.00136
2.00136
2.00136
2.00124
2.00124
2.00124
2.00124
2.00114
2.00112
2.00109
2.00109
2.00109
2.00109
2.001
2.001
2.001
2.001
2.00091
2.00091
2.00091
2.00091
2.00091
2.00079
2.00079
2.00079
2.00079
2.00079
2.00068
2.00068
2.00068
2.00068
2.00068
2.00057
2.00057
2.00057
2.00057
2.00049
2.00047
2.00044
2.00044
2.00044
2.00044
2.00036
2.00036
2.00036
2.00036
2.00029
2.00029
2.00029
2.00029
2.00021
2.00021
2.00021
2.00021
2.00021
2.00012
2.00012
2.00012
2.00012
2.00012
2.00004
2.00004
2.00004
2.00004
1.99997
1.99994
1.99994
1.99994
1.99994
1.99994
1.99988
1.99988
1.99988
1.99988
1.99982
1.99982
1.99982
1.99982
1.99977
1.99977
1.99977
1.99977
1.99977
1.9997
1.9997
1.9997
1.9997
1.99964
1.99964
1.99963
1.99963
1.99963
1.99963
1.99959
1.99959
1.99959
1.99959
1.99959
1.99954
1.99954
1.99954
1.99954
1.99951
1.99949
1.99949
1.99949
1.99949
1.99949
1.99947
1.99947
1.99947
1.99947
1.99943
1.99943
1.99943
1.99943
1.99943
1.9994
1.9994
1.9994
1.9994
1.99937
1.99937
1.99937
1.99937
1.99937
1.99937
1.99935
1.99935
1.99935
1.99935
1.99934
1.99934
1.99934
1.99934
1.99934
1.99933
1.99933
1.99933
1.99933
1.99932
1.99931
1.99931
1.99931
1.99931
1.99931
1.99931
1.99931
1.99931
1.99931
1.99931
1.99931
1.99931
1.99931
1.99931
1.99931
1.99931
1.99931
1.99931
1.99931
1.99931
1.99931
1.99931
1.99931
1.99931
1.99931
1.99931
1.99931
1.99931
1.99931
1.99932
1.99932
1.99933
1.99933
1.99933
1.99933
1.99934
1.99934
1.99934
1.99934
1.99935
1.99935
1.99935
1.99935
1.99935
1.99936
1.99936
1.99936
1.99936
1.99937
1.99938
1.99938
1.99938
1.99938
1.99938
1.9994
1.9994
1.9994
1.9994
1.9994
1.99942
1.99942
1.99942
1.99942
1.99944
1.99944
1.99944
1.99944
1.99944
1.99946
1.99946
1.99946
1.99946
1.99946
1.99948
1.99948
1.99948
1.99948
1.9995
1.9995
1.99951
1.99951
1.99951
1.99951
1.99953
1.99953
1.99953
1.99953
1.99953
1.99955
1.99955
1.99955
1.99955
1.99958
1.99959
1.99959
1.99959
1.99959
1.99959
1.99961
1.99961
1.99961
1.99961
1.99963
1.99963
1.99963
1.99963
1.99965
1.99965
1.99965
1.99965
1.99965
1.99968
1.99968
1.99968
1.99968
1.99968
1.9997
1.9997
1.9997
1.9997
1.99973
1.99973
1.99974
1.99974
1.99974
1.99974
1.99976
1.99976
1.99976
1.99976
1.99979
1.99979
1.99979
1.99979
1.99979
1.99981
1.99982
1.99982
1.99982
1.99982
1.99982
1.99984
1.99984
1.99984
1.99984
1.99986
1.99986
1.99986
1.99986
1.99986
1.99988
1.99988
1.99988
1.99988
1.99988
1.99991
1.99991
1.99991
1.99991
1.99993
1.99993
1.99994
1.99994
1.99994
1.99994
1.99995
1.99995
1.99995
1.99995
1.99995
1.99998
1.99998
1.99998
1.99998
1.99999
2
2
2
2
2
2.00002
2.00002
2.00002
2.00002
2.00003
2.00003
2.00003
2.00003
2.00003
2.00005
2.00005
2.00005
2.00005
2.00006
2.00006
2.00006
2.00006
2.00006
2.00008
2.00008
2.00008
2.00008
2.00009
2.00009
2.0001
2.0001
2.0001
2.0001
2.00011
2.00011
2.00011
2.00011
2.00012
2.00012
2.00012
2.00012
2.00012
2.00012
2.00012
2.00012
2.00012
2.00013
2.00013
2.00013
2.00013
2.00014
2.00014
2.00015
2.00015
2.00015
2.00015
2.00015
2.00015
2.00015
2.00015
2.00015
2.00016
2.00016
2.00016
2.00016
2.00016
2.00016
2.00016
2.00016
2.00016
2.00016
2.00017
2.00017
2.00017
