-0.00326451
-0.00649795
-0.00973138
-0.0129648
-0.0161983
-0.0194317
-0.0226651
-0.0258986
-0.029132
-0.0323655
-0.0355989
-0.0388325
-0.042066
-0.0452995
-0.048533
-0.0517666
-0.0550001
-0.0582337
-0.0614673
-0.0647009
-0.0679346
-0.0711683
-0.0744021
-0.0776358
-0.0808696
-0.0841035
-0.0873373
-0.0905712
-0.0938052
-0.0970392
-0.100273
-0.103507
-0.106741
-0.109975
-0.113209
-0.116444
-0.119678
-0.122912
-0.126146
-0.129381
-0.132615
-0.135849
-0.139083
-0.142318
-0.145552
-0.148787
-0.152021
-0.155256
-0.15849
-0.161725
-0.16496
-0.168194
-0.171429
-0.174664
-0.177898
-0.181133
-0.184368
-0.187603
-0.190837
-0.194072
-0.197307
-0.200542
-0.203777
-0.207012
-0.210247
-0.213482
-0.216717
-0.219952
-0.223187
-0.226422
-0.229657
-0.232893
-0.236128
-0.239363
-0.242598
-0.245833
-0.249069
-0.252304
-0.255539
-0.258775
-0.26201
-0.265245
-0.268481
-0.271716
-0.274951
-0.278187
-0.281422
-0.284658
-0.287893
-0.291129
-0.294364
-0.2976
-0.300835
-0.304071
-0.307307
-0.310542
-0.313778
-0.317013
-0.320249
-0.323485
-0.32672
-0.329956
-0.333192
-0.336428
-0.339663
-0.342899
-0.346135
-0.34937
-0.352606
-0.355842
-0.359078
-0.362314
-0.365549
-0.368785
-0.372021
-0.375257
-0.378493
-0.381729
-0.384964
-0.3882
-0.391436
-0.394671
-0.397907
-0.401142
-0.404377
-0.407612
-0.410848
-0.414082
-0.417317
-0.420552
-0.423787
-0.427021
-0.430256
-0.43349
-0.436725
-0.439959
-0.443193
-0.446427
-0.449661
-0.452895
-0.456129
-0.459363
-0.462596
-0.46583
-0.469063
-0.472297
-0.475529
-0.478762
-0.481995
-0.485228
-0.488461
-0.491693
-0.494926
-0.498158
-0.50139
-0.504622
-0.507853
-0.511085
-0.514316
-0.517548
-0.520779
-0.524009
-0.52724
-0.530471
-0.533701
-0.536932
-0.540162
-0.543392
-0.546622
-0.549852
-0.553081
-0.556311
-0.55954
-0.562769
-0.565997
-0.569225
-0.572454
-0.575682
-0.578909
-0.582137
-0.585365
-0.588592
-0.59182
-0.595046
-0.598273
-0.6015
-0.604726
-0.607952
-0.611178
-0.614403
-0.617629
-0.620855
-0.624079
-0.627303
-0.630527
-0.633752
-0.636976
-0.640199
-0.643422
-0.646645
-0.649869
-0.653091
-0.656313
-0.659535
-0.662757
-0.665978
-0.669199
-0.67242
-0.675641
-0.678862
-0.682081
-0.685301
-0.68852
-0.69174
-0.694958
-0.698176
-0.701394
-0.704612
-0.707828
-0.711045
-0.714261
-0.717476
-0.720692
-0.723908
-0.727123
-0.730337
-0.733552
-0.736766
-0.739979
-0.743192
-0.746405
-0.749618
-0.752831
-0.756042
-0.759253
-0.762464
-0.765675
-0.768884
-0.772093
-0.775302
-0.778511
-0.781719
-0.784925
-0.788132
-0.791338
-0.794544
-0.797751
-0.800955
-0.804159
-0.807364
-0.810568
-0.813773
-0.816975
-0.820178
-0.82338
-0.826583
-0.829783
-0.832982
-0.836182
-0.839382
-0.842579
-0.845776
-0.848973
-0.852169
-0.855366
-0.85856
-0.861754
-0.864949
-0.868143
-0.871337
-0.874529
-0.877721
-0.880913
-0.884105
-0.887294
-0.890482
-0.893671
-0.89686
-0.900048
-0.903234
-0.906419
-0.909604
-0.91279
-0.915975
-0.919157
-0.922339
-0.92552
-0.928702
-0.93188
-0.935057
-0.938235
-0.941412
-0.944589
-0.947763
-0.950937
-0.954111
-0.957285
-0.960459
-0.96363
-0.966801
-0.969972
-0.973142
-0.976309
-0.979477
-0.982644
-0.985811
-0.988974
-0.992136
-0.995299
-0.998461
-1.00162
-1.00478
-1.00793
-1.01109
-1.01425
-1.0174
-1.02056
-1.02371
-1.02686
-1.03001
-1.03316
-1.03631
-1.03946
-1.04261
-1.04575
-1.04889
-1.05204
-1.05518
-1.05833
-1.06146
-1.0646
-1.06774
-1.07088
-1.07401
-1.07714
-1.08027
-1.0834
-1.08653
-1.08965
-1.09277
-1.0959
-1.09902
-1.10214
-1.10526
-1.10838
-1.1115
-1.11461
-1.11772
-1.12083
-1.12394
-1.12705
-1.13016
-1.13326
-1.13636
-1.13946
-1.14256
-1.14566
-1.14876
-1.15185
-1.15494
-1.15803
-1.16112
-1.1642
-1.16729
-1.17038
-1.17346
-1.17654
-1.17962
-1.18269
-1.18577
-1.18884
-1.19191
-1.19497
-1.19804
-1.2011
-1.20415
-1.20721
-1.21027
-1.21332
-1.21637
-1.21941
-1.22245
-1.22549
-1.22854
-1.23157
-1.2346
-1.23763
-1.24066
-1.2437
-1.24672
-1.24974
-1.25276
-1.25578
-1.25879
-1.2618
-1.26481
-1.26781
-1.27082
-1.27382
-1.27681
-1.2798
-1.28279
-1.28577
-1.28875
-1.29172
-1.29469
-1.29767
-1.30063
-1.30359
-1.30655
-1.30951
-1.31247
-1.31542
-1.31836
-1.32131
-1.32426
-1.32719
-1.33012
-1.33305
-1.33598
-1.33889
-1.34181
-1.34472
-1.34763
-1.35054
-1.35343
-1.35632
-1.3592
-1.36209
-1.36498
-1.36785
-1.37071
-1.37358
-1.37645
-1.37932
-1.38216
-1.38501
-1.38785
-1.3907
-1.39352
-1.39633
-1.39915
-1.40196
-1.40478
-1.40757
-1.41036
-1.41315
-1.41595
-1.41872
-1.42149
-1.42426
-1.42703
-1.4298
-1.43254
-1.43528
-1.43802
-1.44076
-1.44346
-1.44617
-1.44887
-1.45157
-1.45427
-1.45695
-1.45962
-1.4623
-1.46497
-1.46764
-1.47029
-1.47294
-1.47558
-1.47823
-1.48085
-1.48347
-1.48608
-1.4887
-1.49128
-1.49386
-1.49644
-1.49902
-1.50157
-1.5041
-1.50664
-1.50917
-1.5117
-1.51423
-1.51673
-1.51923
-1.52173
-1.52423
-1.52672
-1.52918
-1.53164
-1.53409
-1.53655
-1.53896
-1.54136
-1.54377
-1.54617
-1.54858
-1.55095
-1.55331
-1.55568
-1.55805
-1.56038
-1.56272
-1.56505
-1.56738
-1.56972
-1.57202
-1.57431
-1.57661
-1.57891
-1.58117
-1.58342
-1.58568
-1.58793
-1.59014
-1.59235
-1.59456
-1.59676
-1.59897
-1.60115
-1.60333
-1.60551
-1.60769
-1.60984
-1.61199
-1.61413
-1.61628
-1.61842
-1.62054
-1.62265
-1.62476
-1.62688
-1.62897
-1.63106
-1.63314
-1.63522
-1.6373
-1.63938
-1.64145
-1.64352
-1.64558
-1.64765
-1.6497
-1.65176
-1.65381
-1.65587
-1.65792
-1.65997
-1.66201
-1.66406
-1.66611
-1.66815
-1.6702
-1.67225
-1.6743
-1.67635
-1.6784
-1.68046
-1.68251
-1.68457
-1.68662
-1.68869
-1.69076
-1.69283
-1.69491
-1.69699
-1.69909
-1.70119
-1.70329
-1.70539
-1.70749
-1.70962
-1.71174
-1.71387
-1.71599
-1.71815
-1.7203
-1.72246
-1.72461
-1.7268
-1.72898
-1.73117
-1.73336
-1.73559
-1.73782
-1.74005
-1.74228
-1.74451
-1.74679
-1.74908
-1.75137
-1.75366
-1.75595
-1.75828
-1.76061
-1.76294
-1.76527
-1.7676
-1.76998
-1.77236
-1.77475
-1.77713
-1.77956
-1.78201
-1.78445
-1.7869
-1.78934
-1.79183
-1.79431
-1.7968
-1.79928
-1.80181
-1.80434
-1.80686
-1.80939
-1.81192
-1.81448
-1.81705
-1.81962
-1.82218
-1.8248
-1.82741
-1.83002
-1.83264
-1.8353
-1.83797
-1.84063
-1.8433
-1.84597
-1.84864
-1.85134
-1.85405
-1.85675
-1.85945
-1.86219
-1.86493
-1.86766
-1.8704
-1.87318
-1.87595
-1.87873
-1.8815
-1.88431
-1.88712
-1.88994
-1.89276
-1.89558
-1.8984
-1.90125
-1.9041
-1.90694
-1.90979
-1.91266
-1.91554
-1.91841
-1.92128
-1.92416
-1.92706
-1.92996
-1.93287
-1.93577
-1.93868
-1.94161
-1.94454
-1.94747
-1.95041
-1.95337
-1.95633
-1.95929
-1.96225
-1.96523
-1.96821
-1.9712
-1.97419
-1.97718
-1.98017
-1.98318
-1.98619
-1.9892
-1.99221
-1.99522
-1.99825
-2.00128
-2.00431
-2.00735
-2.0104
-2.01346
-2.01652
-2.01957
-2.02263
-2.02569
-2.02877
-2.03184
-2.03492
-2.03799
-2.04109
-2.04419
-2.04728
-2.05038
-2.05349
-2.05661
-2.05973
-2.06285
-2.06597
-2.06909
-2.07222
-2.07536
-2.07849
-2.08163
-2.08479
-2.08794
-2.0911
-2.09425
-2.09741
-2.10059
-2.10376
-2.10694
-2.11012
-2.1133
-2.11648
-2.11968
-2.12287
-2.12607
-2.12926
-2.13248
-2.13569
-2.13891
-2.14213
-2.14536
-2.14859
-2.15183
-2.15507
-2.15831
-2.16155
-2.16481
-2.16806
-2.17132
-2.17458
-2.17785
-2.18112
-2.1844
-2.18767
-2.19097
-2.19426
-2.19755
-2.20085
-2.20414
-2.20746
-2.21078
-2.2141
-2.21743
-2.22075
-2.22409
-2.22743
-2.23077
-2.23411
-2.23746
-2.24082
-2.24418
-2.24754
-2.25091
-2.25429
-2.25767
-2.26104
-2.26442
-2.26782
-2.27122
-2.27462
-2.27802
-2.28145
-2.28488
-2.28831
-2.29174
-2.29517
-2.2986
-2.30205
-2.3055
-2.30895
-2.3124
-2.31587
-2.31935
-2.32282
-2.3263
-2.32979
-2.33329
-2.3368
-2.3403
-2.34381
-2.34731
-2.35084
-2.35436
-2.35788
-2.36141
-2.36493
-2.36848
-2.37203
-2.37558
-2.37913
-2.38271
-2.38629
-2.38987
-2.39345
-2.39703
-2.40061
-2.40421
-2.4078
-2.4114
-2.415
-2.41862
-2.42225
-2.42587
-2.42949
-2.43313
-2.43678
-2.44042
-2.44407
-2.44772
-2.45137
-2.45504
-2.4587
-2.46237
-2.46604
-2.46972
-2.4734
-2.47708
-2.48077
-2.48447
-2.48817
-2.49187
-2.49557
-2.49927
-2.50299
-2.50671
-2.51043
-2.51415
-2.51787
-2.5216
-2.52534
-2.52907
-2.53281
-2.53655
-2.54029
-2.54404
-2.54779
-2.55153
-2.55529
-2.55905
-2.5628
-2.56656
-2.57031
-2.57408
-2.57784
-2.58161
-2.58538
-2.58915
-2.59292
-2.5967
-2.60047
-2.60424
-2.60802
-2.6118
-2.61558
-2.61935
-2.62313
-2.62691
-2.63069
-2.63447
-2.63825
-2.64203
-2.64581
-2.64959
-2.65337
-2.65715
-2.66093
-2.66471
-2.66849
-2.67226
-2.67604
-2.67982
-2.68359
-2.68737
-2.69114
-2.69491
-2.69868
-2.70245
-2.70622
-2.70998
-2.71374
-2.7175
-2.72126
-2.72502
-2.72878
-2.73253
-2.73628
-2.74003
-2.74378
-2.74753
-2.75127
-2.75501
-2.75875
-2.7625
-2.76623
-2.76996
-2.77369
-2.77741
-2.78113
-2.78485
-2.78856
-2.79228
-2.79599
-2.79969
-2.80339
-2.80709
-2.81079
-2.81448
-2.81817
-2.82185
-2.82554
-2.82922
-2.83289
-2.83656
-2.84023
-2.8439
-2.84757
-2.85123
-2.85488
-2.85853
-2.86218
-2.86584
-2.86947
-2.87311
-2.87674
-2.88037
-2.88399
-2.8876
-2.89121
-2.89482
-2.89843
-2.90203
-2.90563
-2.90922
-2.91282
-2.91641
-2.91999
-2.92356
-2.92714
-2.93072
-2.93428
-2.93783
-2.94138
-2.94494
-2.94849
-2.95203
-2.95556
-2.9591
-2.96263
-2.96617
-2.96969
-2.97321
-2.97673
-2.98025
-2.98376
-2.98726
-2.99077
-2.99427
-2.99776
-3.00124
-3.00473
-3.00821
-3.01168
-3.01515
-3.01861
-3.02207
-3.02554
-3.029
-3.03245
-3.03589
-3.03934
-3.04279
-3.04622
-3.04965
-3.05308
-3.05651
-3.05993
-3.06334
-3.06675
-3.07017
-3.07358
-3.07697
-3.08036
-3.08375
-3.08715
-3.09054
-3.09393
-3.0973
-3.10068
-3.10406
-3.10743
-3.11079
-3.11415
-3.11751
-3.12087
-3.12421
-3.12755
-3.13089
-3.13423
-3.13756
-3.1409
-3.14423
-3.14755
-3.15087
-3.1542
-3.15751
-3.16082
-3.16413
-3.16744
-3.17075
-3.17405
-3.17734
-3.18063
-3.18393
-3.18721
-3.19048
-3.19376
-3.19704
-3.20031
-3.20359
-3.20685
-3.21012
-3.21338
-3.21664
-3.21989
-3.22314
-3.22639
-3.22964
-3.23288
-3.23611
-3.23935
-3.24258
-3.24581
-3.24904
-3.25227
-3.25549
-3.25871
-3.26193
-3.26514
-3.26836
-3.27157
-3.27478
-3.27799
-3.28119
-3.28439
-3.28759
-3.29079
-3.29398
-3.29716
-3.30035
-3.30354
-3.30673
-3.3099
-3.31308
-3.31625
-3.31942
-3.3226
-3.32576
-3.32893
-3.33209
-3.33526
-3.33841
-3.34157
-3.34472
-3.34788
-3.35104
-3.35418
-3.35733
-3.36047
-3.36362
-3.36675
-3.36989
-3.37302
-3.37616
-3.37929
-3.38241
-3.38554
-3.38867
-3.39179
-3.39491
-3.39803
-3.40115
-3.40427
-3.40738
-3.41049
-3.4136
-3.41671
-3.41982
-3.42292
-3.42602
-3.42912
-3.43222
-3.43532
-3.43841
-3.4415
-3.44459
-3.44768
-3.45077
-3.45385
-3.45694
-3.46003
-3.46311
-3.46619
-3.46927
-3.47234
-3.47542
-3.47849
-3.48156
-3.48463
-3.4877
-3.49077
-3.49383
-3.49689
-3.49995
-3.50302
-3.50608
-3.50914
-3.51219
-3.51525
-3.51831
-3.52136
-3.52441
-3.52746
-3.53051
-3.53355
-3.5366
-3.53964
-3.54268
-3.54572
-3.54877
-3.55181
-3.55484
-3.55788
-3.56092
-3.56395
-3.56698
-3.57002
-3.57305
-3.57608
-3.5791
-3.58213
-3.58516
-3.58818
-3.5912
-3.59422
-3.59725
-3.60027
-3.60329
-3.6063
-3.60932
-3.61233
-3.61535
-3.61836
-3.62137
-3.62438
-3.6274
-3.63041
-3.63341
-3.63642
-3.63943
-3.64244
-3.64544
-3.64844
-3.65144
-3.65444
-3.65744
-3.66044
-3.66344
-3.66643
-3.66943
-3.67243
-3.67542
-3.67842
-3.68141
-3.6844
-3.68739
-3.69038
-3.69337
-3.69636
-3.69935
-3.70233
-3.70532
-3.7083
-3.71129
-3.71427
-3.71725
-3.72023
-3.72322
-3.7262
-3.72918
-3.73215
-3.73513
-3.73811
-3.74109
-3.74406
-3.74704
-3.75001
-3.75299
-3.75596
-3.75893
-3.7619
-3.76487
-3.76784
-3.77081
-3.77378
-3.77675
-3.77971
-3.78268
-3.78565
-3.78861
-3.79157
-3.79454
-3.7975
-3.80046
-3.80342
-3.80638
-3.80935
-3.8123
-3.81526
-3.81822
-3.82118
-3.82414
-3.82709
-3.83005
-3.83301
-3.83596
-3.83892
-3.84187
-3.84483
-3.84778
-3.85073
-3.85368
-3.85663
-3.85958
-3.86253
-3.86548
-3.86843
-3.87138
-3.87433
-3.87727
-3.88022
-3.88316
-3.88611
-3.88906
-3.892
-3.89494
-3.89789
-3.90083
-3.90377
-3.90672
-3.90966
-3.9126
-3.91554
-3.91848
-3.92142
-3.92436
-3.9273
-3.93023
-3.93317
-3.93611
-3.93904
-3.94198
-3.94492
-3.94785
-3.95079
-3.95372
-3.95666
-3.95959
-3.96252
-3.96546
-3.96839
-3.97132
-3.97425
-3.97718
-3.98012
-3.98305
-3.98598
-3.98891
-3.99183
-3.99476
-3.99769
-4.00062
-4.00355
-4.00648
-4.0094
-4.01233
-4.01526
-4.01818
-4.02111
-4.02403
-4.02696
-4.02988
-4.03281
-4.03573
-4.03866
-4.04158
-4.0445
-4.04742
-4.05035
-4.05327
-4.05619
-4.05911
-4.06203
-4.06495
-4.06787
-4.07079
-4.07371
-4.07663
-4.07955
-4.08247
-4.08539
-4.08831
-4.09123
-4.09414
-4.09706
-4.09998
-4.10289
-4.10581
-4.10873
-4.11164
-4.11456
-4.11748
-4.12039
-4.12331
-4.12622
-4.12914
-4.13205
-4.13496
-4.13788
-4.14079
-4.1437
-4.14662
-4.14953
-4.15244
-4.15535
-4.15826
-4.16118
-4.16409
-4.167
-4.16991
-4.17282
-4.17573
-4.17864
-4.18155
-4.18446
-4.18737
-4.19028
-4.19319
-4.19609
-4.199
-4.20191
-4.20481
-4.20772
-4.21063
-4.21353
-4.21644
-4.21935
-4.22225
-4.22516
-4.22806
-4.23097
-4.23387
-4.23677
-4.23968
-4.24258
-4.24548
-4.24839
-4.25129
-4.25419
-4.25709
-4.25999
-4.26289
-4.2658
-4.2687
-4.2716
-4.2745
-4.2774
-4.2803
-4.2832
-4.28609
-4.28899
-4.29189
-4.29479
-4.29769
-4.30059
-4.30348
-4.30638
-4.30928
-4.31217
-4.31507
-4.31796
-4.32086
-4.32375
-4.32665
-4.32954
-4.33244
-4.33533
-4.33823
-4.34112
-4.34401
-4.34691
-4.3498
-4.35269
-4.35558
-4.35847
-4.36136
-4.36426
-4.36715
-4.37004
-4.37293
-4.37582
-4.37871
-4.3816
-4.38448
-4.38737
-4.39026
-4.39315
-4.39604
-4.39893
-4.40181
-4.4047
-4.40759
-4.41047
-4.41336
-4.41624
-4.41913
-4.42201
-4.4249
-4.42778
-4.43067
-4.43355
-4.43643
-4.43932
-4.4422
-4.44508
-4.44797
-4.45085
-4.45373
-4.45661
-4.45949
-4.46237
-4.46525
-4.46813
-4.47101
-4.47389
-4.47677
-4.47965
-4.48253
-4.48541
-4.48829
-4.49117
-4.49404
-4.49692
-4.4998
-4.50267
-4.50555
-4.50843
-4.5113
-4.51418
-4.51705
-4.51993
-4.5228
-4.52568
-4.52855
-4.53142
-4.5343
-4.53717
-4.54004
-4.54291
-4.54578
-4.54865
-4.55152
-4.55439
-4.55726
-4.56013
-4.563
-4.56587
-4.56874
-4.57161
-4.57448
-4.57734
-4.58021
-4.58308
-4.58594
-4.58881
-4.59167
-4.59454
-4.5974
-4.60026
-4.60312
-4.60599
-4.60885
-4.61171
-4.61457
-4.61743
-4.62029
-4.62315
-4.62601
-4.62886
-4.63172
-4.63458
-4.63744
-4.64029
-4.64315
-4.646
-4.64886
-4.65171
-4.65456
-4.65741
-4.66026
-4.66311
-4.66596
-4.66881
-4.67166
-4.67451
-4.67735
-4.6802
-4.68305
-4.68589
-4.68874
-4.69158
-4.69442
-4.69727
-4.70011
-4.70295
-4.70579
-4.70863
-4.71146
-4.7143
-4.71713
-4.71997
-4.7228
-4.72564
-4.72847
-4.7313
-4.73413
-4.73696
-4.73979
-4.74262
-4.74544
-4.74827
-4.7511
-4.75392
-4.75674
-4.75956
-4.76238
-4.7652
-4.76801
-4.77083
-4.77364
-4.77646
-4.77927
-4.78208
-4.78489
-4.7877
-4.79051
-4.79332
-4.79612
-4.79893
-4.80173
-4.80453
-4.80733
-4.81013
-4.81293
-4.81572
-4.81851
-4.82131
-4.8241
-4.82689
-4.82968
-4.83246
-4.83524
-4.83802
-4.84081
-4.84358
-4.84636
-4.84913
-4.85191
-4.85468
-4.85744
-4.86021
-4.86298
-4.86574
-4.8685
-4.87126
-4.87401
-4.87677
-4.87952
-4.88227
-4.88501
-4.88776
-4.89051
-4.89324
-4.89598
-4.89872
-4.90145
-4.90418
-4.90691
-4.90964
-4.91236
-4.91509
-4.91781
-4.92052
-4.92324
-4.92595
-4.92865
-4.93135
-4.93405
-4.93675
-4.93944
-4.94212
-4.9448
-4.94749
-4.95017
-4.95285
-4.95552
-4.95818
-4.96085
-4.96352
-4.96617
-4.96882
-4.97148
-4.97413
-4.97678
-4.97942
-4.98205
-4.98468
-4.98732
-4.98993
-4.99253
-4.99514
-4.99775
-5.00035
-5.00294
-5.00553
-5.00812
-5.0107
-5.01329
-5.01586
-5.01842
-5.02099
-5.02356
-5.0261
-5.02864
-5.03117
-5.03371
-5.03622
-5.03873
-5.04123
-5.04373
-5.04623
-5.04873
-5.05121
-5.05368
-5.05615
-5.05863
-5.06107
-5.06352
-5.06596
-5.0684
-5.07082
-5.07323
-5.07564
-5.07805
-5.08042
-5.08279
-5.08516
-5.08753
-5.0899
-5.09222
-5.09453
-5.09684
-5.09915
-5.10146
-5.10373
-5.106
-5.10826
-5.11053
-5.1128
-5.11501
-5.11722
-5.11943
-5.12164
-5.12378
-5.12591
-5.12805
-5.13018
-5.13231
-5.13438
-5.13646
-5.13853
-5.14061
-5.14268
-5.14469
-5.14671
-5.14872
-5.15073
-5.15275
-5.15467
-5.1566
-5.15853
-5.16046
-5.16229
-5.16413
-5.16597
-5.1678
-5.16956
-5.17129
-5.173
-5.17472
-5.17643
-5.17814
-5.17976
-5.18139
-5.18301
-5.18463
-5.18616
-5.18768
-5.18921
-5.19073
-5.19216
-5.19358
-5.195
-5.19642
-5.19771
-5.19899
-5.20027
-5.20155
-5.20284
-5.20397
-5.20507
-5.20617
-5.20727
-5.20837
-5.20934
-5.21031
-5.21128
-5.21225
-5.21322
-5.21402
-5.21481
-5.21561
-5.21641
-5.21702
-5.2176
-5.21818
-5.21875
-5.21933
-5.21991
-5.22033
-5.22076
-5.22118
-5.2216
-5.22183
-5.22206
-5.22229
-5.22251
-5.22274
-5.22277
-5.22276
-5.22275
-5.22274
-5.22273
-5.22256
-5.2224
-5.22223
-5.22206
-5.22174
-5.22142
-5.2211
-5.22078
-5.22031
-5.21984
-5.21938
-5.21891
-5.21844
-5.2178
-5.21717
-5.21653
-5.21589
-5.21511
-5.21429
-5.21348
-5.21267
-5.21186
-5.21095
-5.21004
-5.20913
-5.20823
-5.20732
-5.20634
-5.20536
-5.20438
-5.20339
-5.20235
-5.20131
-5.20027
-5.19923
-5.19819
-5.19713
-5.19607
-5.195
-5.19394
-5.19288
-5.19184
-5.19079
-5.18975
-5.1887
-5.1877
-5.18669
-5.18569
-5.18469
-5.18374
-5.1828
-5.18186
-5.18092
-5.18008
-5.17924
-5.1784
-5.17756
-5.17672
-5.17601
-5.17532
-5.17463
-5.17394
-5.17326
-5.17268
-5.17211
-5.17154
-5.17096
-5.17051
-5.17006
-5.1696
-5.16915
-5.16885
-5.16855
-5.16826
-5.16796
-5.16766
-5.16751
-5.1674
-5.16729
-5.16717
-5.16706
-5.16707
-5.16707
-5.16708
-5.16709
-5.16709
-5.16722
-5.16734
-5.16747
-5.16759
-5.16786
-5.16812
-5.16839
-5.16865
-5.16902
-5.16944
-5.16986
-5.17028
-5.1707
-5.17119
-5.17168
-5.17217
-5.17266
-5.17316
-5.17376
-5.17436
-5.17496
-5.17557
-5.17617
-5.17687
-5.17758
-5.17828
-5.17898
-5.17977
-5.18057
-5.18136
-5.18215
-5.18294
-5.18381
-5.1847
-5.18558
-5.18647
-5.18735
-5.18829
-5.18923
-5.19017
-5.19111
-5.1921
-5.19309
-5.19407
-5.19506
-5.19605
-5.19708
-5.19812
-5.19916
-5.2002
-5.20128
-5.20236
-5.20345
-5.20454
-5.20562
-5.20674
-5.20785
-5.20896
-5.21007
-5.2112
-5.21234
-5.21347
-5.2146
-5.21573
-5.21688
-5.21802
-5.21917
-5.22031
-5.22147
-5.22263
-5.22378
-5.22494
-5.22609
-5.22725
-5.22841
-5.22957
-5.23072
-5.23187
-5.23302
-5.23417
-5.23532
-5.23647
-5.2376
-5.23874
-5.23988
-5.24101
-5.24215
-5.24326
-5.24438
-5.2455
-5.24662
-5.24773
-5.24882
-5.24991
-5.25099
-5.25208
-5.25313
-5.25417
-5.25522
-5.25627
-5.25727
-5.25825
-5.25924
-5.26023
-5.26122
-5.26216
-5.2631
-5.26404
-5.26498
-5.26592
-5.2668
-5.26769
-5.26858
-5.26947
-5.27028
-5.27109
-5.2719
-5.27271
-5.27352
-5.27425
-5.27496
-5.27567
-5.27637
-5.27708
-5.27771
-5.27834
-5.27897
-5.2796
-5.28014
-5.28069
-5.28123
-5.28178
-5.28232
-5.28275
-5.28318
-5.28361
-5.28404
-5.28434
-5.28461
-5.28489
-5.28516
-5.28544
-5.2856
-5.28576
-5.28592
-5.28609
-5.28625
-5.28629
-5.28634
-5.28638
-5.28642
-5.28631
-5.28619
-5.28608
-5.28597
-5.28585
-5.28557
-5.28529
-5.28501
-5.28473
-5.28428
-5.28382
-5.28333
-5.28284
-5.28235
-5.28186
-5.28123
-5.28059
-5.27996
-5.27933
-5.27855
-5.27777
-5.27699
-5.27622
-5.27526
-5.2743
-5.27335
-5.27239
-5.27144
-5.27031
-5.26915
-5.26798
-5.26682
-5.26566
-5.26437
-5.26308
-5.26179
-5.2605
-5.25922
-5.25778
-5.25635
-5.25492
-5.25348
-5.25193
-5.25036
-5.24878
-5.24721
-5.24564
-5.24399
-5.24235
-5.2407
-5.23906
-5.23741
-5.23572
-5.23403
-5.23233
-5.23064
-5.22892
-5.22719
-5.22547
-5.22375
-5.22203
-5.22031
-5.21858
-5.21686
-5.21516
-5.21348
-5.2118
-5.21012
-5.20845
-5.20677
-5.20515
-5.20353
-5.20191
-5.20029
-5.19875
-5.19721
-5.19567
-5.19412
-5.1927
-5.19127
-5.18985
-5.18842
-5.187
-5.18571
-5.18445
-5.18319
-5.18194
-5.18068
-5.17951
-5.17834
-5.17718
-5.17601
-5.17484
-5.17383
-5.17283
-5.17182
-5.17081
-5.16996
-5.16912
-5.16827
-5.16743
-5.16675
-5.1661
-5.16545
-5.1648
-5.16415
-5.1635
-5.16298
-5.16246
-5.16193
-5.16141
-5.16105
-5.16068
-5.16031
-5.15994
-5.15969
-5.15947
-5.15928
-5.15908
-5.15889
-5.1587
-5.15861
-5.15852
-5.15844
-5.15835
-5.15827
-5.1583
-5.15834
-5.15838
-5.15842
-5.15857
-5.15872
-5.15887
-5.15903
-5.15918
-5.15943
-5.1597
-5.15997
-5.16024
-5.16052
-5.16086
-5.1612
-5.16154
-5.16188
-5.16229
-5.1627
-5.1631
-5.16351
-5.16391
-5.16438
-5.16484
-5.1653
-5.16576
-5.16629
-5.16681
-5.16734
-5.16786
-5.16839
-5.16896
-5.16954
-5.17011
-5.17069
-5.17131
-5.17193
-5.17256
-5.17319
-5.17381
-5.17447
-5.17512
-5.17577
-5.17642
-5.17708
-5.17775
-5.17842
-5.1791
-5.17977
-5.18046
-5.18115
-5.18183
-5.18252
-5.18322
-5.18392
-5.18462
-5.18532
-5.18602
-5.18673
-5.18743
-5.18813
-5.18883
-5.18953
-5.19022
-5.19092
-5.19161
-5.19231
-5.19299
-5.19367
-5.19435
-5.19504
-5.19572
-5.19638
-5.19705
-5.19771
-5.19838
-5.19901
-5.19965
-5.20028
-5.20091
-5.20152
-5.20211
-5.2027
-5.20329
-5.20387
-5.20446
-5.20501
-5.20556
-5.20611
-5.20666
-5.20716
-5.20767
-5.20817
-5.20867
-5.20912
-5.20956
-5.21
-5.21044
-5.21088
-5.21126
-5.21161
-5.21197
-5.21232
-5.21268
-5.21297
-5.21326
-5.21355
-5.21384
-5.21414
-5.21436
-5.21458
-5.2148
-5.21502
-5.21515
-5.21528
-5.21541
-5.21553
-5.21566
-5.21569
-5.21571
-5.21574
-5.21576
-5.21568
-5.21557
-5.21547
-5.21536
-5.21526
-5.21506
-5.21486
-5.21466
-5.21447
-5.21427
-5.21397
-5.21368
-5.21339
-5.21309
-5.21268
-5.21226
-5.21184
-5.21143
-5.21101
-5.21047
-5.20992
-5.20938
-5.20884
-5.2082
-5.20753
-5.20683
-5.20614
-5.20545
-5.20475
-5.20396
-5.20317
-5.20238
-5.20159
-5.20067
-5.19976
-5.19885
-5.19794
-5.19703
-5.196
-5.19498
-5.19395
-5.19293
-5.19182
-5.1907
-5.18955
-5.1884
-5.18726
-5.18611
-5.1849
-5.18368
-5.18247
-5.18125
-5.17997
-5.1787
-5.17742
-5.17614
-5.17487
-5.17353
-5.17219
-5.17086
-5.16952
-5.16814
-5.16676
-5.16538
-5.164
-5.16261
-5.16123
-5.15984
-5.15844
-5.15704
-5.15565
-5.15425
-5.15286
-5.15146
-5.15006
-5.14867
-5.1473
-5.14592
-5.14455
-5.14317
-5.14183
-5.14051
-5.13919
-5.13787
-5.13654
-5.13522
-5.13395
-5.13268
-5.1314
-5.13013
-5.12892
-5.1277
-5.12649
-5.12528
-5.12413
-5.12299
-5.12184
-5.12069
-5.11955
-5.1185
-5.11745
-5.1164
-5.11535
-5.11441
-5.11346
-5.11252
-5.11157
-5.11063
-5.10981
-5.109
-5.10819
-5.10738
-5.10656
-5.10584
-5.10512
-5.1044
-5.10368
-5.10305
-5.10242
-5.10179
-5.10116
-5.10064
-5.10013
-5.09961
-5.09909
-5.09857
-5.09817
-5.09778
-5.09739
-5.09701
-5.09662
-5.09632
-5.09601
-5.09571
-5.09541
-5.09518
-5.09496
-5.09474
-5.09451
-5.09429
-5.09416
-5.09403
-5.0939
-5.09377
-5.09372
-5.0937
-5.09367
-5.09364
-5.09361
-5.09365
-5.09368
-5.09371
-5.09375
-5.09378
-5.09387
-5.09396
-5.09406
-5.09415
-5.0943
-5.09446
-5.09462
-5.09477
-5.09497
-5.09519
-5.09541
-5.09563
-5.09586
-5.09608
-5.09634
-5.0966
-5.09686
-5.09713
-5.09739
-5.09769
-5.09799
-5.09829
-5.0986
-5.09893
-5.09927
-5.09962
-5.09996
-5.1003
-5.10066
-5.10102
-5.10138
-5.10174
-5.10212
-5.10249
-5.10287
-5.10325
-5.10362
-5.10401
-5.10439
-5.10478
-5.10516
-5.10556
-5.10595
-5.10634
-5.10673
-5.10712
-5.10751
-5.1079
-5.10829
-5.10868
-5.10907
-5.10944
-5.10982
-5.1102
-5.11058
-5.11096
-5.11132
-5.11169
-5.11206
-5.11242
-5.11277
-5.11312
-5.11346
-5.11381
-5.11416
-5.11448
-5.1148
-5.11511
-5.11543
-5.11572
-5.116
-5.11628
-5.11657
-5.11681
-5.11705
-5.11728
-5.11752
-5.11775
-5.11794
-5.11814
-5.11833
-5.11852
-5.11872
-5.11887
-5.11902
-5.11917
-5.11932
-5.11941
-5.1195
-5.11959
-5.11969
-5.11978
-5.1198
-5.11982
-5.11983
-5.11984
-5.11986
-5.11982
-5.11977
-5.11973
-5.11969
-5.11965
-5.11953
-5.11941
-5.1193
-5.11918
-5.11899
-5.11878
-5.11857
-5.11836
-5.11815
-5.11788
-5.1176
-5.11733
-5.11706
-5.11678
-5.11644
-5.11611
-5.11577
-5.11543
-5.11501
-5.11459
-5.11417
-5.11375
-5.11333
-5.11283
-5.11232
-5.1118
-5.11129
-5.11077
-5.1102
-5.10962
-5.10904
-5.10847
-5.10783
-5.10719
-5.10656
-5.10592
-5.10522
-5.10451
-5.1038
-5.1031
-5.10239
-5.10162
-5.10084
-5.10006
-5.09928
-5.0985
-5.09767
-5.09685
-5.09602
-5.0952
-5.09437
-5.0935
-5.09263
-5.09176
-5.09089
-5.08998
-5.08907
-5.08816
-5.08724
-5.08633
-5.08541
-5.08447
-5.08354
-5.0826
-5.08166
-5.08071
-5.07977
-5.07882
-5.07787
-5.07691
-5.07595
-5.075
-5.07404
-5.07309
-5.07214
-5.07119
-5.07024
-5.0693
-5.06835
-5.06742
-5.06649
-5.06556
-5.06462
-5.06369
-5.06278
-5.06187
-5.06096
-5.06005
-5.05918
-5.05831
-5.05744
-5.05657
-5.05574
-5.05492
-5.05409
-5.05327
-5.05244
-5.05167
-5.05092
-5.05016
-5.04941
-5.04865
-5.04789
-5.04719
-5.04649
-5.04578
-5.04508
-5.04445
-5.04381
-5.04318
-5.04255
-5.04191
-5.04136
-5.0408
-5.04024
-5.03969
-5.03919
-5.03873
-5.03827
-5.03781
-5.03735
-5.03696
-5.03657
-5.03617
-5.03578
-5.03538
-5.03506
-5.03473
-5.0344
-5.03408
-5.03383
-5.03359
-5.03334
-5.0331
-5.03286
-5.03269
-5.03255
-5.0324
-5.03225
-5.03211
-5.03202
-5.03194
-5.03186
-5.03177
-5.03175
-5.03173
-5.03171
-5.03168
-5.03166
-5.03171
-5.03176
-5.03181
-5.03186
-5.03198
-5.03211
-5.03224
-5.03238
-5.03251
-5.03264
-5.03282
-5.03301
-5.03319
-5.03337
-5.03361
-5.03386
-5.0341
-5.03434
-5.03463
-5.03493
-5.03523
-5.03554
-5.03585
-5.03616
-5.03651
-5.03685
-5.0372
-5.03755
-5.03794
-5.03832
-5.03871
-5.03909
-5.03952
-5.03994
-5.04037
-5.0408
-5.04122
-5.04169
-5.04216
-5.04263
-5.0431
-5.04357
-5.04406
-5.04455
-5.04505
-5.04554
-5.04604
-5.04655
-5.04707
-5.04759
-5.0481
-5.04864
-5.04918
-5.04972
-5.05026
-5.05081
-5.05137
-5.05193
-5.05249
-5.05305
-5.05361
-5.05417
-5.05474
-5.05531
-5.05588
-5.05646
-5.05703
-5.05761
-5.05818
-5.05877
-5.05935
-5.05993
-5.06051
-5.06109
-5.06167
-5.06225
-5.06283
-5.06341
-5.06399
-5.06457
-5.06515
-5.06573
-5.06631
-5.06688
-5.06745
-5.06802
-5.0686
-5.06917
-5.06973
-5.07029
-5.07086
-5.07142
-5.07197
-5.07252
-5.07307
-5.07362
-5.07417
-5.07471
-5.07524
-5.07577
-5.0763
-5.07683
-5.07735
-5.07787
-5.07838
-5.0789
-5.0794
-5.07991
-5.08041
-5.08091
-5.0814
-5.08188
-5.08237
-5.08286
-5.08334
-5.08381
-5.08427
-5.08474
-5.0852
-5.08565
-5.08609
-5.08653
-5.08697
-5.08741
-5.08785
-5.08827
-5.0887
-5.08912
-5.08955
-5.08995
-5.09036
-5.09077
-5.09118
-5.09157
-5.09196
-5.09235
-5.09274
-5.09313
-5.0935
-5.09387
-5.09424
-5.09461
-5.09498
-5.09534
-5.0957
-5.09606
-5.09642
-5.09678
-5.09713
-5.09748
-5.09782
-5.09817
-5.09852
-5.09886
-5.0992
-5.09954
-5.09988
-5.10022
-5.10056
-5.1009
-5.10124
-5.10158
-5.10192
-5.10226
-5.1026
-5.10294
-5.10328
-5.10363
-5.10398
-5.10433
-5.10467
-5.10503
-5.10539
-5.10575
-5.10611
-5.10649
-5.10687
-5.10725
-5.10763
-5.10801
-5.10839
-5.10879
-5.10919
-5.10959
-5.10999
-5.11042
-5.11085
-5.11128
-5.11171
-5.11214
-5.1126
-5.11307
-5.11353
-5.11399
-5.11449
-5.11499
-5.11551
-5.11602
-5.11653
-5.11705
-5.1176
-5.11815
-5.11869
-5.11924
-5.11983
-5.12042
-5.12101
-5.1216
-5.12219
-5.12284
-5.12348
-5.12413
-5.12477
-5.12547
-5.12618
-5.12688
-5.12758
-5.12829
-5.12905
-5.12983
-5.13061
-5.13138
-5.13216
-5.13299
-5.13382
-5.13465
-5.13548
-5.13631
-5.1372
-5.13808
-5.13896
-5.13985
-5.1408
-5.14176
-5.14271
-5.14366
-5.14469
-5.14573
-5.14677
-5.14781
-5.14885
-5.14994
-5.15104
-5.15214
-5.15323
-5.15439
-5.15554
-5.1567
-5.15785
-5.15901
-5.16024
-5.16146
-5.16269
-5.16392
-5.16522
-5.16653
-5.16785
-5.16916
-5.17047
-5.17185
-5.17322
-5.17459
-5.17596
-5.17733
-5.17876
-5.18019
-5.18161
-5.18304
-5.18452
-5.18601
-5.18749
-5.18897
-5.19046
-5.19201
-5.19356
-5.19511
-5.19666
-5.19828
-5.1999
-5.20151
-5.20313
-5.20481
-5.20651
-5.2082
-5.2099
-5.21159
-5.21334
-5.21509
-5.21683
-5.21858
-5.22032
-5.22212
-5.22391
-5.22571
-5.2275
-5.22934
-5.23119
-5.23303
-5.23487
-5.23677
-5.23868
-5.24058
-5.24248
-5.24443
-5.24638
-5.24835
-5.25032
-5.25229
-5.25426
-5.25627
-5.25829
-5.2603
-5.26231
-5.26437
-5.26643
-5.26848
-5.27054
-5.27265
-5.27475
-5.27686
-5.27897
-5.28108
-5.28324
-5.28541
-5.28757
-5.28974
-5.29191
-5.29412
-5.29632
-5.29853
-5.30074
-5.30298
-5.30523
-5.30747
-5.30972
-5.31196
-5.31425
-5.31653
-5.31881
-5.32109
-5.32342
-5.32575
-5.32808
-5.33041
-5.33278
-5.33516
-5.33754
-5.33992
-5.3423
-5.34472
-5.34714
-5.34955
-5.35197
-5.35438
-5.35683
-5.35928
-5.36173
-5.36418
-5.36668
-5.36917
-5.37166
-5.37415
-5.37668
-5.37921
-5.38175
-5.3843
-5.38684
-5.38938
-5.39195
-5.39453
-5.3971
-5.39968
-5.40229
-5.40489
-5.4075
-5.41011
-5.41271
-5.41536
-5.41801
-5.42066
-5.4233
-5.42599
-5.42869
-5.43138
-5.43408
-5.43677
-5.4395
-5.44222
-5.44495
-5.44768
-5.45041
-5.45317
-5.45594
-5.4587
-5.46147
-5.46427
-5.46708
-5.4699
-5.47271
-5.47552
-5.47834
-5.48118
-5.48403
-5.48687
-5.48972
-5.49259
-5.49547
-5.49835
-5.50122
-5.50414
-5.50706
-5.50997
-5.51289
-5.5158
-5.51876
-5.52172
-5.52469
-5.52765
-5.53061
-5.53361
-5.5366
-5.5396
-5.54259
-5.54559
-5.54862
-5.55166
-5.55469
-5.55773
-5.5608
-5.56388
-5.56697
-5.57005
-5.57313
-5.57625
-5.57936
-5.58248
-5.58559
-5.58871
-5.59186
-5.595
-5.59815
-5.6013
-5.60449
-5.60767
-5.61086
-5.61405
-5.61727
-5.6205
-5.62373
-5.62697
-5.6302
-5.63344
-5.63671
-5.63998
-5.64324
-5.64651
-5.64981
-5.65311
-5.65641
-5.65971
-5.66305
-5.66639
-5.66973
-5.67307
-5.67641
-5.67979
-5.68318
-5.68656
-5.68995
-5.69334
-5.69676
-5.70018
-5.70359
-5.70701
-5.71046
-5.71391
-5.71736
-5.72081
-5.72426
-5.72775
-5.73123
-5.73472
-5.73821
-5.74173
-5.74526
-5.74879
-5.75232
-5.75585
-5.75939
-5.76295
-5.76651
-5.77006
-5.77362
-5.77718
-5.78078
-5.78437
-5.78797
-5.79156
-5.79519
-5.79882
-5.80244
-5.80607
-5.80973
-5.81339
-5.81705
-5.82072
-5.82439
-5.82806
-5.83175
-5.83544
-5.83913
-5.84282
-5.84655
-5.85027
-5.85399
-5.85771
-5.86143
-5.86519
-5.86894
-5.8727
-5.87646
-5.88021
-5.88399
-5.88776
-5.89154
-5.89531
-5.89908
-5.90288
-5.90668
-5.91049
-5.91429
-5.91811
-5.92194
-5.92576
-5.92959
-5.93342
-5.93727
-5.94112
-5.94497
-5.94882
-5.95269
-5.95657
-5.96045
-5.96433
-5.9682
-5.9721
-5.976
-5.97989
-5.98379
-5.98768
-5.99159
-5.9955
-5.99942
-6.00333
-6.00726
-6.01118
-6.01511
-6.01904
-6.02296
-6.02691
-6.03086
-6.0348
-6.03875
-6.04271
-6.04667
-6.05064
-6.0546
-6.05857
-6.0664
-6.07423
-6.08205
-6.08988
-6.09759
-6.10531
-6.11302
-6.12074
-6.12834
-6.13594
-6.14354
-6.15114
-6.15874
-6.1662
-6.17365
-6.1811
-6.18855
-6.19585
-6.20314
-6.21043
-6.21772
-6.22487
-6.23198
-6.23906
-6.24613
-6.25321
-6.26028
-6.2672
-6.27411
-6.28103
-6.28794
-6.29486
-6.30156
-6.30826
-6.31496
-6.32166
-6.32813
-6.33455
-6.34098
-6.3474
-6.35383
-6.36006
-6.36629
-6.37253
-6.37876
-6.3848
-6.39084
-6.39688
-6.40292
-6.40896
-6.4148
-6.42064
-6.42648
-6.43232
-6.43791
-6.44351
-6.4491
-6.45469
-6.46028
-6.46563
-6.47097
-6.47632
-6.48166
-6.487
-6.4921
-6.49719
-6.50229
-6.50738
-6.51223
-6.51707
-6.52192
-6.52676
-6.53161
-6.53621
-6.54076
-6.5453
-6.54985
-6.5544
-6.55875
-6.5631
-6.56745
-6.57181
-6.57596
-6.58012
-6.58427
-6.58843
-6.59258
-6.5965
-6.60041
-6.60432
-6.60824
-6.61191
-6.61558
-6.61926
-6.62293
-6.62661
-6.63005
-6.63348
-6.63692
-6.64036
-6.64362
-6.64683
-6.64999
-6.65315
-6.65631
-6.65948
-6.66246
-6.66544
-6.66842
-6.67141
-6.67421
-6.67702
-6.67982
-6.68263
-6.68544
-6.68803
-6.69062
-6.69321
-6.6958
-6.69818
-6.70053
-6.70287
-6.70521
-6.70755
-6.70974
-6.71192
-6.7141
-6.71628
-6.71831
-6.72034
-6.72237
-6.7244
-6.72643
-6.72827
-6.73011
-6.73196
-6.7338
-6.73547
-6.7371
-6.73873
-6.74037
-6.742
-6.74363
-6.74514
-6.74664
-6.74814
-6.74964
-6.75102
-6.75239
-6.75377
-6.75514
-6.75637
-6.7576
-6.75883
-6.76006
-6.76118
-6.76227
-6.76333
-6.7644
-6.76546
-6.76653
-6.7675
-6.76846
-6.76943
-6.77039
-6.77127
-6.77214
-6.77301
-6.77388
-6.77465
-6.77542
-6.77619
-6.77695
-6.77764
-6.77832
-6.77897
-6.77962
-6.78028
-6.78093
-6.78152
-6.78211
-6.7827
-6.78328
-6.78387
-6.7844
-6.78493
-6.78546
-6.78599
-6.78645
-6.78691
-6.78737
-6.78784
-6.7883
-6.78871
-6.78912
-6.78953
-6.78993
-6.7903
-6.79065
-6.79101
-6.79137
-6.79172
-6.79205
-6.79238
-6.7927
-6.79303
-6.79334
-6.79364
-6.79395
-6.79426
-6.79456
-6.79485
-6.79514
-6.79543
-6.79572
-6.79599
-6.79627
-6.79655
-6.79682
-6.79709
-6.79736
-6.79763
-6.7979
-6.79817
-6.79845
-6.79872
-6.79899
-6.79926
-6.79954
-6.79982
-6.80009
-6.80037
-6.80066
-6.80095
-6.80123
-6.80152
-6.80181
-6.80212
-6.80242
-6.80273
-6.80304
-6.80337
-6.8037
-6.80404
-6.80438
-6.80471
-6.80507
-6.80543
-6.80579
-6.80615
-6.8065
-6.80689
-6.80727
-6.80766
-6.80804
-6.80842
-6.80884
-6.80926
-6.80968
-6.8101
-6.81056
-6.81101
-6.81147
-6.81193
-6.81242
-6.81291
-6.81342
-6.81392
-6.81443
-6.81493
-6.81547
-6.81601
-6.81655
-6.81709
-6.81762
-6.81821
-6.81879
-6.81937
-6.81995
-6.82057
-6.8212
-6.82182
-6.82245
-6.82311
-6.82378
-6.82446
-6.82513
-6.82581
-6.82649
-6.8272
-6.82791
-6.82863
-6.82934
-6.83005
-6.8308
-6.83154
-6.83229
-6.83304
-6.83383
-6.83461
-6.8354
-6.83619
-6.83702
-6.83785
-6.83869
-6.83953
-6.84036
-6.84123
-6.84209
-6.84296
-6.84383
-6.84469
-6.84559
-6.84648
-6.84737
-6.84827
-6.8492
-6.85012
-6.85105
-6.85198
-6.85293
-6.85389
-6.85485
-6.85581
-6.85678
-6.85774
-6.85872
-6.85971
-6.86069
-6.86168
-6.86268
-6.86368
-6.86469
-6.86569
-6.86672
-6.86774
-6.86876
-6.86979
-6.87081
-6.87185
-6.8729
-6.87394
-6.87498
-6.87603
-6.87708
-6.87813
-6.87919
-6.88024
-6.8813
-6.88236
-6.88342
-6.88448
-6.88555
-6.88661
-6.88768
-6.88875
-6.88981
-6.89088
-6.89195
-6.89302
-6.89409
-6.89515
-6.89622
-6.89729
-6.89835
-6.89942
-6.90049
-6.90155
-6.90261
-6.90367
-6.90473
-6.90579
-6.90684
-6.9079
-6.90895
-6.90999
-6.91104
-6.91208
-6.91312
-6.91416
-6.91519
-6.91622
-6.91724
-6.91827
-6.91928
-6.92028
-6.92128
-6.92228
-6.92329
-6.92427
-6.92526
-6.92624
-6.92722
-6.92821
-6.92917
-6.93013
-6.9311
-6.93206
-6.933
-6.93395
-6.93489
-6.93583
-6.93674
-6.93765
-6.93856
-6.93947
-6.94036
-6.94123
-6.94211
-6.94298
-6.94385
-6.94472
-6.94556
-6.94641
-6.94725
-6.94809
-6.9489
-6.94971
-6.95051
-6.95132
-6.95212
-6.95289
-6.95365
-6.95441
-6.95517
-6.95593
-6.95666
-6.95738
-6.95811
-6.95884
-6.95953
-6.96022
-6.96091
-6.96161
-6.9623
-6.96296
-6.96362
-6.96428
-6.96494
-6.96555
-6.96616
-6.96678
-6.96739
-6.96796
-6.96852
-6.96909
-6.96965
-6.97021
-6.97073
-6.97126
-6.97178
-6.97231
-6.97283
-6.97332
-6.97381
-6.97429
-6.97478
-6.97522
-6.97567
-6.97611
-6.97655
-6.97699
-6.97739
-6.97778
-6.97816
-6.97855
-6.97894
-6.97929
-6.97964
-6.97999
-6.98034
-6.98066
-6.98097
-6.98129
-6.9816
-6.98187
-6.98214
-6.98242
-6.98269
-6.98296
-6.98319
-6.98341
-6.98363
-6.98384
-6.98406
-6.98425
-6.98444
-6.98462
-6.98481
-6.98496
-6.98512
-6.98527
-6.98543
-6.98558
-6.9857
-6.98581
-6.98593
-6.98604
-6.98612
-6.98619
-6.98627
-6.98634
-6.98641
-6.98648
-6.98653
-6.98657
-6.98661
-6.98666
-6.98667
-6.98668
-6.98669
-6.9867
-6.98671
-6.98669
-6.98667
-6.98664
-6.98662
-6.9866
-6.98655
-6.9865
-6.98645
-6.98641
-6.98636
-6.98629
-6.98621
-6.98614
-6.98607
-6.98599
-6.9859
-6.9858
-6.98571
-6.98561
-6.98549
-6.98537
-6.98525
-6.98513
-6.98501
-6.98489
-6.98475
-6.98462
-6.98448
-6.98435
-6.9842
-6.98405
-6.9839
-6.98375
-6.98359
-6.98343
-6.98326
-6.9831
-6.98293
-6.98277
-6.98259
-6.98242
-6.98224
-6.98207
-6.98189
-6.98171
-6.98152
-6.98134
-6.98116
-6.98097
-6.98078
-6.9806
-6.98041
-6.98022
-6.98002
-6.97983
-6.97964
-6.97945
-6.97926
-6.97906
-6.97887
-6.97868
-6.97849
-6.97829
-6.9781
-6.97791
-6.97772
-6.97753
-6.97733
-6.97714
-6.97695
-6.97676
-6.97658
-6.97639
-6.9762
-6.97602
-6.97583
-6.97565
-6.97547
-6.97529
-6.97512
-6.97494
-6.97477
-6.9746
-6.97442
-6.97425
-6.97409
-6.97392
-6.97375
-6.97359
-6.97343
-6.97327
-6.97311
-6.97296
-6.97281
-6.97267
-6.97253
-6.97238
-6.97224
-6.97211
-6.97198
-6.97184
-6.97171
-6.97159
-6.97147
-6.97135
-6.97122
-6.9711
-6.971
-6.97089
-6.97078
-6.97067
-6.97058
-6.97049
-6.9704
-6.97031
-6.97022
-6.97014
-6.97007
-6.97
-6.96992
-6.96985
-6.96979
-6.96973
-6.96968
-6.96962
-6.96956
-6.96952
-6.96947
-6.96943
-6.96939
-6.96935
-6.96932
-6.9693
-6.96927
-6.96925
-6.96924
-6.96924
-6.96923
-6.96923
-6.96922
-6.96922
-6.96923
-6.96924
-6.96925
-6.96926
-6.96928
-6.9693
-6.96933
-6.96935
-6.96939
-6.96943
-6.96947
-6.96951
-6.96956
-6.96962
-6.96967
-6.96973
-6.96979
-6.96985
-6.96992
-6.96999
-6.97007
-6.97014
-6.97021
-6.9703
-6.97038
-6.97047
-6.97055
-6.97066
-6.97076
-6.97086
-6.97097
-6.97107
-6.97118
-6.9713
-6.97141
-6.97153
-6.97164
-6.97176
-6.97189
-6.97201
-6.97214
-6.97227
-6.97241
-6.97254
-6.97268
-6.97282
-6.97296
-6.97311
-6.97326
-6.9734
-6.97356
-6.97372
-6.97388
-6.97403
-6.97419
-6.97436
-6.97452
-6.97469
-6.97485
-6.97502
-6.97519
-6.97536
-6.97553
-6.9757
-6.97588
-6.97606
-6.97623
-6.97641
-6.97659
-6.97677
-6.97695
-6.97714
-6.97732
-6.97751
-6.97769
-6.97788
-6.97807
-6.97826
-6.97845
-6.97864
-6.97883
-6.97902
-6.97921
-6.9794
-6.97959
-6.97978
-6.97998
-6.98017
-6.98036
-6.98055
-6.98075
-6.98094
-6.98113
-6.98132
-6.98152
-6.98171
-6.9819
-6.98209
-6.98228
-6.98248
-6.98267
-6.98286
-6.98305
-6.98324
-6.98342
-6.98361
-6.9838
-6.98398
-6.98417
-6.98436
-6.98454
-6.98472
-6.98491
-6.98509
-6.98527
-6.98545
-6.98563
-6.98581
-6.98598
-6.98615
-6.98633
-6.9865
-6.98667
-6.98684
-6.98701
-6.98717
-6.98734
-6.98751
-6.98767
-6.98783
-6.98799
-6.98815
-6.98831
-6.98846
-6.98862
-6.98877
-6.98893
-6.98908
-6.98922
-6.98937
-6.98952
-6.98966
-6.98979
-6.98993
-6.99007
-6.9902
-6.99033
-6.99046
-6.99059
-6.99072
-6.99085
-6.99097
-6.9911
-6.99122
-6.99134
-6.99145
-6.99156
-6.99168
-6.99179
-6.99189
-6.99199
-6.99209
-6.9922
-6.9923
-6.99239
-6.99248
-6.99257
-6.99266
-6.99275
-6.99284
-6.99292
-6.993
-6.99309
-6.99317
-6.99324
-6.99331
-6.99338
-6.99345
-6.99352
-6.99358
-6.99364
-6.99369
-6.99375
-6.99381
-6.99386
-6.99391
-6.99396
-6.99401
-6.99406
-6.9941
-6.99414
-6.99418
-6.99423
-6.99426
-6.99429
-6.99432
-6.99436
-6.99438
-6.9944
-6.99442
-6.99444
-6.99446
-6.99448
-6.99449
-6.99451
-6.99452
-6.99453
-6.99453
-6.99454
-6.99454
-6.99455
-6.99455
-6.99454
-6.99454
-6.99453
-6.99453
-6.99452
-6.99451
-6.99449
-6.99448
-6.99447
-6.99445
-6.99443
-6.99441
-6.99439
-6.99436
-6.99434
-6.99431
-6.99429
-6.99426
-6.99423
-6.99419
-6.99416
-6.99413
-6.99409
