0
-0.307694
-0.278401
-0.251897
-0.227917
-0.206219
-0.186588
-0.168825
-0.152753
-0.138211
-0.125053
-0.113148
-0.102382
-0.092635
-0.0838161
-0.0758369
-0.0686253
-0.0620922
-0.056181
-0.0508326
-0.0459933
-0.0416269
-0.037664
-0.0340784
-0.0308341
-0.0279118
-0.0252546
-0.0228504
-0.020675
-0.0187177
-0.0169386
-0.0153289
-0.0138696
-0.0125492
-0.0113545
-0.0102853
-0.00930615
-0.0084202
-0.0076186
-0.00690797
-0.00625033
-0.0056553
-0.00511691
-0.00462978
-0.00420324
-0.00380587
-0.00344355
-0.00311573
-0.00281911
-0.00256175
-0.00231787
-0.00209721
-0.00189756
-0.00171691
-0.00156416
-0.00141525
-0.00128052
-0.00115861
-0.00106099
-0.000959981
-0.000868591
-0.000785901
-0.000720672
-0.000656657
-0.000594143
-0.000537581
-0.000486403
-0.000440098
-0.000407012
-0.000368265
-0.000333206
-0.000301485
-0.000283171
-0.000256213
-0.000231821
-0.000209752
-0.000189784
-0.000181304
-0.000165864
-0.000150074
-0.000135787
-0.00012286
-0.000118148
-0.000106901
-9.67237e-05
-8.75156e-05
-7.91841e-05
-7.98028e-05
-7.22056e-05
-6.53316e-05
-5.9112e-05
-6.09146e-05
-5.51155e-05
-4.98685e-05
-4.5121e-05
-4.08255e-05
-4.37011e-05
-3.95407e-05
-3.57765e-05
-3.23705e-05
-3.4237e-05
-3.21501e-05
-3.02412e-05
-2.73622e-05
-2.47574e-05
-2.24005e-05
-2.35759e-05
-2.13315e-05
-1.93007e-05
-1.74633e-05
-2.07645e-05
-1.87877e-05
-1.69991e-05
-1.53808e-05
-1.81159e-05
-1.71674e-05
-1.5533e-05
-1.40543e-05
-1.27163e-05
-1.15057e-05
1.30917e-05
1.18454e-05
1.07177e-05
9.69739e-06
4.53377e-05
4.10216e-05
3.71163e-05
3.35829e-05
6.23294e-05
6.475e-05
6.70912e-05
6.07041e-05
5.49251e-05
4.96962e-05
8.05129e-05
7.28481e-05
6.59129e-05
5.9638e-05
9.2115e-05
8.33456e-05
7.54111e-05
6.8232e-05
0.000102609
9.28408e-05
8.40023e-05
7.60053e-05
6.87696e-05
0.000117299
0.000106133
9.60287e-05
8.68868e-05
7.86152e-05
0.000130839
0.000118383
0.000107113
9.69156e-05
0.00015223
0.00015125
0.000136851
0.000123823
0.000112035
0.000157537
0.000142539
0.000128969
0.000116692
0.000165188
0.000149462
0.000135233
0.000122359
0.00011071
0.000179908
0.000162781
0.000147284
0.000133262
0.000206351
0.000204615
0.000185136
0.000167511
0.000151564
0.000211423
0.000191295
0.000173084
0.000156606
0.000141697
0.000206847
0.000187155
0.000169338
0.000153217
0.000243283
0.000220123
0.000199167
0.000180206
0.000163051
0.000259534
0.000258139
0.000233564
0.000211329
0.000191211
0.000269378
0.000243733
0.000220529
0.000199535
0.00028202
0.000255172
0.00023088
0.0002089
0.00029576
0.000267604
0.000242128
0.000219077
0.000198221
0.000320502
0.00028999
0.000262383
0.000237404
0.000364675
0.000329958
0.000298546
0.000270125
0.000370802
0.000368027
0.000365886
0.000331054
0.000299538
0.000271022
0.000380697
0.000344454
0.000311662
0.000281992
0.000397027
0.00035923
0.000325032
0.000294089
0.000266091
0.000427515
0.000386815
0.000349991
0.000316671
0.00048423
0.000438131
0.000396421
0.000358682
0.000491058
0.000487126
0.000484059
0.000437977
0.000396281
0.000358555
0.000502575
0.00045473
0.00041144
0.000372271
0.000336831
0.00049109
0.000444338
0.000402037
0.000363763
0.000574147
0.000519488
0.000470033
0.000425286
0.000643973
0.000636285
0.000575711
0.000520903
0.000471313
0.00064697
0.000585378
0.00052965
0.000479228
0.000433605
0.000622861
0.000563564
0.000509913
0.000461369
0.000720273
0.000651703
0.000589661
0.000533525
0.000482734
0.000756769
0.000684724
0.000619539
0.000560559
0.000507193
0.000797012
0.000721137
0.000652485
0.000590368
0.000891595
0.000880643
0.000796806
0.00072095
0.000652315
0.000894375
0.000809231
0.000732192
0.000662487
0.000599418
0.000860638
0.000778706
0.000704573
0.000637497
0.000909942
0.000823316
0.000744936
0.000674018
0.00104829
0.000948496
0.000858199
0.000776499
0.00107192
0.00106489
0.00105962
0.000958744
0.000867472
0.000784889
0.00110585
0.00100057
0.000905315
0.000819129
0.00115557
0.00104556
0.000946027
0.000855965
0.00120867
0.00109361
0.000989495
0.000895295
0.000810063
0.00130511
0.00118087
0.00106845
0.000966733
0.00148156
0.00134052
0.0012129
0.00109743
0.00150486
0.0014934
0.00148461
0.00134327
0.00121539
0.00109969
0.00154484
0.00139777
0.00126471
0.00114431
0.0017619
0.00159417
0.0014424
0.00130508
0.00118084
0.00184284
0.00182843
0.00165436
0.00149687
0.00135437
0.00189127
0.00171122
0.00154831
0.00140091
0.00196977
0.00178224
0.00161257
0.00145906
0.00132016
0.00193508
0.00175086
0.00158418
0.00143336
0.00227914
0.00206217
0.00186585
0.00168822
0.00257499
0.00232985
0.00210805
0.00190736
0.00172578
0.00267658
0.00265313
0.00240055
0.00217202
0.00196524
0.0027321
0.002472
0.00223667
0.00202373
0.00183108
0.00265766
0.00240465
0.00217573
0.0019686
0.00310225
0.00280692
0.0025397
0.00229792
0.00207916
0.00328635
0.00297349
0.00269041
0.00243429
0.00369941
0.00365817
0.00330991
0.00299481
0.0027097
0.00373532
0.00337972
0.00305797
0.00276685
0.00250345
0.00361417
0.0032701
0.00295879
0.00267711
0.00383944
0.00347393
0.00314321
0.00284398
0.00444584
0.00402259
0.00363964
0.00329315
0.00297964
0.00468841
0.0046557
0.00421248
0.00381145
0.0034486
0.00482752
0.00436794
0.00395211
0.00357587
0.00323545
0.00518548
0.00469182
0.00424516
0.00384102
0.00587922
0.00581851
0.00526459
0.0047634
0.00430992
0.00595851
0.00539126
0.00487802
0.00441363
0.00615565
0.00556964
0.00503941
0.00455966
0.00412558
0.00658446
0.00595762
0.00539045
0.00487728
0.00743306
0.00734994
0.00665023
0.00601713
0.0054443
0.00749294
0.00677961
0.00613419
0.00555021
0.00502183
0.00722003
0.00653269
0.00591078
0.00534807
0.00762154
0.00689597
0.00623947
0.00564548
0.00872985
0.00789877
0.00714681
0.00646643
0.00885783
0.00878089
0.00871693
0.00788707
0.00713622
0.00645686
0.00898396
0.00812869
0.00735484
0.00665466
0.00602113
0.00948425
0.00858135
0.00776441
0.00702524
0.0104864
0.0103222
0.00933949
0.00845037
0.00764589
0.0102712
0.00929339
0.00840866
0.00760816
0.0102471
0.0092716
0.00838894
0.00759032
0.00686772
0.00955963
0.00864955
0.00782611
0.00708107
0.0105122
0.00951144
0.00860595
0.00778666
0.0109934
0.0107106
0.00969097
0.00876839
0.00793364
0.00940667
0.00851115
0.00770089
0.00696777
0.00976575
0.00883605
0.00799486
0.00723375
0.0065451
0.00898283
0.00812767
0.00735391
0.00665382
0.00811304
0.00780809
0.00750855
0.00679373
0.00614697
0.00556178
0.00655811
0.00593378
0.00536888
0.00485776
0.00549487
0.00497176
0.00449845
0.00407019
0.00368271
0.00406147
0.00367482
0.00332498
0.00300844
0.00270495
0.0023532
0.00212917
0.00192648
0.00174308
0.000898
0.000812511
0.00073516
0.000665172
0.000601848
-0.000974061
-0.00088133
-0.000797428
-0.000721513
-0.00238506
-0.003189
-0.00288541
-0.00261071
-0.00236217
-0.0021373
-0.00430653
-0.00389655
-0.00352559
-0.00318996
-0.00564163
-0.00510455
-0.00461859
-0.0041789
-0.00687398
-0.00621958
-0.00562748
-0.00509174
-0.0088681
-0.00802386
-0.00725999
-0.00656884
-0.00594348
-0.00997431
-0.00997416
-0.00902462
-0.00816548
-0.00738812
-0.0105538
-0.00954904
-0.00863997
-0.00781744
-0.00707322
-0.0113364
-0.0102571
-0.00928066
-0.00839714
-0.0125611
-0.0123545
-0.0111784
-0.0101142
-0.00915131
-0.0122084
-0.0110461
-0.00999455
-0.00904307
-0.0120449
-0.0108982
-0.00986072
-0.00892198
-0.00807261
-0.011077
-0.0100225
-0.00906833
-0.00820503
-0.0119832
-0.0108424
-0.00981024
-0.0088763
-0.0123919
-0.0120591
-0.010911
-0.00987231
-0.00893247
-0.0080821
-0.0106123
-0.009602
-0.00868789
-0.0078608
-0.0102672
-0.00928972
-0.00840534
-0.00760515
-0.0106164
-0.00960569
-0.00869122
-0.00786382
-0.00993811
-0.00967528
-0.00942867
-0.00853106
-0.0077189
-0.00698406
-0.00893043
-0.00808026
-0.00731102
-0.00661501
-0.00846197
-0.00765639
-0.0069275
-0.006268
-0.00567129
-0.00804922
-0.00728294
-0.0065896
-0.00596227
-0.00539466
-0.00761698
-0.00689184
-0.00623574
-0.0056421
-0.00767524
-0.00694456
-0.00628344
-0.00568525
-0.00709274
-0.006891
-0.00670331
-0.00606516
-0.00548775
-0.00496532
-0.00631733
-0.00571592
-0.00517176
-0.00467941
-0.00423393
-0.00601438
-0.00544181
-0.00492375
-0.00445501
-0.00612452
-0.00595099
-0.00538446
-0.00487186
-0.00440806
-0.00398841
-0.0052201
-0.00472314
-0.0042735
-0.00386666
-0.0054613
-0.00494139
-0.00447097
-0.00404533
-0.00519875
-0.00508506
-0.00498112
-0.00450692
-0.00407786
-0.00368965
-0.00485039
-0.00438863
-0.00397084
-0.00359281
-0.00512933
-0.00464102
-0.00419919
-0.00379943
-0.00343772
-0.00498722
-0.00488854
-0.00442315
-0.00400207
-0.00362107
-0.00327635
-0.00447398
-0.00404806
-0.00366269
-0.003314
-0.0049029
-0.00443614
-0.00401382
-0.00363171
-0.00482955
-0.0047591
-0.00469683
-0.00424969
-0.00384512
-0.00347907
-0.00472704
-0.00427703
-0.00386985
-0.00350144
-0.0047755
-0.00432087
-0.00390952
-0.00353734
-0.00525383
-0.00475366
-0.00430112
-0.00389165
-0.00352116
-0.00528906
-0.00521202
-0.00471583
-0.00426689
-0.00386068
-0.00521829
-0.00472151
-0.00427202
-0.00386533
-0.00525314
-0.00475304
-0.00430055
-0.00389114
-0.0053066
-0.00480141
-0.00434432
-0.00393074
-0.00355653
-0.00549183
-0.00496901
-0.00449596
-0.00406794
-0.00599672
-0.00589348
-0.00533242
-0.00482478
-0.00436546
-0.00394987
-0.00545674
-0.00493726
-0.00446723
-0.00404195
-0.00603333
-0.00545895
-0.00493926
-0.00446904
-0.00595554
-0.00586717
-0.00578725
-0.00523631
-0.00473781
-0.00428677
-0.00579127
-0.00523994
-0.0047411
-0.00428975
-0.00388136
-0.00588965
-0.00532895
-0.00482164
-0.00436262
-0.00629561
-0.00616086
-0.00557435
-0.00504367
-0.00456351
-0.00412906
-0.00557241
-0.00504192
-0.00456192
-0.00412763
-0.0059687
-0.00540048
-0.00488635
-0.00442117
-0.00572542
-0.00560162
-0.00548524
-0.00496305
-0.00449056
-0.00406306
-0.00529757
-0.00479325
-0.00433693
-0.00392405
-0.00509008
-0.0046055
-0.00416706
-0.00377035
-0.00520546
-0.0047099
-0.00426152
-0.00385582
-0.00348875
-0.00478924
-0.0043333
-0.00392077
-0.00354752
-0.00320979
-0.00436004
-0.00421367
-0.00381253
-0.00344958
-0.00312118
-0.0038209
-0.00345715
-0.00312803
-0.00283024
-0.00342828
-0.00310191
-0.0028066
-0.00253942
-0.00229766
-0.00297359
-0.00269051
-0.00243437
-0.00220262
-0.00267101
-0.00252594
-0.00228547
-0.0020679
-0.00187103
-0.00204106
-0.00184675
-0.00167094
-0.00151187
-0.00136794
-0.00147313
-0.00133289
-0.001206
-0.00109119
-0.0010176
-0.000906662
-0.0007977
-0.000721759
-0.000653047
-0.000590877
-0.000359644
-0.000325406
-0.000294427
-0.000266398
6.59157e-05
5.96406e-05
5.39628e-05
4.88255e-05
0.000605458
0.000547818
0.000495666
0.000448479
0.000989693
0.00105936
0.00112937
0.00102186
0.000924575
0.000836555
0.00150781
0.00136426
0.00123439
0.00111687
0.00186376
0.00168633
0.00152579
0.00138054
0.00124911
0.00232859
0.00210691
0.00190633
0.00172485
0.0028916
0.00261632
0.00236725
0.00214188
0.00193798
0.00320272
0.00320058
0.00289588
0.0026202
0.00237075
0.00339507
0.00307186
0.00277942
0.00251482
0.00358194
0.00324094
0.0029324
0.00265324
0.00240065
0.003873
0.00350429
0.00317068
0.00286883
0.00259572
0.00411166
0.00372023
0.00336606
0.00304561
0.00456779
0.00450009
0.00407168
0.00368406
0.00333333
0.00449705
0.00406893
0.00368157
0.00333108
0.00301396
0.00459899
0.00416117
0.00376503
0.0034066
0.00458882
0.00452909
0.0044751
0.00404907
0.0036636
0.00482255
0.00436344
0.00394804
0.00357219
0.00323212
0.00442784
0.00400631
0.00362491
0.00327981
0.00446352
0.00403859
0.00365412
0.00330624
0.00484788
0.00438636
0.00396878
0.00359095
0.00472237
0.00463943
0.0045637
0.00412924
0.00373613
0.00338045
0.00451517
0.00408533
0.00369641
0.00334451
0.00447005
0.0040445
0.00365946
0.00331108
0.00478033
0.00432524
0.00391348
0.00354092
0.00320382
0.00465758
0.00456258
0.00412822
0.00373521
0.00337962
0.00305788
0.00414832
0.0037534
0.00339607
0.00307277
0.00447786
0.00405157
0.00366586
0.00331687
0.00433308
0.00424964
0.00417251
0.00377529
0.00341588
0.00309069
0.00408921
0.00369991
0.00334768
0.00302898
0.00400434
0.00362313
0.00327821
0.00296612
0.00268375
0.00396372
0.00358637
0.00324495
0.00293603
0.00413977
0.0040359
0.00365168
0.00330404
0.0029895
0.0027049
0.00358694
0.00324547
0.0029365
0.00265694
0.0037805
0.0034206
0.00309496
0.00280032
0.00359678
0.00377342
0.00341419
0.00308916
0.00279507
0.00252898
0.00330187
0.00298753
0.00270312
0.00244578
0.00319518
0.002891
0.00261577
0.00236675
0.00214144
0.00312335
0.00282601
0.00255697
0.00231355
0.00323519
0.0029272
0.00264853
0.00239639
0.00216826
0.00306235
0.00298615
0.00270187
0.00244465
0.00221192
0.0028472
0.00257615
0.0023309
0.002109
0.00273021
0.0024703
0.00223512
0.00202234
0.00182981
0.00265074
0.00239839
0.00217006
0.00196347
0.00273627
0.00266353
0.00240996
0.00218053
0.00197295
0.00252244
0.00228231
0.00206503
0.00186844
0.00240633
0.00217725
0.00196998
0.00178244
0.00161275
0.00232447
0.00210318
0.00190296
0.0017218
0.00239127
0.00232657
0.00210508
0.00190468
0.00172335
0.00219885
0.00198952
0.00180012
0.00162874
0.00209401
0.00189466
0.00171429
0.00155109
0.00140343
0.00201882
0.00182663
0.00165273
0.00149539
0.00207334
0.00201665
0.00182467
0.00165096
0.00149379
0.00190328
0.00172209
0.00155814
0.00140981
0.00127559
0.00168868
0.00152792
0.00138246
0.00125085
0.00177662
0.00160749
0.00145445
0.00131599
0.00181062
0.00163825
0.00160339
0.00145075
0.00131264
0.00118768
0.00154965
0.00140213
0.00126864
0.00114787
0.00149896
0.00135626
0.00122714
0.00111032
0.00155991
0.0014114
0.00127704
0.00115546
0.00104546
0.00147921
0.00144248
0.00130516
0.00118091
0.00106849
0.00137472
0.00124385
0.00112543
0.00101829
0.00131628
0.00119097
0.00107759
0.000975
0.00088218
0.00127426
0.00115295
0.00104319
0.000943875
0.00131118
0.0012756
0.00115416
0.00104429
0.000944871
0.00120473
0.00109004
0.000986271
0.000892378
0.000807424
0.00106921
0.000967422
0.000875323
0.000791993
0.0011248
0.00101772
0.000920834
0.00083317
0.00106865
0.00104403
0.00102114
0.000923931
0.000835973
0.000756388
0.000984271
0.000890568
0.000805786
0.000729075
0.000950183
0.000859726
0.00077788
0.000703826
0.000636822
0.00092667
0.000838451
0.000758631
0.000686409
0.000957918
0.000866724
0.000784212
0.000709555
0.000642005
0.000904388
0.00081829
0.000740389
0.000669904
0.000606129
0.000859073
0.000837965
0.000758191
0.000686011
0.000858946
0.000777175
0.000703188
0.000636244
0.000575674
0.000752152
0.000680547
0.000615759
0.000557139
0.0007289
0.000659508
0.000596723
0.000539915
0.000488515
0.000714349
0.000646343
0.000584811
0.000529137
0.000741414
0.000670831
0.000606968
0.000549185
0.000496902
0.00070258
0.000685121
0.000619897
0.000560883
0.000507487
0.000653136
0.000590957
0.000534698
0.000483795
0.000625618
0.000566059
0.00051217
0.000463411
0.000419295
0.000605598
0.000547945
0.000495781
0.000448583
0.000622754
0.000563468
0.000509826
0.00046129
0.000584346
0.00056958
0.00055589
0.000502969
0.000455087
0.000411762
0.000531292
0.000480713
0.000434949
0.000393542
0.000509632
0.000461115
0.000417217
0.000377498
0.00034156
0.000494001
0.000446972
0.000404421
0.00036592
0.000508608
0.000494837
0.000447729
0.000405105
0.000366539
0.000467707
0.000423181
0.000382894
0.000346443
0.000445566
0.000403148
0.000364768
0.000330043
0.000298622
0.000430142
0.000389193
0.000352141
0.000318618
0.000412226
0.000403428
0.000395267
0.000357638
0.000323591
0.000292785
0.000383672
0.000347146
0.000314098
0.000284196
0.00040075
0.000362598
0.000328079
0.000296846
0.000268586
0.000381326
0.000372053
0.000336633
0.000304586
0.000275589
0.000355197
0.000321382
0.000290787
0.000263104
0.00034045
0.000308039
0.000278714
0.00025218
0.000228173
0.000329859
0.000298457
0.000270044
0.000244336
0.000339377
0.000330155
0.000298725
0.000270286
0.000244555
0.000311524
0.000281867
0.000255033
0.000230754
0.000208786
0.000297603
0.000269271
0.000243636
0.000220442
0.00031268
0.000282913
0.00025598
0.00023161
0.00034923
0.000315984
0.000285902
0.000258684
0.00034435
0.000338953
0.000334012
0.000302214
0.000273443
0.000247411
0.000332537
0.000300879
0.000272236
0.000246319
0.000222869
0.000336314
0.000304297
0.000275328
0.000249117
0.000359067
0.000351516
0.000318051
0.000287773
0.000260377
0.000341777
0.00030924
0.0002798
0.000253163
0.000334984
0.000303093
0.000274239
0.000248131
0.000224509
0.000308899
0.000279492
0.000252884
0.00022881
0.000339153
0.000306865
0.000277652
0.000251219
0.000359732
0.000352022
0.000318509
0.000288187
0.000260752
0.000342318
0.00030973
0.000280243
0.000253564
0.000229425
0.000314468
0.000284531
0.000257443
0.000232935
0.0003454
0.000312518
0.000282766
0.000255847
0.000340317
0.000335322
0.000330857
0.00029936
0.000270861
0.000245075
0.000332376
0.000300733
0.000272104
0.000246199
0.000334845
0.000302968
0.000274125
0.000248028
0.000224416
0.000345565
0.000312667
0.000282901
0.000255969
0.000377348
0.000370978
0.000335661
0.000303706
0.000274793
0.000248633
0.000344678
0.000311865
0.000282175
0.000255312
0.000342899
0.000310255
0.000280719
0.000253994
0.00035003
0.000316707
0.000286557
0.000259277
0.000234593
0.00033943
0.000307116
0.000277879
0.000251425
0.000361952
0.000355318
0.000321492
0.000290886
0.000263193
0.000352644
0.000319072
0.000288696
0.000261212
0.000236345
0.000333704
0.000301936
0.000273191
0.000247184
0.000381523
0.000345202
0.000312339
0.000282604
0.0002557
0.000398867
0.000360895
0.000326538
0.000295451
0.000408556
0.000406049
0.000404196
0.000365716
0.0003309
0.000299398
0.000422547
0.000382321
0.000345924
0.000312992
0.000442485
0.00040036
0.000362246
0.00032776
0.000463994
0.000419821
0.000379854
0.000343692
0.00053241
0.000481724
0.000435864
0.00039437
0.000356826
0.000558803
0.000554671
0.000501866
0.000454088
0.000410859
0.000574595
0.000519893
0.000470399
0.000425617
0.000385099
0.000617586
0.000558792
0.000505595
0.000457462
0.000701827
0.000695004
0.000628839
0.000568974
0.000514808
0.00071417
0.000646181
0.000584665
0.000529005
0.000478644
0.000695596
0.000629375
0.000569459
0.000515246
0.000743829
0.000673016
0.000608945
0.000550974
0.000868182
0.000785531
0.000710749
0.000643085
0.000897059
0.000976144
0.000883215
0.000799133
0.000723055
0.000654221
0.000935538
0.000846475
0.00076589
0.000692978
0.000991376
0.000896997
0.000811603
0.000734338
0.00115097
0.0010414
0.000942259
0.000852556
0.00118737
0.00118226
0.00117924
0.00106698
0.000965402
0.000873496
0.00124536
0.0011268
0.00101953
0.000922472
0.00131823
0.00119274
0.00107919
0.00097645
0.00139762
0.00126457
0.00114418
0.00103526
0.00162562
0.00147086
0.00133084
0.00120414
0.00108951
0.00172982
0.00172093
0.0015571
0.00140886
0.00127474
0.00180074
0.00162931
0.0014742
0.00133385
0.00207328
0.0018759
0.00169732
0.00153573
0.00138953
0.00219255
0.00217973
0.00197222
0.00178446
0.00161458
0.002276
0.00205932
0.00186327
0.00168589
0.00239416
0.00216624
0.00196001
0.00177342
0.00253166
0.00229064
0.00207257
0.00187526
0.00169674
0.00278358
0.00251859
0.00227882
0.00206187
0.00322335
0.00291649
0.00263884
0.00238762
0.00333325
0.00332206
0.0033173
0.0030015
0.00271575
0.00245721
0.003525
0.00318942
0.00288578
0.00261106
0.00375886
0.00340101
0.00307724
0.00278429
0.00251922
0.00417028
0.00377327
0.00341405
0.00308903
0.00486439
0.00483835
0.00437774
0.00396098
0.00358389
0.00507339
0.0045904
0.0041534
0.00375799
0.00340023
0.00504698
0.0045665
0.00413177
0.00373843
0.00605971
0.00548282
0.00496086
0.00448859
0.00700078
0.0063343
0.00635325
0.00574842
0.00520117
0.00470602
0.00686785
0.00621403
0.00562246
0.0050872
0.00742008
0.00671369
0.00607455
0.00549625
0.00801455
0.00725156
0.00656122
0.00593659
0.00951741
0.00861136
0.00779155
0.0070498
0.00637866
0.0103377
0.0103212
0.00933866
0.00844962
0.00764521
0.0109814
0.00993593
0.00899003
0.00813418
0.00735981
0.0122033
0.0110415
0.00999039
0.00903931
0.0142884
0.0142232
0.0128692
0.011644
0.0105355
0.0149734
0.0135479
0.0122582
0.0110912
0.0100353
0.0149623
0.0135379
0.012249
0.0110829
0.0100278
0.0170949
0.0154675
0.013995
0.0126626
0.0202796
0.018349
0.0166022
0.0150216
0.0212673
0.0212517
0.0212748
0.0192494
0.0174169
0.0157588
0.0228243
0.0206514
0.0186854
0.0169065
0.0244951
0.0221632
0.0200532
0.0181442
0.0262717
0.0237706
0.0215077
0.0194601
0.0308791
0.0279394
0.0252796
0.0228729
0.0206954
0.0330719
0.0329219
0.0297877
0.0269519
0.0243861
0.0344834
0.0312006
0.0282303
0.0255428
0.0231111
0.0373582
0.0338017
0.0305838
0.0276722
0.0424149
0.0419502
0.0379566
0.0343431
0.0310736
0.0281154
0.0400065
0.0361978
0.0327518
0.0296338
0.0454825
0.0411525
0.0372348
0.0336901
0.0304828
0.0464532
0.045799
0.041439
0.037494
0.0339245
0.045646
0.0413005
0.0373687
0.0338112
0.0451846
0.040883
0.0369909
0.0334694
0.0442589
0.0400455
0.0362331
0.0327837
0.0296627
0.0429951
0.0389019
0.0351985
0.0318476
0.0429528
0.0413972
0.0374562
0.0338904
0.030664
0.0367597
0.0332602
0.0300938
0.0272289
0.0246367
0.0293269
0.026535
0.0240089
0.0217232
0.0253447
0.0229319
0.0207488
0.0187735
0.0169862
0.0173455
0.0156942
0.0142001
0.0128483
0.0116251
0.00889088
0.00804447
0.00727863
0.00658571
0.00209771
0.00189801
0.00171732
0.00155383
-0.00447704
-0.00405083
-0.00366519
-0.00331626
-0.0127804
-0.0115637
-0.0104629
-0.00946681
-0.00856557
-0.019664
-0.0203758
-0.0184361
-0.0166809
-0.0150929
-0.0244985
-0.0221663
-0.0200561
-0.0181467
-0.027849
-0.0251977
-0.0227989
-0.0206285
-0.0333427
-0.0301685
-0.0272964
-0.0246978
-0.0223466
-0.0349245
-0.0345154
-0.0312295
-0.0282565
-0.0255664
-0.034637
-0.0313396
-0.028356
-0.0256565
-0.023214
-0.0321658
-0.0291036
-0.0263329
-0.023826
-0.0348551
-0.0315369
-0.0285346
-0.0258181
-0.0333659
-0.0349618
-0.0316335
-0.028622
-0.0258971
-0.0302878
-0.0274044
-0.0247955
-0.0224349
-0.0202991
-0.0289564
-0.0261998
-0.0237055
-0.0214488
-0.0194068
-0.0270826
-0.0245043
-0.0221715
-0.0200608
-0.0266316
-0.0240963
-0.0218023
-0.0197267
-0.0178488
-0.023632
-0.0227626
-0.0205956
-0.0186349
-0.0168608
-0.0203963
-0.0184546
-0.0166977
-0.0151081
-0.0182106
-0.0164769
-0.0149083
-0.013489
-0.0122049
-0.0158901
-0.0143774
-0.0130087
-0.0117702
-0.014602
-0.0138979
-0.0125748
-0.0113777
-0.0102946
-0.01172
-0.0106042
-0.0095947
-0.00868129
-0.00972888
-0.00880269
-0.00796468
-0.00720644
-0.00652039
-0.00725221
-0.0065618
-0.00593711
-0.0053719
-0.00582687
-0.00527215
-0.00477024
-0.00431612
-0.00390522
-0.00369659
-0.00334468
-0.00302627
-0.00273816
-0.00183336
-0.00143261
-0.00129623
-0.00117283
-0.00106117
0.000270478
0.000244729
0.000221431
0.00020035
0.000181277
0.00191691
0.00173442
0.0015693
0.0014199
0.00128473
0.00409128
0.00370179
0.00334938
0.00303052
0.00650364
0.00588449
0.00532429
0.00481742
0.0089774
0.00915231
0.00828101
0.00749266
0.00677936
0.0106145
0.00960404
0.00868973
0.00786247
0.00711396
0.011507
0.0104115
0.00942033
0.00852351
0.0148966
0.0134784
0.0121953
0.0110343
0.00998384
0.0171866
0.017301
0.015654
0.0141637
0.0128153
0.019009
0.0171994
0.015562
0.0140805
0.020823
0.0188407
0.0170471
0.0154242
0.0139558
0.0236861
0.0214311
0.0193909
0.0175449
0.0280028
0.0278905
0.0252353
0.0228329
0.0206592
0.0293321
0.0265397
0.0240131
0.0217271
0.0196586
0.0290951
0.0263252
0.023819
0.0215515
0.0345057
0.0312207
0.0282485
0.0255593
0.023126
0.0367771
0.033276
0.0301081
0.0272418
0.0411928
0.0372712
0.0370967
0.0335651
0.0303697
0.0274785
0.0384982
0.0348331
0.031517
0.0285166
0.0395364
0.0357725
0.032367
0.0292857
0.0434933
0.0393527
0.0356063
0.0322166
0.0291496
0.0427655
0.041858
0.0378731
0.0342676
0.0310053
0.0401852
0.0363595
0.0328981
0.0297662
0.0269325
0.0380237
0.0344039
0.0311286
0.0281652
0.0369292
0.0353898
0.0320207
0.0289723
0.0262141
0.0304588
0.0275591
0.0249355
0.0225616
0.0204137
0.0232045
0.0209954
0.0189967
0.0171882
0.0181303
0.0164043
0.0148426
0.0134296
0.0122466
0.0110807
0.0100259
0.0090714
0.0058185
0.00433593
0.00286629
0.00259342
0.00234653
0.00212314
-0.00353379
-0.00319738
-0.00289298
-0.00261757
-0.00962205
-0.00870603
-0.00787722
-0.00712731
-0.0176562
-0.0159753
-0.0144544
-0.0130784
-0.0118333
-0.0237921
-0.0243227
-0.0220072
-0.0199121
-0.0180165
-0.0249674
-0.0225905
-0.0204399
-0.018494
-0.0167334
-0.0302623
-0.0273813
-0.0247746
-0.0224161
-0.0358136
-0.0324041
-0.0293193
-0.0265281
-0.0395377
-0.0388534
-0.0351545
-0.0318078
-0.0287797
-0.0260399
-0.0357167
-0.0323165
-0.0292399
-0.0264563
-0.0386051
-0.0349299
-0.0316046
-0.0285958
-0.0370368
-0.0362114
-0.0354268
-0.0320541
-0.0290026
-0.0262415
-0.0339981
-0.0307615
-0.027833
-0.0251833
-0.0227858
-0.0324847
-0.0293921
-0.026594
-0.0240622
-0.0325197
-0.0294238
-0.0266226
-0.0240882
-0.021795
-0.0293382
-0.0283361
-0.0256385
-0.0231977
-0.0209893
-0.025722
-0.0232733
-0.0210577
-0.019053
-0.0232941
-0.0210765
-0.01907
-0.0172546
-0.0156119
-0.0195247
-0.0176659
-0.0159841
-0.0144624
-0.0189517
-0.0171475
-0.015515
-0.014038
-0.0127016
-0.0164301
-0.0148659
-0.0134507
-0.0121702
-0.0150709
-0.0143459
-0.0129801
-0.0117444
-0.0106264
-0.0121207
-0.0109668
-0.00992273
-0.00897809
-0.00812337
-0.00932823
-0.00844018
-0.00763668
-0.00690966
-0.007704
-0.00697058
-0.00630698
-0.00570656
-0.00624031
-0.00564623
-0.00510871
-0.00462236
-0.00418231
-0.00404238
-0.00365755
-0.00330935
-0.0029943
-0.00214839
-0.00173317
-0.00156817
-0.00141888
-0.00128381
1.04328e-05
9.43959e-06
8.54094e-06
7.72784e-06
6.99215e-06
0.00170453
0.00154226
0.00139544
0.00126259
0.0039998
0.00361902
0.00327449
0.00296276
0.00555276
0.00582353
0.00610131
0.00552046
0.00499492
0.0045194
0.00774567
0.00700829
0.0063411
0.00573742
0.00937222
0.00847999
0.00767269
0.00694225
0.0122388
0.0110737
0.0100194
0.00906559
0.00820255
0.0141876
0.0142868
0.0129267
0.0116961
0.0105826
0.0156941
0.0142
0.0128482
0.0116251
0.0105183
0.0161418
0.0146051
0.0132147
0.0119567
0.0197863
0.0179027
0.0161983
0.0146563
0.013261
0.0216841
0.0196198
0.017752
0.016062
0.0248819
0.0246563
0.022309
0.0201852
0.0182636
0.0253207
0.0229102
0.0207291
0.0187557
0.0169702
0.0244683
0.022139
0.0200313
0.0181243
0.0281271
0.0254494
0.0230266
0.0208345
0.018851
0.028997
0.0262365
0.0237388
0.0214788
0.0290185
0.0286431
0.0282967
0.0256028
0.0231654
0.0209601
0.0283798
0.025678
0.0232335
0.0210216
0.0304007
0.0275065
0.0248879
0.0225186
0.0203748
0.0291306
0.0263574
0.0238481
0.0215778
0.0274062
0.0266561
0.0259287
0.0234603
0.0212269
0.0192061
0.0240885
0.0217953
0.0197204
0.017843
0.021909
0.0198233
0.0179361
0.0162286
0.0146836
0.0189722
0.0171661
0.0155319
0.0140532
0.0165466
0.0155051
0.014029
0.0126935
0.0114851
0.0103917
0.0107486
0.00972531
0.00879946
0.00796175
0.00709989
0.00642398
0.00581242
0.00525907
0.00475841
0.00224135
0.00202797
0.00183491
0.00166023
-0.00149515
-0.00327802
-0.00296596
-0.0026836
-0.00242812
-0.00219696
-0.00664596
-0.00601326
-0.0054408
-0.00492284
-0.010103
-0.00914118
-0.00827094
-0.00748355
-0.0132744
-0.0120107
-0.0108673
-0.00983273
-0.00889665
-0.0171627
-0.0155288
-0.0140504
-0.0127128
-0.0214448
-0.0194032
-0.017556
-0.0158847
-0.0143725
-0.025649
-0.0232072
-0.0209979
-0.0189989
-0.0171902
-0.0242098
-0.021905
-0.0198197
-0.0179328
-0.0249148
-0.0225429
-0.0203969
-0.0184551
-0.0274252
-0.0248143
-0.022452
-0.0203146
-0.0183806
-0.0270385
-0.0264951
-0.0239728
-0.0216906
-0.0196256
-0.0256791
-0.0232344
-0.0210225
-0.0190212
-0.0247739
-0.0224155
-0.0202815
-0.0183507
-0.0166037
-0.0239053
-0.0216295
-0.0195703
-0.0177073
-0.0242111
-0.0234579
-0.0212247
-0.0192041
-0.0173759
-0.0216392
-0.0195792
-0.0177152
-0.0160287
-0.0145028
-0.018574
-0.0168058
-0.0152059
-0.0137583
-0.0185952
-0.0168249
-0.0152232
-0.013774
-0.0168388
-0.0162547
-0.0156964
-0.0142021
-0.01285
-0.0116267
-0.014177
-0.0128274
-0.0116062
-0.0105013
-0.00950159
-0.0124949
-0.0113054
-0.0102291
-0.00925528
-0.0115242
-0.0109682
-0.00992401
-0.00897924
-0.00812442
-0.00922421
-0.00834606
-0.00755152
-0.00683261
-0.00759517
-0.00687211
-0.00621789
-0.00562594
-0.00509035
-0.00556269
-0.00503312
-0.00455397
-0.00412043
-0.0042851
-0.00387716
-0.00350805
-0.00317409
-0.00287191
-0.00245005
-0.0022168
-0.00200576
-0.00181481
-0.000799783
-0.000473093
-0.000428055
-0.000387304
-0.000350433
-0.000317071
0.000986471
0.000892559
0.000807587
0.000730705
0.00236313
0.00213816
0.00193461
0.00175044
0.00158379
0.00414913
0.00375414
0.00339674
0.00307337
0.00613654
0.00555234
0.00502376
0.00454549
0.00809391
0.00732337
0.00749616
0.00678252
0.00613683
0.00927304
0.00839025
0.00759149
0.00686878
0.00621488
0.00971834
0.00879316
0.00795605
0.00719863
0.0121314
0.0109765
0.00993154
0.00898606
0.00813058
0.0134941
0.013496
0.0122112
0.0110487
0.00999682
0.0143727
0.0130045
0.0117664
0.0106463
0.00963274
0.0157403
0.0142419
0.012886
0.0116593
0.0179003
0.0176977
0.0160129
0.0144884
0.0131091
0.0179485
0.0162398
0.0146938
0.0132949
0.0120293
0.017057
0.0154332
0.013964
0.0126346
0.0191587
0.0173348
0.0156845
0.0141913
0.0128403
0.0192286
0.0188955
0.0170966
0.015469
0.0139964
0.0185385
0.0167736
0.0151768
0.013732
0.0180669
0.0163469
0.0147907
0.0133826
0.0187317
0.0169485
0.015335
0.0138751
0.0125542
0.0173862
0.0168547
0.0152502
0.0137983
0.0124847
0.0154882
0.0140137
0.0126796
0.0114725
0.0103803
0.013886
0.0125641
0.011368
0.0102857
0.0122379
0.011707
0.0111858
0.0101209
0.00915743
0.00828565
0.00945063
0.00855093
0.00773688
0.00700033
0.00759374
0.00687082
0.00621671
0.00562488
0.00565377
0.00511553
0.00462854
0.0041879
0.00378921
0.00285858
0.0023371
0.00211461
0.0019133
0.00173115
0.000125913
0.000113926
0.00010308
9.32668e-05
8.43878e-05
-0.00205129
-0.001856
-0.00167931
-0.00151944
-0.0049457
-0.00447487
-0.00404887
-0.00366341
-0.00782226
-0.00707758
-0.0064038
-0.00579416
-0.00524255
-0.0101015
-0.0103057
-0.00932461
-0.0084369
-0.00763371
-0.00690698
-0.0111978
-0.0101318
-0.00916722
-0.0082945
-0.0142586
-0.0129012
-0.011673
-0.0105617
-0.00955623
-0.0159071
-0.0143928
-0.0130226
-0.0117828
-0.0167452
-0.0182594
-0.0165211
-0.0149483
-0.0135252
-0.0185395
-0.0167745
-0.0151776
-0.0137327
-0.0124253
-0.0175967
-0.0159215
-0.0144058
-0.0130343
-0.0197014
-0.0178259
-0.0161288
-0.0145934
-0.0132041
-0.0197078
-0.019358
-0.0175151
-0.0158477
-0.014339
-0.0189712
-0.0171651
-0.015531
-0.0140524
-0.0185133
-0.0167509
-0.0151562
-0.0137133
-0.0124078
-0.0181488
-0.0164211
-0.0148578
-0.0134433
-0.0186826
-0.0181572
-0.0164286
-0.0148646
-0.0134495
-0.0121691
-0.0158546
-0.0143452
-0.0129795
-0.0117439
-0.0163014
-0.0147495
-0.0133453
-0.0120749
-0.0151561
-0.0147272
-0.0143215
-0.0129581
-0.0117245
-0.0106083
-0.0134047
-0.0121286
-0.0109739
-0.00992921
-0.0124959
-0.0113063
-0.0102299
-0.00925605
-0.0123347
-0.0111604
-0.010098
-0.00913664
-0.00826683
-0.0109513
-0.0105447
-0.00954081
-0.00863253
-0.00781071
-0.00941824
-0.00852162
-0.00771036
-0.00697634
-0.00631219
-0.00775787
-0.00701932
-0.00635108
-0.00574646
-0.00733456
-0.00663631
-0.00600453
-0.0054329
-0.00658994
-0.00624325
-0.00564889
-0.00511112
-0.00462454
-0.00418428
-0.00473177
-0.00428131
-0.00387373
-0.00350495
-0.00383995
-0.00347439
-0.00314363
-0.00284435
-0.00303222
-0.00274356
-0.00248237
-0.00224605
-0.00203222
-0.00189592
-0.00168065
-0.00152065
-0.00137589
-0.0012449
-0.000840344
-0.000760344
-0.000687959
-0.000622465
-5.48679e-05
-4.96445e-05
-4.49184e-05
-4.06421e-05
-3.6773e-05
0.000888958
0.000804329
0.000727757
0.000658475
0.00180399
0.00163225
0.00147686
0.00133627
0.00120905
0.00255108
0.00262579
0.00237582
0.00214964
0.00194499
0.00310492
0.00280933
0.00254188
0.00229989
0.00352771
0.00319187
0.002888
0.00261306
0.00388752
0.00351743
0.00318257
0.00287959
0.00260545
0.00433051
0.00391824
0.00354523
0.00320772
0.00490045
0.00483118
0.00437125
0.00395511
0.00357858
0.0032379
0.00449538
0.00406742
0.0036802
0.00332984
0.00451918
0.00408896
0.00369969
0.00334748
0.00478305
0.0043277
0.0039157
0.00354293
0.00320564
0.0044607
0.00432003
0.00390876
0.00353665
0.00319996
0.0039226
0.00354917
0.00321129
0.00290558
0.00262896
0.00338499
0.00306274
0.00277117
0.00250735
0.0029147
0.00271869
0.00245987
0.00222569
0.00201381
0.00182209
0.00180333
0.00163165
0.00147632
0.00133577
0.00107283
0.000970696
0.000878285
0.000794673
0.00071902
4.03528e-05
3.65112e-05
3.30354e-05
2.98904e-05
-0.00110046
-0.000995697
-0.000900906
-0.00081514
-0.00240162
-0.00257134
-0.00232655
-0.00210506
-0.00190466
-0.00172334
-0.00337361
-0.00305244
-0.00276185
-0.00249892
-0.00502614
-0.00454765
-0.00411472
-0.003723
-0.00336857
-0.00635883
-0.00575347
-0.00520574
-0.00471015
-0.0072925
-0.00740746
-0.00753172
-0.0068147
-0.00616594
-0.00557894
-0.00856274
-0.00774757
-0.00701
-0.00634265
-0.00955631
-0.00864655
-0.0078234
-0.00707861
-0.00640473
-0.0109612
-0.00991768
-0.00897352
-0.00811924
-0.0129081
-0.0116792
-0.0105674
-0.00956135
-0.00865111
-0.0137385
-0.0136508
-0.0123512
-0.0111754
-0.0101115
-0.0141422
-0.0127959
-0.0115777
-0.0104755
-0.00947826
-0.0137287
-0.0124217
-0.0112391
-0.0101692
-0.0158197
-0.0143137
-0.012951
-0.0117181
-0.0173638
-0.0170759
-0.0154503
-0.0139794
-0.0126486
-0.0169348
-0.0153226
-0.0138639
-0.0125441
-0.016871
-0.0152649
-0.0138117
-0.0124968
-0.0113071
-0.0171389
-0.0155073
-0.014031
-0.0126953
-0.0183592
-0.017978
-0.0162665
-0.0147179
-0.0133168
-0.0174806
-0.0158164
-0.0143107
-0.0129483
-0.0117156
-0.0159656
-0.0144457
-0.0130704
-0.0118261
-0.0159844
-0.0144627
-0.0130858
-0.0118401
-0.0107129
-0.0161668
-0.0146277
-0.0132351
-0.0119752
-0.017155
-0.0155218
-0.0140441
-0.0127071
-0.0176623
-0.0171953
-0.0155583
-0.0140772
-0.012737
-0.016319
-0.0147654
-0.0133597
-0.0120879
-0.0109371
-0.0145864
-0.0131978
-0.0119414
-0.0108045
-0.0143578
-0.0129909
-0.0117542
-0.0106352
-0.0151939
-0.0137474
-0.0124387
-0.0112545
-0.014517
-0.0142017
-0.0139098
-0.0125855
-0.0113874
-0.0103033
-0.0134974
-0.0122125
-0.0110498
-0.0099979
-0.0131182
-0.0118694
-0.0107394
-0.00971702
-0.0137386
-0.0124307
-0.0112473
-0.0101765
-0.00920772
-0.0131226
-0.0128139
-0.011594
-0.0104902
-0.00949158
-0.012294
-0.0111236
-0.0100647
-0.00910651
-0.011861
-0.0107318
-0.00971016
-0.00878576
-0.00794935
-0.0107358
-0.00971371
-0.00878897
-0.00795226
-0.0115231
-0.0104261
-0.0094335
-0.00853544
-0.01195
-0.0116469
-0.0105381
-0.0095349
-0.00862717
-0.0111114
-0.0100536
-0.0090965
-0.00823052
-0.00744697
-0.00999528
-0.00904373
-0.00818277
-0.00740377
-0.0107082
-0.00968874
-0.00876637
-0.00793181
-0.0103391
-0.0101398
-0.00995751
-0.00900956
-0.00815185
-0.00737579
-0.00978671
-0.00885501
-0.00801202
-0.00724927
-0.00964555
-0.00872729
-0.00789646
-0.00714471
-0.00646454
-0.00967494
-0.00875388
-0.00792051
-0.00716648
-0.0102809
-0.0100586
-0.00910099
-0.00823457
-0.00745064
-0.0097596
-0.00883048
-0.00798982
-0.00722919
-0.00654097
-0.00967785
-0.00875652
-0.0079229
-0.00716864
-0.00948591
-0.010081
-0.0091213
-0.00825295
-0.00746727
-0.00675639
-0.00910816
-0.00824107
-0.00745652
-0.00674666
-0.00909963
-0.00823334
-0.00744953
-0.00674033
-0.00984461
-0.0089074
-0.00805942
-0.00729216
-0.00659795
-0.00972323
-0.00954989
-0.00864074
-0.00781815
-0.00707386
-0.00941695
-0.00852045
-0.00770931
-0.00697538
-0.00631132
-0.00950012
-0.00859571
-0.0077774
-0.00703699
-0.0101771
-0.00997231
-0.00902295
-0.00816396
-0.00738675
-0.00974474
-0.00881704
-0.00797766
-0.00721819
-0.00653101
-0.00897496
-0.00812055
-0.00734747
-0.00664799
-0.00984676
-0.00890935
-0.00806118
-0.00729376
-0.00966212
-0.00950752
-0.00936743
-0.00847565
-0.00766877
-0.00693871
-0.00933539
-0.00844666
-0.00764254
-0.00691497
-0.00930625
-0.0084203
-0.00761868
-0.00689338
-0.0100303
-0.00907543
-0.00821145
-0.00742972
-0.00672241
-0.00984351
-0.00965351
-0.0087345
-0.00790298
-0.00715061
-0.00943712
-0.00853871
-0.00772583
-0.00699033
-0.00925242
-0.00837159
-0.00757462
-0.00685351
-0.00620106
-0.00920473
-0.00832844
-0.00753557
-0.00681819
-0.00968329
-0.00945435
-0.0085543
-0.00773993
-0.00700309
-0.00633639
-0.00844397
-0.0076401
-0.00691276
-0.00625467
-0.00565922
-0.00841768
-0.00761632
-0.00689125
-0.0062352
-0.00884238
-0.00800058
-0.00723893
-0.00654978
-0.0084143
-0.00822497
-0.00804948
-0.00728317
-0.00658981
-0.00596246
-0.00778245
-0.00704156
-0.0063712
-0.00576466
-0.00810103
-0.00732981
-0.00663201
-0.00600064
-0.00542938
-0.00768294
-0.00749147
-0.00677828
-0.00613299
-0.00554913
-0.00661206
-0.0059826
-0.00541305
-0.00489773
-0.00443147
-0.00656503
-0.00594004
-0.00537455
-0.00486289
-0.00683275
-0.00618227
-0.00559372
-0.00506119
-0.00457937
-0.00645464
-0.00584016
-0.00528418
-0.00478112
-0.00651832
-0.00632175
-0.00571992
-0.00517538
-0.00468269
-0.00588284
-0.00532279
-0.00481606
-0.00435757
-0.00394273
-0.00513091
-0.00464244
-0.00420048
-0.0038006
-0.0049176
-0.00444944
-0.00402585
-0.00364259
-0.00329582
-0.00471051
-0.00426207
-0.00385632
-0.0034892
-0.0047519
-0.0046026
-0.00416443
-0.00376798
-0.00340927
-0.370602
-0.33532
-0.303398
-0.274514
-0.237648
-0.215024
-0.194553
-0.176032
-0.148435
-0.134304
-0.121518
-0.10995
-0.0994826
-0.0759362
-0.0687071
-0.0621662
-0.056248
-0.0355631
-0.0321775
-0.0291142
-0.0263425
-0.0103513
-0.00581257
-0.00163323
-0.00147775
-0.00133707
-0.00120978
0.0141149
0.0127712
0.0115554
0.0104553
0.00945997
0.0290047
0.0262435
0.0237451
0.0214846
0.0411649
0.0417124
0.0377413
0.0341484
0.0308974
0.0461351
0.041743
0.0377691
0.0341735
0.0494777
0.0447674
0.0405056
0.0366494
0.0331604
0.0487909
0.044146
0.0399433
0.0361407
0.0563421
0.0509783
0.0461252
0.041734
0.037761
0.0578674
0.0523584
0.0473739
0.0428639
0.0387833
0.0588051
0.0532069
0.0481416
0.0435585
0.0630943
0.0570877
0.051653
0.0467356
0.0422864
0.0618516
0.0606665
0.054891
0.0496654
0.0449372
0.0594101
0.0537542
0.0486368
0.0440066
0.0584453
0.0528813
0.047847
0.043292
0.0391706
0.0584993
0.0529301
0.0478912
0.043332
0.0619552
0.0560571
0.0507204
0.0458919
0.041523
0.0599502
0.054243
0.049079
0.0444067
0.05778
0.0566337
0.0555775
0.0502865
0.0454992
0.0411677
0.0543892
0.0492114
0.0445264
0.0402875
0.0532497
0.0481803
0.0435935
0.0394434
0.0356884
0.0527492
0.0477275
0.0431838
0.0390727
0.0551448
0.0537676
0.0486489
0.0440175
0.0398271
0.0512257
0.046349
0.0419366
0.0379442
0.049021
0.0443542
0.0401316
0.0363111
0.0328543
0.0473387
0.042832
0.0387544
0.035065
0.0484579
0.047081
0.0425989
0.0385435
0.0348741
0.0315541
0.0411174
0.0372031
0.0336613
0.0304568
0.039505
0.0357441
0.0323413
0.0292624
0.0405108
0.0366542
0.0331647
0.0300074
0.0376431
0.0365793
0.0355753
0.0321886
0.0291242
0.0263516
0.03334
0.030166
0.0272942
0.0246958
0.0311727
0.0282051
0.02552
0.0230905
0.0309807
0.0280313
0.0253627
0.0229482
0.0280792
0.0271309
0.0262315
0.0237343
0.0214748
0.0194304
0.0239033
0.0216277
0.0195687
0.0177058
0.0160202
0.0201667
0.0182468
0.0165097
0.014938
0.0197056
0.0178296
0.0161322
0.0145964
0.0132069
0.0171665
0.0155322
0.0140535
0.0127156
0.015786
0.0150307
0.0135998
0.0123051
0.0111336
0.0127136
0.0115033
0.0104082
0.00941733
0.0106171
0.00960634
0.00869181
0.00786435
0.00711567
0.00801237
0.0072496
0.00655943
0.00593498
0.00663738
0.0060055
0.00543377
0.00491648
0.00498074
0.00450657
0.00407754
0.00368936
0.00326694
0.00295593
0.00267453
0.00241991
0.00170044
0.00153856
0.00139209
0.00125956
0.00113965
-0.000135128
-0.000122264
-0.000110624
-0.000100093
-9.05641e-05
-0.00181822
-0.00164513
-0.00148851
-0.00134681
-0.00346401
-0.00363846
-0.00329208
-0.00297867
-0.0026951
-0.00462165
-0.00418167
-0.00378357
-0.00342338
-0.00309747
-0.00522833
-0.00473059
-0.00428024
-0.00387276
-0.00350407
-0.00649438
-0.00587612
-0.00531671
-0.00481056
-0.00794198
-0.00718591
-0.00650181
-0.00588284
-0.00835008
-0.00833058
-0.00831966
-0.00752763
-0.006811
-0.00616259
-0.00876379
-0.00792948
-0.00717459
-0.00649157
-0.00587357
-0.00940372
-0.00850848
-0.00769848
-0.00696558
-0.0104594
-0.00946365
-0.00856271
-0.00774754
-0.010349
-0.0101972
-0.0100586
-0.009101
-0.00823459
-0.00745066
-0.0100493
-0.00909257
-0.00822696
-0.00744375
-0.0067351
-0.00934972
-0.00845963
-0.00765427
-0.00692558
-0.010224
-0.0092507
-0.00837003
-0.0075732
-0.0106452
-0.0103673
-0.00938035
-0.00848734
-0.00767935
-0.00980514
-0.00887169
-0.0080271
-0.00726292
-0.00657149
-0.00865456
-0.00783064
-0.00708517
-0.00641066
-0.00895371
-0.00810132
-0.00733007
-0.00663225
-0.00831962
-0.00807723
-0.00784553
-0.00709864
-0.00642285
-0.00581139
-0.0072796
-0.00658658
-0.00595954
-0.00539219
-0.00668807
-0.00605136
-0.00547527
-0.00495403
-0.0064313
-0.00581904
-0.00526506
-0.00476383
-0.00431031
-0.00549025
-0.00524187
-0.00474284
-0.00429132
-0.00388279
-0.00446257
-0.00403773
-0.00365334
-0.00330554
-0.00370171
-0.0033493
-0.00303045
-0.00274195
-0.00248092
-0.00279381
-0.00252784
-0.00228719
-0.00206945
-0.00204122
-0.00183495
-0.00166026
-0.0015022
-0.00135919
-0.00103051
-0.00093241
-0.000843644
-0.00076333
-0.000690661
-0.000185592
-0.000167924
-0.000151938
-0.000137473
0.0005507
0.000498273
0.000450838
0.000407918
0.00153523
0.00138908
0.00125684
0.00113718
0.00102892
0.00244419
0.0022115
0.00200097
0.00181047
0.00348674
0.00356376
0.00322449
0.00291752
0.00263977
0.00415053
0.0037554
0.00339789
0.00307441
0.00278173
0.00446955
0.00404405
0.00365906
0.00331072
0.00512317
0.00463544
0.00419415
0.00379487
0.00631853
0.00571701
0.00517275
0.0046803
0.00671079
0.00671307
0.00672366
0.00608357
0.00550441
0.00498039
0.00718751
0.00650326
0.00588415
0.00532398
0.00834403
0.00754968
0.00683095
0.00618064
0.00559225
0.00876533
0.00869196
0.00786448
0.00711578
0.00643836
0.00893112
0.00808088
0.00731158
0.00661552
0.00918059
0.0083066
0.00751581
0.00680031
0.00615292
0.0088393
0.0079978
0.00723641
0.0065475
0.010106
0.00914388
0.00827338
0.00748575
0.0110345
0.0108437
0.00981141
0.00887736
0.00803224
0.0107252
0.00970417
0.00878033
0.00794444
0.00718813
0.00998318
0.00903278
0.00817286
0.0073948
0.0110527
0.0100005
0.00904842
0.00818701
0.0074076
0.0110559
0.010871
0.00983604
0.00889965
0.0080524
0.0107385
0.00971623
0.00879124
0.00795432
0.0106125
0.00960223
0.0086881
0.00786099
0.0113083
0.0102317
0.00925765
0.00837633
0.0075789
0.0109463
0.0107072
0.00968788
0.00876559
0.00793111
0.010333
0.00934934
0.00845928
0.00765396
0.00998772
0.00903689
0.00817658
0.00739817
0.00669386
0.00973751
0.0088105
0.00797174
0.00721283
0.010028
0.00975101
0.00882271
0.00798279
0.00722283
0.00653521
0.0085452
0.00773169
0.00699564
0.00632965
0.00883455
0.00799351
0.00723252
0.00654399
0.005921
0.00825257
0.00801977
0.00725628
0.00656549
0.00594045
0.00749678
0.00678309
0.00613734
0.00555306
0.00502441
0.00699298
0.00632725
0.00572489
0.00517988
0.00468676
0.00645343
0.00583906
0.00528318
0.00478022
0.00629955
0.00606583
0.00548837
0.00496587
0.00449312
0.00406538
0.0050458
0.00456544
0.00413081
0.00373756
0.00487345
0.0044095
0.00398971
0.00360989
0.00326623
0.00420516
0.00402594
0.00364267
0.00329589
0.00298212
0.00348732
0.00315532
0.00285494
0.00258315
0.00297561
0.00269234
0.00243603
0.00220412
0.00248504
0.00224846
0.00203441
0.00184073
0.0020772
0.00187945
0.00170053
0.00153864
0.00139216
0.00145504
0.00133041
0.00120375
0.00108916
0.000985468
0.00086564
0.000783231
0.000708667
0.000641202
0.000427571
0.000386866
0.000350037
0.000316713
0.000286562
-1.42285e-05
-1.2874e-05
-1.16484e-05
-1.05395e-05
-0.000512525
-0.000463732
-0.000419585
-0.00037964
-0.00101489
-0.00107176
-0.000969727
-0.000877409
-0.000793879
-0.000718302
-0.00132457
-0.00119847
-0.00108438
-0.000981146
-0.000887741
-0.00177466
-0.00160571
-0.00145285
-0.00131454
-0.00228969
-0.00230603
-0.00208649
-0.00188786
-0.00170814
-0.00252692
-0.00228635
-0.00206869
-0.00187175
-0.00274047
-0.00247958
-0.00224352
-0.00202994
-0.00183669
-0.00305198
-0.00276143
-0.00249854
-0.00226068
-0.00351202
-0.00317768
-0.00287516
-0.00260145
-0.00235379
-0.003658
-0.00362161
-0.00327684
-0.00296488
-0.00268263
-0.00369177
-0.00334032
-0.00302232
-0.00273459
-0.00247426
-0.00384961
-0.00348312
-0.00315153
-0.00285151
-0.00258004
-0.00396501
-0.00358754
-0.00324601
-0.00293699
-0.00429373
-0.00421179
-0.00381083
-0.00344804
-0.00311978
-0.00282278
-0.00385653
-0.00348939
-0.0031572
-0.00285663
-0.00387458
-0.00350572
-0.00317198
-0.00287
-0.00418121
-0.00378316
-0.003423
-0.00309713
-0.00403997
-0.00395987
-0.00388525
-0.00351538
-0.00318071
-0.00287791
-0.00379043
-0.00342958
-0.00310309
-0.00280767
-0.00254038
-0.00372423
-0.00336968
-0.00304889
-0.00275864
-0.00384984
-0.00374487
-0.00338836
-0.00306578
-0.00277392
-0.00352369
-0.00318824
-0.00288472
-0.00261009
-0.00236161
-0.00309639
-0.00280161
-0.0025349
-0.00229358
-0.00319248
-0.00288856
-0.00261357
-0.00236476
-0.00213963
-0.00295577
-0.00267438
-0.00241978
-0.00218942
-0.00289886
-0.00279392
-0.00252794
-0.00228728
-0.00206953
-0.00251429
-0.00227493
-0.00205836
-0.0018624
-0.00225845
-0.00204344
-0.00184891
-0.00167289
-0.00151363
-0.00187359
-0.00169522
-0.00153384
-0.00138782
-0.00178737
-0.00161721
-0.00146325
-0.00132395
-0.00161977
-0.00146557
-0.00132605
-0.00119981
-0.00108559
-0.00129461
-0.00122078
-0.00110457
-0.000999411
-0.000904267
-0.000972731
-0.000880127
-0.000796339
-0.000720528
-0.000738232
-0.000667952
-0.000604363
-0.000546828
-0.00049477
-0.00046699
-0.000422532
-0.000382307
-0.000345912
-0.000244985
-0.000221662
-0.00020056
-0.000181467
-0.000164191
2.00415e-05
1.81336e-05
1.64073e-05
1.48453e-05
0.000280512
0.000318743
0.000288399
0.000260943
0.000236101
0.000510454
0.000461859
0.00041789
0.000378107
0.000695841
0.000629597
0.00056966
0.000515428
0.000466359
0.000938498
0.000849153
0.000768314
0.00069517
0.00109731
0.00111712
0.00113781
0.00102949
0.00093148
0.000842803
0.00129737
0.00117386
0.00106211
0.000960998
0.00144452
0.00130701
0.00118258
0.00107
0.000968134
0.00164577
0.00148909
0.00134733
0.00121906
0.00192282
0.00190914
0.00172739
0.00156294
0.00141415
0.00197334
0.00178548
0.0016155
0.00146171
0.00132255
0.00191444
0.00173219
0.00156728
0.00141808
0.00220908
0.00199877
0.00180849
0.00163632
0.00243223
0.00220068
0.00199118
0.00180162
0.0016301
0.00244521
0.00240808
0.00217883
0.00197141
0.00178373
0.00161392
0.00224661
0.00203274
0.00183922
0.00166413
0.00249388
0.00225647
0.00204165
0.00184729
0.0024627
0.00242579
0.00239218
0.00216444
0.00195839
0.00177195
0.00238935
0.00216189
0.00195608
0.00176986
0.00237963
0.00215309
0.00194812
0.00176266
0.00159485
0.00239925
0.00217084
0.00196418
0.00177719
0.00253917
0.00248009
0.00224398
0.00203036
0.00183707
0.00220214
0.0019925
0.00180281
0.00163118
0.00234674
0.00212333
0.00192119
0.00173829
0.00157281
0.00225319
0.00219942
0.00199004
0.00180059
0.00162917
0.00209823
0.00189848
0.00171775
0.00155422
0.00199898
0.00180868
0.00163649
0.0014807
0.00203382
0.0018402
0.00166501
0.0015065
0.00136308
0.00187291
0.0018158
0.00164294
0.00148653
0.00134501
