0.00229321
0.00460282
0.00691243
0.00922205
0.0115317
0.0138413
0.0161509
0.0184605
0.0207702
0.0230798
0.0253894
0.0276991
0.0300087
0.0323184
0.034628
0.0369377
0.0392474
0.0415571
0.0438668
0.0461765
0.0484863
0.050796
0.0531058
0.0554155
0.0577253
0.0600351
0.0623449
0.0646547
0.0669645
0.0692743
0.0715841
0.0738939
0.0762037
0.0785135
0.0808234
0.0831332
0.085443
0.0877529
0.0900627
0.0923726
0.0946824
0.0969923
0.0993021
0.101612
0.103922
0.106232
0.108542
0.110852
0.113161
0.115471
0.117781
0.120091
0.122401
0.124711
0.127021
0.129331
0.131641
0.133951
0.136261
0.138571
0.140881
0.143191
0.145501
0.147811
0.150121
0.152431
0.154741
0.157051
0.159361
0.161671
0.163981
0.166291
0.168602
0.170912
0.173222
0.175532
0.177842
0.180152
0.182463
0.184773
0.187083
0.189393
0.191704
0.194014
0.196324
0.198635
0.200945
0.203255
0.205566
0.207876
0.210186
0.212497
0.214807
0.217118
0.219428
0.221739
0.224049
0.22636
0.22867
0.230981
0.233292
0.235602
0.237913
0.240223
0.242534
0.244845
0.247155
0.249466
0.251777
0.254087
0.256398
0.258709
0.26102
0.263331
0.265641
0.267952
0.270263
0.272574
0.274885
0.277195
0.279506
0.281817
0.284127
0.286438
0.288748
0.291058
0.293368
0.295678
0.297988
0.300298
0.302608
0.304918
0.307228
0.309537
0.311847
0.314156
0.316465
0.318775
0.321084
0.323393
0.325702
0.328011
0.330319
0.332628
0.334937
0.337245
0.339553
0.341862
0.34417
0.346478
0.348786
0.351094
0.353401
0.355709
0.358016
0.360323
0.36263
0.364936
0.367243
0.36955
0.371856
0.374162
0.376468
0.378775
0.38108
0.383386
0.385691
0.387997
0.390302
0.392607
0.394912
0.397216
0.399521
0.401825
0.404128
0.406432
0.408735
0.411039
0.413342
0.415645
0.417947
0.42025
0.422553
0.424855
0.427157
0.429459
0.431761
0.434061
0.436362
0.438663
0.440964
0.443264
0.445564
0.447863
0.450162
0.452461
0.454761
0.457059
0.459357
0.461655
0.463953
0.46625
0.468547
0.470844
0.473141
0.475437
0.477732
0.480028
0.482324
0.484619
0.486913
0.489207
0.491502
0.493796
0.496088
0.49838
0.500672
0.502965
0.505255
0.507546
0.509836
0.512125
0.514415
0.516705
0.518994
0.521282
0.52357
0.525858
0.528145
0.530431
0.532718
0.535004
0.537291
0.539575
0.541859
0.544143
0.546428
0.548709
0.550991
0.553273
0.555554
0.557834
0.560113
0.562391
0.56467
0.566948
0.569227
0.571503
0.573779
0.576055
0.578331
0.580607
0.582881
0.585155
0.587429
0.589702
0.591973
0.594243
0.596514
0.598784
0.601051
0.603318
0.605584
0.60785
0.610117
0.61238
0.614643
0.616907
0.61917
0.621434
0.623694
0.625954
0.628214
0.630474
0.632731
0.634987
0.637243
0.639499
0.641755
0.644007
0.646258
0.64851
0.650762
0.653013
0.65526
0.657507
0.659754
0.662001
0.664243
0.666484
0.668725
0.670965
0.673206
0.675443
0.677679
0.679916
0.682152
0.684389
0.686621
0.688853
0.691085
0.693316
0.695544
0.697771
0.699998
0.702225
0.704445
0.706666
0.708887
0.711108
0.713323
0.715537
0.717749
0.719961
0.722174
0.724386
0.726593
0.728799
0.731006
0.733212
0.735412
0.737612
0.739813
0.742013
0.744207
0.7464
0.748594
0.750788
0.752981
0.755166
0.757351
0.759536
0.761721
0.763896
0.766072
0.768247
0.770423
0.77259
0.774756
0.776919
0.779082
0.781245
0.783409
0.785563
0.787718
0.789873
0.792027
0.79417
0.796313
0.798456
0.800599
0.802742
0.804873
0.807001
0.809129
0.811257
0.813384
0.815501
0.817618
0.819736
0.821853
0.823958
0.826063
0.828169
0.830274
0.83238
0.834473
0.836566
0.838659
0.840752
0.842829
0.844905
0.846982
0.849058
0.851117
0.853176
0.855235
0.857293
0.859352
0.861392
0.863427
0.865463
0.867498
0.869533
0.871552
0.873571
0.87559
0.877609
0.879627
0.881629
0.88363
0.885631
0.887632
0.889609
0.891587
0.893564
0.895542
0.897519
0.899471
0.901423
0.903375
0.905327
0.907252
0.90917
0.911089
0.913008
0.914927
0.916821
0.918716
0.920611
0.922505
0.9244
0.926269
0.928139
0.930008
0.931877
0.933719
0.935561
0.937403
0.939245
0.941051
0.942857
0.944662
0.946468
0.948274
0.95004
0.951798
0.953556
0.955314
0.957073
0.958796
0.96052
0.962244
0.963968
0.965691
0.967369
0.969047
0.970724
0.972402
0.97403
0.975647
0.977264
0.978881
0.980498
0.982071
0.983645
0.985218
0.986791
0.988318
0.989845
0.991371
0.992898
0.994424
0.995888
0.997352
0.998816
1.00028
1.00168
1.00306
1.00444
1.00582
1.0072
1.00852
1.00985
1.01117
1.01249
1.01381
1.01507
1.01633
1.01759
1.01885
1.02004
1.02123
1.02242
1.02362
1.02472
1.02582
1.02692
1.02803
1.02905
1.03006
1.03105
1.03203
1.03302
1.03401
1.03491
1.03581
1.03672
1.03762
1.03853
1.03932
1.04012
1.04091
1.0417
1.04238
1.04303
1.04369
1.04434
1.045
1.04555
1.0461
1.04666
1.04721
1.04767
1.04812
1.04857
1.04902
1.04947
1.04982
1.05016
1.05051
1.05085
1.05106
1.05127
1.05147
1.05168
1.05175
1.05179
1.05182
1.05186
1.0519
1.05185
1.0518
1.05175
1.05171
1.05152
1.05132
1.05113
1.05094
1.05075
1.05042
1.05008
1.04975
1.04942
1.04897
1.0485
1.04801
1.04751
1.04701
1.04652
1.04592
1.04532
1.04472
1.04412
1.04342
1.04272
1.04203
1.04133
1.04063
1.03983
1.03902
1.03822
1.03741
1.03651
1.03559
1.03467
1.03376
1.03284
1.03186
1.03088
1.0299
1.02892
1.02794
1.0269
1.02586
1.02482
1.02378
1.02271
1.02162
1.02053
1.01944
1.01836
1.01727
1.01616
1.01506
1.01396
1.01285
1.01174
1.01064
1.00953
1.00842
1.00732
1.00622
1.00512
1.00402
1.00295
1.00188
1.0008
0.999732
0.998659
0.99763
0.996611
0.995592
0.994573
0.993554
0.992582
0.99161
0.990639
0.989667
0.988695
0.987792
0.986889
0.985986
0.985083
0.984259
0.983451
0.982643
0.981836
0.981028
0.980289
0.97955
0.978811
0.978072
0.977406
0.976739
0.976072
0.975406
0.974739
0.974146
0.973554
0.972962
0.97237
0.971872
0.971374
0.970877
0.970379
0.969977
0.969594
0.969211
0.968827
0.968444
0.968061
0.967753
0.967445
0.967137
0.96683
0.966596
0.966363
0.96613
0.965897
0.965754
0.965611
0.965469
0.965326
0.965253
0.965198
0.96516
0.965121
0.965083
0.965045
0.965073
0.965101
0.965129
0.965157
0.965248
0.96534
0.965432
0.965523
0.965615
0.965782
0.965949
0.966116
0.966283
0.96645
0.966687
0.966925
0.967162
0.9674
0.967703
0.968006
0.968309
0.968613
0.968965
0.96933
0.969706
0.970082
0.970458
0.970834
0.971255
0.971676
0.972097
0.972518
0.972939
0.973412
0.973885
0.974358
0.974831
0.975351
0.975881
0.97641
0.97694
0.977469
0.977998
0.978562
0.979126
0.979689
0.980253
0.980856
0.981459
0.982062
0.982664
0.983296
0.983934
0.984579
0.985223
0.985868
0.986513
0.987183
0.987852
0.988522
0.989192
0.98989
0.990588
0.991286
0.991984
0.992682
0.993405
0.994133
0.994861
0.995588
0.996316
0.997044
0.997789
0.998534
0.99928
1.00002
1.00079
1.00155
1.00232
1.00308
1.00386
1.00464
1.00543
1.00621
1.007
1.00778
1.00858
1.00938
1.01018
1.01097
1.01178
1.01259
1.0134
1.0142
1.01502
1.01584
1.01666
1.01748
1.0183
1.01913
1.01997
1.0208
1.02163
1.02246
1.0233
1.02414
1.02498
1.02582
1.02667
1.02752
1.02837
1.02922
1.03007
1.03093
1.03178
1.03264
1.03349
1.03435
1.03522
1.03608
1.03695
1.03782
1.03869
1.03957
1.04044
1.04132
1.04219
1.04307
1.04395
1.04484
1.04572
1.04661
1.0475
1.04839
1.04929
1.05019
1.05109
1.052
1.0529
1.05381
1.05471
1.05563
1.05655
1.05746
1.05838
1.05929
1.06022
1.06115
1.06208
1.06302
1.06396
1.06491
1.06586
1.06681
1.06776
1.06871
1.06968
1.07064
1.0716
1.07257
1.07355
1.07454
1.07553
1.07651
1.07751
1.07852
1.07954
1.08055
1.08156
1.08257
1.08361
1.08464
1.08568
1.08671
1.08777
1.08882
1.08988
1.09094
1.09202
1.09311
1.09419
1.09528
1.09637
1.09749
1.09861
1.09973
1.10085
1.10197
1.10312
1.10428
1.10545
1.10661
1.10777
1.10897
1.11016
1.11135
1.11255
1.11377
1.115
1.11622
1.11745
1.11867
1.11994
1.12121
1.12248
1.12374
1.12505
1.12637
1.12769
1.12902
1.13034
1.13169
1.13305
1.13441
1.13576
1.13712
1.13853
1.13993
1.14133
1.14274
1.14418
1.14563
1.1471
1.14856
1.15002
1.15148
1.15298
1.15448
1.15599
1.15749
1.15903
1.16057
1.16211
1.16365
1.16524
1.16683
1.16842
1.17001
1.17164
1.17328
1.17493
1.17658
1.17823
1.17988
1.18157
1.18326
1.18495
1.18664
1.18837
1.1901
1.19183
1.19355
1.19528
1.19706
1.19884
1.20061
1.20239
1.20421
1.20604
1.20786
1.20969
1.21151
1.21338
1.21526
1.21714
1.21902
1.2209
1.22282
1.22473
1.22665
1.22856
1.23052
1.23247
1.23442
1.23637
1.23832
1.24031
1.24231
1.2443
1.2463
1.24829
1.25032
1.25236
1.2544
1.25643
1.25851
1.26059
1.26267
1.26475
1.26684
1.26895
1.27106
1.27318
1.27529
1.2774
1.27955
1.2817
1.28385
1.286
1.28818
1.29037
1.29256
1.29475
1.29694
1.29916
1.30138
1.3036
1.30581
1.30803
1.31028
1.31252
1.31476
1.31701
1.31927
1.32154
1.32381
1.32608
1.32838
1.33067
1.33297
1.33527
1.33759
1.33991
1.34224
1.34457
1.3469
1.34923
1.35159
1.35394
1.35629
1.35864
1.36101
1.36338
1.36575
1.36813
1.37052
1.37292
1.37531
1.37771
1.38011
1.38252
1.38495
1.38737
1.38979
1.39222
1.39464
1.39708
1.39952
1.40196
1.4044
1.40686
1.40932
1.41178
1.41424
1.41672
1.4192
1.42168
1.42417
1.42665
1.42914
1.43163
1.43413
1.43663
1.43913
1.44164
1.44415
1.44667
1.44918
1.45169
1.45422
1.45675
1.45927
1.4618
1.46435
1.46689
1.46944
1.47199
1.47453
1.47708
1.47964
1.48219
1.48475
1.48731
1.48988
1.49245
1.49502
1.49759
1.50017
1.50276
1.50534
1.50793
1.51051
1.5131
1.51569
1.51828
1.52088
1.52347
1.52608
1.52868
1.53128
1.53388
1.53649
1.5391
1.54171
1.54432
1.54694
1.54956
1.55218
1.5548
1.55742
1.56005
1.56268
1.56531
1.56794
1.57057
1.57321
1.57584
1.57848
1.58112
1.58376
1.58641
1.58905
1.5917
1.59434
1.59699
1.59964
1.60229
1.60494
1.60759
1.61025
1.61291
1.61557
1.61823
1.62089
1.62356
1.62622
1.62888
1.63155
1.63422
1.63689
1.63956
1.64223
1.6449
1.64757
1.65025
1.65292
1.6556
1.65827
1.66096
1.66364
1.66632
1.669
1.67168
1.67437
1.67705
1.67973
1.68242
1.68511
1.6878
1.69049
1.69317
1.69587
1.69856
1.70125
1.70394
1.70664
1.70933
1.71203
1.71472
1.71742
1.72012
1.72282
1.72552
1.72822
1.73091
1.73362
1.73632
1.73902
1.74172
1.74442
1.74713
1.74983
1.75254
1.75524
1.75795
1.76066
1.76336
1.76607
1.76878
1.77149
1.7742
1.77691
1.77962
1.78233
1.78504
1.78775
1.79046
1.79317
1.79588
1.7986
1.80131
1.80402
1.80674
1.80945
1.81217
1.81488
1.8176
1.82032
1.82303
1.82575
1.82846
1.83118
1.8339
1.83662
1.83934
1.84205
1.84477
1.84749
1.85021
1.85293
1.85565
1.85837
1.86109
1.86381
1.86653
1.86925
1.87197
1.8747
1.87742
1.88014
1.88286
1.88558
1.88831
1.89103
1.89375
1.89647
1.8992
1.90192
1.90464
1.90737
1.91009
1.91282
1.91554
1.91826
1.92099
1.92371
1.92644
1.92916
1.93189
1.93461
1.93734
1.94006
1.94279
1.94551
1.94824
1.95096
1.95369
1.95642
1.95914
1.96187
1.96459
1.96732
1.97005
1.97277
1.9755
1.97823
1.98095
1.98368
1.98641
1.98913
1.99186
1.99459
1.99731
2.00004
2.00277
2.0055
2.00822
2.01095
2.01368
2.01641
2.01913
2.02186
2.02459
2.02732
2.03004
2.03277
2.0355
2.03823
2.04095
2.04368
2.04641
2.04914
2.05187
2.05459
2.05732
2.06005
2.06278
2.0655
2.06823
2.07096
2.07369
2.07642
2.07914
2.08187
2.0846
2.08733
2.09006
2.09279
2.09551
2.09824
2.10097
2.1037
2.10643
2.10915
2.11188
2.11461
2.11734
2.12007
2.12279
2.12552
2.12825
2.13098
2.13371
2.13644
2.13916
2.14189
2.14462
2.14735
2.15008
2.1528
2.15553
2.15826
2.16099
2.16372
2.16644
2.16917
2.1719
2.17463
2.17736
2.18009
2.18281
2.18554
2.18827
2.191
2.19373
2.19645
2.19918
2.20191
2.20464
2.20737
2.21009
2.21282
2.21555
2.21828
2.22101
2.22373
2.22646
2.22919
2.23192
2.23464
2.23737
2.2401
2.24283
2.24556
2.24828
2.25101
2.25374
2.25647
2.2592
2.26192
2.26465
2.26738
2.27011
2.27283
2.27556
2.27829
2.28102
2.28375
2.28647
2.2892
2.29193
2.29466
2.29738
2.30011
2.30284
2.30557
2.3083
2.31102
2.31375
2.31648
2.31921
2.32193
2.32466
2.32739
2.33012
2.33284
2.33557
2.3383
2.34103
2.34375
2.34648
2.34921
2.35194
2.35466
2.35739
2.36012
2.36284
2.36557
2.3683
2.37102
2.37375
2.37648
2.3792
2.38193
2.38465
2.38738
2.39011
2.39283
2.39556
2.39828
2.40101
2.40374
2.40646
2.40919
2.41191
2.41464
2.41736
2.42009
2.42281
2.42553
2.42826
2.43098
2.43371
2.43643
2.43916
2.44188
2.44461
2.44733
2.45005
2.45278
2.4555
2.45822
2.46095
2.46367
2.46639
2.46912
2.47184
2.47456
2.47728
2.48001
2.48273
2.48545
2.48817
2.49089
2.49362
2.49634
2.49906
2.50178
2.5045
2.50722
2.50994
2.51266
2.51539
2.51811
2.52083
2.52355
2.52627
2.52899
2.53171
2.53442
2.53714
2.53986
2.54258
2.5453
2.54802
2.55074
2.55346
2.55618
2.55889
2.56161
2.56433
2.56705
2.56976
2.57248
2.5752
2.57791
2.58063
2.58335
2.58606
2.58878
2.59149
2.59421
2.59693
2.59964
2.60236
2.60507
2.60779
2.6105
2.61321
2.61593
2.61864
2.62135
2.62407
2.62678
2.62949
2.63221
2.63492
2.63763
2.64034
2.64305
2.64576
2.64847
2.65118
2.65389
2.65661
2.65932
2.66202
2.66473
2.66744
2.67015
2.67286
2.67557
2.67828
2.68098
2.68369
2.6864
2.68911
2.69181
2.69452
2.69722
2.69993
2.70263
2.70534
2.70804
2.71074
2.71345
2.71615
2.71885
2.72156
2.72426
2.72696
2.72966
2.73236
2.73506
2.73776
2.74046
2.74316
2.74586
2.74856
2.75126
2.75396
2.75665
2.75935
2.76204
2.76474
2.76744
2.77013
2.77282
2.77552
2.77821
2.7809
2.7836
2.78629
2.78898
2.79167
2.79436
2.79705
2.79973
2.80242
2.80511
2.8078
2.81048
2.81317
2.81585
2.81854
2.82122
2.82391
2.82659
2.82927
2.83195
2.83463
2.83731
2.83999
2.84267
2.84535
2.84803
2.8507
2.85338
2.85605
2.85872
2.86139
2.86407
2.86674
2.86941
2.87208
2.87475
2.87742
2.88008
2.88275
2.88541
2.88808
2.89074
2.8934
2.89606
2.89873
2.90138
2.90404
2.90669
2.90935
2.91201
2.91466
2.91731
2.91996
2.92261
2.92526
2.92791
2.93056
2.9332
2.93585
2.93849
2.94113
2.94377
2.94642
2.94905
2.95169
2.95432
2.95696
2.95959
2.96222
2.96485
2.96747
2.9701
2.97273
2.97535
2.97797
2.98059
2.98321
2.98582
2.98843
2.99105
2.99366
2.99627
2.99887
3.00148
3.00408
3.00668
3.00928
3.01188
3.01447
3.01706
3.01966
3.02224
3.02483
3.02742
3.03
3.03258
3.03516
3.03773
3.04031
3.04289
3.04545
3.04802
3.05059
3.05315
3.05571
3.05826
3.06081
3.06336
3.06591
3.06845
3.07098
3.07352
3.07606
3.07859
3.08112
3.08364
3.08616
3.08869
3.0912
3.09371
3.09622
3.09873
3.10125
3.10374
3.10623
3.10873
3.11122
3.1137
3.11617
3.11864
3.12111
3.12358
3.12603
3.12849
3.13094
3.13339
3.13585
3.13828
3.14072
3.14316
3.14559
3.148
3.15041
3.15282
3.15523
3.15762
3.16
3.16238
3.16476
3.16714
3.16952
3.17187
3.17422
3.17658
3.17893
3.18126
3.18359
3.18592
3.18825
3.19055
3.19285
3.19515
3.19745
3.19971
3.20198
3.20424
3.2065
3.20876
3.21099
3.2132
3.21541
3.21762
3.21984
3.22201
3.22419
3.22636
3.22854
3.23071
3.23284
3.23496
3.23709
3.23921
3.24128
3.24334
3.2454
3.24745
3.24951
3.25152
3.25353
3.25554
3.25755
3.25956
3.26151
3.26347
3.26542
3.26738
3.26933
3.27121
3.2731
3.27498
3.27686
3.27867
3.28047
3.28227
3.28408
3.28581
3.28753
3.28923
3.29092
3.29262
3.29432
3.29594
3.29756
3.29918
3.3008
3.30234
3.30388
3.30542
3.30696
3.30841
3.30986
3.31131
3.31276
3.31409
3.31542
3.31676
3.31809
3.31942
3.32063
3.3218
3.32298
3.32416
3.32534
3.3264
3.32747
3.32854
3.32961
3.33067
3.33159
3.33252
3.33344
3.33436
3.33513
3.33586
3.3366
3.33734
3.33807
3.33881
3.33942
3.34003
3.34064
3.34124
3.34169
3.34213
3.34258
3.34302
3.34347
3.34375
3.34399
3.34424
3.34448
3.34473
3.34485
3.34496
3.34508
3.3452
3.34519
3.34518
3.34517
3.34516
3.34503
3.3449
3.34477
3.34463
3.3445
3.34424
3.34397
3.3437
3.34343
3.34304
3.34263
3.34222
3.34181
3.3414
3.34091
3.34043
3.33994
3.33945
3.33897
3.33843
3.33788
3.33734
3.3368
3.33621
3.33562
3.33503
3.33444
3.33386
3.33326
3.33266
3.33206
3.33146
3.33086
3.33028
3.3297
3.32912
3.32854
3.328
3.32746
3.32691
3.32637
3.32588
3.3254
3.32491
3.32442
3.32402
3.32363
3.32323
3.32283
3.32243
3.32214
3.32188
3.32161
3.32134
3.32108
3.32091
3.32074
3.32057
3.3204
3.32033
3.32026
3.3202
3.32013
3.32019
3.32025
3.32031
3.32037
3.32044
3.32063
3.32084
3.32106
3.32128
3.3215
3.32181
3.32213
3.32245
3.32277
3.32308
3.3235
3.32391
3.32433
3.32474
3.32527
3.3258
3.32633
3.32686
3.32748
3.32814
3.3288
3.32946
3.33012
3.33083
3.33155
3.33227
3.33299
3.33371
3.33451
3.33532
3.33613
3.33694
3.33775
3.33864
3.33953
3.34042
3.34131
3.34228
3.34324
3.34421
3.34517
3.34613
3.34716
3.3482
3.34924
3.35028
3.35132
3.3524
3.35348
3.35457
3.35565
3.35677
3.35789
3.35902
3.36014
3.36126
3.36242
3.36359
3.36475
3.36591
3.36711
3.36831
3.36952
3.37072
3.37192
3.37314
3.37437
3.37559
3.37682
3.37805
3.37929
3.38053
3.38177
3.38301
3.38427
3.38552
3.38677
3.38802
3.38928
3.39054
3.3918
3.39306
3.39432
3.39558
3.39685
3.39811
3.39937
3.40063
3.40189
3.40314
3.4044
3.40566
3.40691
3.40815
3.4094
3.41065
3.4119
3.41313
3.41437
3.4156
3.41683
3.41807
3.41928
3.42049
3.4217
3.42292
3.4241
3.42528
3.42646
3.42765
3.42879
3.42993
3.43107
3.43221
3.43335
3.43446
3.43556
3.43666
3.43777
3.43887
3.43994
3.441
3.44207
3.44313
3.44414
3.44515
3.44616
3.44717
3.44818
3.44913
3.45006
3.451
3.45193
3.45286
3.45374
3.45462
3.45549
3.45637
3.45719
3.458
3.45881
3.45963
3.46044
3.46117
3.4619
3.46263
3.46336
3.464
3.46462
3.46524
3.46586
3.46648
3.46701
3.46755
3.46809
3.46863
3.46917
3.46962
3.47007
3.47052
3.47098
3.47132
3.47166
3.472
3.47233
3.47267
3.4729
3.47312
3.47334
3.47356
3.47366
3.47376
3.47383
3.47391
3.47398
3.47405
3.47403
3.474
3.47397
3.47395
3.47382
3.47369
3.47356
3.47344
3.47319
3.47294
3.47269
3.47244
3.47219
3.47182
3.47143
3.47104
3.47065
3.47026
3.46978
3.46931
3.46883
3.46836
3.46788
3.46731
3.46674
3.46617
3.4656
3.46496
3.4643
3.46364
3.46298
3.46232
3.46162
3.46092
3.46022
3.45952
3.45882
3.45809
3.45737
3.45664
3.45591
3.45518
3.45444
3.4537
3.45297
3.45224
3.45151
3.45079
3.45006
3.44936
3.44867
3.44799
3.44731
3.44663
3.44595
3.44532
3.44469
3.44406
3.44343
3.44287
3.4423
3.44173
3.44116
3.44069
3.44022
3.43974
3.43927
3.43879
3.43842
3.43808
3.43773
3.43738
3.43704
3.43676
3.43648
3.4362
3.43593
3.43565
3.43549
3.43533
3.43517
3.43501
3.43497
3.43493
3.43489
3.43486
3.43494
3.43504
3.43514
3.43525
3.43535
3.43545
3.43565
3.43584
3.43604
3.43624
3.43654
3.43685
3.43715
3.43746
3.43785
3.43826
3.43869
3.43912
3.43955
3.43998
3.44048
3.44099
3.4415
3.442
3.44251
3.4431
3.4437
3.44429
3.44488
3.44556
3.44623
3.4469
3.44758
3.44825
3.44899
3.44975
3.45051
3.45127
3.45202
3.45283
3.45364
3.45444
3.45525
3.4561
3.45695
3.4578
3.45865
3.45951
3.4604
3.46129
3.46218
3.46307
3.464
3.46494
3.46587
3.46681
3.46774
3.46871
3.46968
3.47065
3.47162
3.47262
3.47363
3.47464
3.47564
3.47665
3.47768
3.4787
3.47973
3.48076
3.48178
3.48282
3.48387
3.48491
3.48595
3.487
3.48806
3.48911
3.49017
3.49123
3.4923
3.49336
3.49443
3.49549
3.49656
3.49763
3.4987
3.49977
3.50084
3.50191
3.50298
3.50405
3.50512
3.50618
3.50724
3.50831
3.50937
3.51044
3.51149
3.51255
3.51361
3.51466
3.51571
3.51675
3.51779
3.51884
3.51986
3.52089
3.52191
3.52293
3.52394
3.52496
3.52596
3.52696
3.52796
3.52896
3.52994
3.53092
3.5319
3.53287
3.53382
3.53477
3.53571
3.53666
3.5376
3.53851
3.53941
3.54032
3.54122
3.54212
3.54299
3.54386
3.54473
3.54559
3.54646
3.5473
3.54813
3.54896
3.5498
3.55058
3.55137
3.55215
3.55294
3.55373
3.55446
3.5552
3.55593
3.55667
3.55735
3.55802
3.55869
3.55936
3.56003
3.56065
3.56127
3.5619
3.56252
3.56315
3.56372
3.5643
3.56488
3.56546
3.56598
3.5665
3.56701
3.56753
3.56805
3.56851
3.56897
3.56943
3.56989
3.5703
3.5707
3.57109
3.57148
3.57188
3.57227
3.57261
3.57296
3.5733
3.57365
3.57394
3.57424
3.57453
3.57482
3.57512
3.57536
3.57561
3.57586
3.57611
3.57632
3.57653
3.57672
3.57692
3.57712
3.57732
3.5775
3.57767
3.57784
3.57802
3.57817
3.57833
3.57848
3.57863
3.57879
3.57893
3.57907
3.5792
3.57934
3.57948
3.57961
3.57974
3.57988
3.58001
3.58015
3.58029
3.58043
3.58057
3.58071
3.58086
3.58102
3.58117
3.58133
3.58149
3.58167
3.58185
3.58204
3.58222
3.58243
3.58266
3.58289
3.58311
3.58334
3.58357
3.58383
3.5841
3.58436
3.58463
3.58493
3.58524
3.58554
3.58585
3.5862
3.58655
3.5869
3.58725
3.5876
3.58801
3.58842
3.58883
3.58924
3.58971
3.59018
3.59066
3.59113
3.5916
3.59215
3.5927
3.59325
3.5938
3.59436
3.59496
3.59556
3.59616
3.59677
3.59742
3.59807
3.59873
3.59938
3.6001
3.60081
3.60153
3.60224
3.60296
3.60374
3.60452
3.60531
3.6061
3.60688
3.60772
3.60855
3.60938
3.61021
3.61109
3.61196
3.61283
3.61371
3.61458
3.6155
3.61643
3.61735
3.61828
3.61924
3.62022
3.6212
3.62218
3.62315
3.62416
3.62518
3.62619
3.6272
3.62821
3.62925
3.63029
3.63133
3.63237
3.63344
3.63452
3.63559
3.63667
3.63777
3.63887
3.63999
3.6411
3.64221
3.64332
3.64445
3.64559
3.64672
3.64785
3.64898
3.65014
3.6513
3.65245
3.65361
3.65479
3.65597
3.65715
3.65833
3.65951
3.6607
3.6619
3.66309
3.66428
3.66549
3.66669
3.6679
3.66911
3.67031
3.67153
3.67274
3.67396
3.67517
3.6764
3.67762
3.67885
3.68007
3.6813
3.68253
3.68376
3.68499
3.68623
3.68746
3.6887
3.68994
3.69118
3.69241
3.69365
3.69489
3.69613
3.69737
3.69861
3.69985
3.70109
3.70233
3.70358
3.70482
3.70606
3.7073
3.70854
3.70978
3.71101
3.71225
3.71349
3.71473
3.71596
3.71719
3.71842
3.71966
3.72089
3.72212
3.72335
3.72457
3.7258
3.72703
3.72825
3.72948
3.7307
3.73192
3.73314
3.73435
3.73557
3.73679
3.738
3.73921
3.74042
3.74162
3.74283
3.74404
3.74524
3.74644
3.74764
3.74884
3.75003
3.75123
3.75242
3.75361
3.7548
3.75598
3.75716
3.75835
3.75953
3.76071
3.76188
3.76306
3.76423
3.76541
3.76659
3.76776
3.76893
3.77009
3.77126
3.77243
3.77359
3.77476
3.77592
3.77708
3.77824
3.7794
3.78056
3.78172
3.78288
3.78404
3.78519
3.78635
3.78751
3.78867
3.78982
3.79098
3.79214
3.7933
3.79445
3.79561
3.79677
3.79793
3.79909
3.80026
3.80142
3.80259
3.80375
3.80492
3.80609
3.80726
3.80843
3.8096
3.81078
3.81196
3.81314
3.81432
3.81552
3.81671
3.81791
3.8191
3.8203
3.8215
3.82271
3.82391
3.82512
3.82633
3.82756
3.82878
3.83001
3.83123
3.83248
3.83372
3.83497
3.83621
3.83746
3.83873
3.84
3.84128
3.84255
3.84383
3.84512
3.84642
3.84771
3.849
3.8503
3.85162
3.85293
3.85425
3.85556
3.85691
3.85825
3.8596
3.86094
3.86232
3.86369
3.86507
3.86644
3.86781
3.86922
3.87063
3.87204
3.87345
3.87486
3.87627
3.8777
3.87914
3.88057
3.88201
3.88347
3.88494
3.8864
3.88787
3.88933
3.89083
3.89232
3.89382
3.89531
3.89683
3.89836
3.89989
3.90142
3.90295
3.9045
3.90605
3.9076
3.90916
3.91071
3.91228
3.91386
3.91543
3.917
3.9186
3.9202
3.9218
3.9234
3.925
3.92663
3.92826
3.92988
3.93151
3.93314
3.93479
3.93644
3.93808
3.93973
3.9414
3.94306
3.94473
3.94639
3.94806
3.94974
3.95143
3.95311
3.9548
3.9565
3.95821
3.95992
3.96163
3.96334
3.96505
3.96677
3.96849
3.97022
3.97194
3.97368
3.97542
3.97716
3.9789
3.98065
3.98241
3.98417
3.98593
3.98769
3.98945
3.99122
3.99299
3.99476
3.99654
3.99832
4.0001
4.00189
4.00367
4.00547
4.00727
4.00907
4.01086
4.01266
4.01447
4.01629
4.0181
4.01992
4.02173
4.02356
4.02538
4.02721
4.02903
4.03086
4.0327
4.03453
4.03637
4.03821
4.04006
4.04191
4.04376
4.04561
4.04747
4.04934
4.0512
4.05307
4.05494
4.0568
4.05868
4.06056
4.06244
4.06431
4.0662
4.06809
4.06998
4.07187
4.07378
4.07568
4.07759
4.07949
4.0814
4.08332
4.08524
4.08716
4.08909
4.09101
4.09295
4.09488
4.09682
4.09876
4.10071
4.10266
4.10461
4.10656
4.10851
4.11048
4.11245
4.11442
4.11639
4.11838
4.12036
4.12235
4.12434
4.12633
4.12834
4.13035
4.13237
4.13438
4.13639
4.13842
4.14045
4.14248
4.14451
4.14656
4.14861
4.15066
4.15271
4.15478
4.15685
4.15891
4.16098
4.16305
4.16514
4.16723
4.16933
4.17142
4.17354
4.17566
4.17779
4.17991
4.18203
4.18416
4.1863
4.18845
4.19059
4.19274
4.1949
4.19707
4.19924
4.20141
4.2036
4.2058
4.20799
4.21019
4.21238
4.21461
4.21684
4.21907
4.2213
4.22353
4.22578
4.22803
4.23029
4.23254
4.23479
4.23708
4.23936
4.24164
4.24393
4.24624
4.24856
4.25087
4.25319
4.25551
4.25783
4.26017
4.26251
4.26485
4.26719
4.26956
4.27192
4.27429
4.27665
4.27902
4.28141
4.2838
4.28619
4.28858
4.291
4.29342
4.29584
4.29826
4.3007
4.30315
4.3056
4.30805
4.3105
4.31295
4.31541
4.31788
4.32035
4.32282
4.32531
4.32779
4.33028
4.33277
4.33526
4.33777
4.34028
4.34279
4.34529
4.34782
4.35034
4.35287
4.3554
4.35793
4.36046
4.36299
4.36553
4.36807
4.37061
4.37316
4.37571
4.37826
4.38081
4.38336
4.38592
4.38848
4.39104
4.39359
4.39616
4.39873
4.40129
4.40386
4.40642
4.40899
4.41157
4.41414
4.41671
4.41928
4.42185
4.42442
4.42699
4.42957
4.43214
4.43471
4.43728
4.43985
4.44242
4.44499
4.44756
4.45013
4.4527
4.45526
4.45783
4.46039
4.46295
4.46551
4.46807
4.47063
4.47318
4.47574
4.47829
4.48084
4.48339
4.48594
4.48849
4.49103
4.49357
4.49611
4.49865
4.50118
4.5037
4.50623
4.50875
4.51128
4.51379
4.51631
4.51882
4.52134
4.52385
4.52635
4.52886
4.53136
4.53386
4.53635
4.53885
4.54134
4.54383
4.54632
4.5488
4.55127
4.55375
4.55622
4.55868
4.56114
4.5636
4.56606
4.5685
4.57094
4.57338
4.57582
4.57826
4.58069
4.58311
4.58554
4.58796
4.59039
4.5928
4.59521
4.59762
4.60004
4.60243
4.60483
4.60723
4.60963
4.61201
4.61439
4.61677
4.61915
4.62151
4.62388
4.62623
4.62859
4.63095
4.63331
4.63566
4.638
4.64035
4.64269
4.64503
4.64736
4.64969
4.65202
4.65434
4.65665
4.65897
4.66128
4.6636
4.66589
4.66819
4.67049
4.67278
4.67508
4.67736
4.67964
4.68192
4.68421
4.68648
4.68875
4.69102
4.69329
4.69556
4.69782
4.70008
4.70233
4.70459
4.70683
4.70908
4.71132
4.71356
4.71579
4.71802
4.72024
4.72247
4.72469
4.72691
4.72912
4.73134
4.73355
4.73576
4.73797
4.74017
4.74237
4.74457
4.74676
4.74895
4.75114
4.75332
4.7555
4.75767
4.75984
4.76201
4.76418
4.76635
4.76851
4.77067
4.77283
4.77499
4.77714
4.77928
4.78143
4.78358
4.78573
4.78786
4.78999
4.79212
4.79425
4.79637
4.79849
4.8006
4.80271
4.80483
4.80693
4.80903
4.81113
4.81323
4.81533
4.81742
4.81951
4.82159
4.82368
4.82575
4.82781
4.82988
4.83194
4.83401
4.83607
4.83813
4.84018
4.84223
4.84428
4.84632
4.84835
4.85039
4.85243
4.85444
4.85646
4.85848
4.8605
4.86251
4.86451
4.8665
4.8685
4.87049
4.87248
4.87446
4.87644
4.87841
4.88039
4.88237
4.88432
4.88627
4.88823
4.89018
4.89211
4.89404
4.89596
4.89789
4.89981
4.90172
4.90362
4.90553
4.90743
4.90933
4.91122
4.9131
4.91498
4.91687
4.91872
4.92057
4.92243
4.92428
4.92611
4.92794
4.92975
4.93157
4.93339
4.93521
4.937
4.93879
4.94058
4.94238
4.94414
4.94591
4.94767
4.94944
4.95117
4.9529
4.95463
4.95635
4.95808
4.95978
4.96146
4.96315
4.96483
4.96652
4.96817
4.96982
4.97148
4.97313
4.97475
4.97637
4.97799
4.97962
4.98124
4.98282
4.9844
4.98598
4.98755
4.98909
4.99062
4.99215
4.99367
4.9952
4.99673
4.99822
4.99971
5.0012
5.00269
5.00419
5.00563
5.00708
5.00852
5.00997
5.01136
5.01276
5.01416
5.01556
5.01692
5.01827
5.01961
5.02095
5.02229
5.02363
5.02493
5.02622
5.02752
5.02882
5.03007
5.03132
5.03257
5.03382
5.03507
5.03626
5.03745
5.03864
5.03982
5.04101
5.04216
5.04332
5.04447
5.04563
5.04678
5.04788
5.04898
5.05008
5.05119
5.05223
5.05328
5.05433
5.05537
5.05642
5.05741
5.05841
5.0594
5.06039
5.06133
5.06225
5.06318
5.06411
5.06503
5.06591
5.06679
5.06768
5.06856
5.06944
5.07027
5.07111
5.07195
5.07278
5.07357
5.07436
5.07516
5.07595
5.07674
5.07747
5.07821
5.07894
5.07968
5.08036
5.08103
5.08169
5.08236
5.08303
5.08316
5.0833
5.08344
5.08357
5.08366
5.08375
5.08383
5.08392
5.08396
5.084
5.08404
5.08408
5.08412
5.0841
5.08409
5.08407
5.08405
5.08399
5.08392
5.08385
5.08378
5.08368
5.08356
5.08344
5.08331
5.08319
5.08306
5.0829
5.08274
5.08258
5.08242
5.08226
5.08206
5.08186
5.08166
5.08146
5.08122
5.08097
5.08073
5.08048
5.08023
5.07995
5.07968
5.0794
5.07912
5.07882
5.07851
5.07821
5.0779
5.07759
5.07726
5.07693
5.07659
5.07626
5.07589
5.07552
5.07516
5.07479
5.07442
5.07402
5.07363
5.07323
5.07283
5.07243
5.072
5.07158
5.07115
5.07072
5.07027
5.06982
5.06936
5.06891
5.06846
5.06798
5.0675
5.06702
5.06654
5.06606
5.06556
5.06507
5.06457
5.06407
5.06356
5.06305
5.06254
5.06203
5.06152
5.061
5.06048
5.05995
5.05943
5.05889
5.05836
5.05782
5.05729
5.05675
5.05621
5.05567
5.05513
5.05458
5.05404
5.05349
5.05295
5.0524
5.05185
5.0513
5.05076
5.05021
5.04966
5.04911
5.04857
5.04802
5.04747
5.04693
5.04638
5.04584
5.0453
5.04475
5.04421
5.04368
5.04314
5.04261
5.04207
5.04154
5.04101
5.04049
5.03996
5.03944
5.03892
5.0384
5.03788
5.03737
5.03685
5.03635
5.03584
5.03534
5.03483
5.03435
5.03386
5.03338
5.03289
5.03241
5.03192
5.03145
5.03098
5.03051
5.03004
5.02959
5.02913
5.02868
5.02822
5.02779
5.02735
5.02692
5.02648
5.02607
5.02565
5.02524
5.02484
5.02443
5.02402
5.02363
5.02324
5.02285
5.02247
5.0221
5.02173
5.02136
5.02099
5.02065
5.0203
5.01996
5.01961
5.01929
5.01897
5.01866
5.01835
5.01804
5.01773
5.01744
5.01715
5.01686
5.01657
5.01628
5.01601
5.01574
5.01547
5.0152
5.01496
5.01472
5.01449
5.01425
5.01401
5.01379
5.01358
5.01337
5.01316
5.01298
5.0128
5.01262
5.01245
5.01227
5.01212
5.01196
5.01181
5.01165
5.01152
5.01139
5.01126
5.01113
5.011
5.01089
5.01078
5.01067
5.01056
5.01048
5.0104
5.01031
5.01023
5.01018
5.01012
5.01007
5.01001
5.00998
5.00994
5.00991
5.00988
5.00986
5.00985
5.00983
5.00982
5.00981
5.00982
5.00983
5.00984
5.00985
5.00986
5.00989
5.00993
5.00996
5.00999
5.01005
5.01011
5.01017
5.01022
5.01028
5.01036
5.01043
5.01051
5.01058
5.01066
5.01075
5.01084
5.01093
5.01102
5.01111
5.01122
5.01133
5.01143
5.01154
5.01166
5.01179
5.01191
5.01203
5.01217
5.0123
5.01244
5.01258
5.01272
5.01286
5.013
5.01315
5.0133
5.01345
5.01359
5.01375
5.01391
5.01407
5.01422
5.01439
5.01455
5.01472
5.01488
5.01505
5.01523
5.0154
5.01557
5.01574
5.01591
5.01609
5.01626
5.01644
5.01661
5.01679
5.01696
5.01714
5.01732
5.01749
5.01767
5.01785
5.01802
5.0182
5.01838
5.01855
5.01873
5.0189
5.01908
5.01925
5.01942
5.0196
5.01977
5.01994
5.02011
5.02028
5.02045
5.02062
5.02078
5.02094
5.02111
5.02127
5.02143
5.02158
5.02173
5.02189
5.02204
5.02219
5.02234
5.02248
5.02263
5.02277
5.02291
5.02305
5.02319
5.02332
5.02345
5.02357
5.0237
5.02382
5.02395
5.02406
5.02417
5.02428
5.02439
5.0245
5.02459
5.02469
5.02479
5.02489
5.02497
5.02506
5.02514
5.02523
5.02531
5.02538
5.02545
5.02552
5.02559
5.02564
5.02569
5.02574
5.02579
5.02584
5.02587
5.02591
5.02594
5.02598
5.02601
5.02603
5.02605
5.02607
5.02609
5.0261
5.0261
5.02611
5.02611
5.0261
5.02609
5.02607
5.02606
5.02605
5.02601
5.02598
5.02595
5.02592
5.02587
5.02581
5.02576
5.0257
5.02565
5.02557
5.0255
5.02543
5.02536
5.02529
5.02521
5.02512
5.02504
5.02495
5.02485
5.02475
5.02465
5.02455
5.02444
5.02432
5.0242
5.02408
5.02395
5.02382
5.02368
5.02354
5.0234
5.02326
5.02311
5.02296
5.02281
5.02266
5.02249
5.02232
5.02215
5.02199
5.02182
5.02164
5.02145
5.02127
5.02108
5.0209
5.0207
5.02051
5.02031
5.02012
5.01991
5.0197
5.0195
5.01929
5.01909
5.01887
5.01865
5.01844
5.01822
5.018
5.01777
5.01754
5.01731
5.01708
5.01684
5.0166
5.01636
5.01612
5.01588
5.01563
5.01539
5.01514
5.01489
5.01464
5.01439
5.01414
5.01389
5.01363
5.01337
5.01311
5.01285
5.0126
5.01233
5.01207
5.0118
5.01154
5.01128
5.01101
5.01074
5.01047
5.01021
5.00994
5.00967
5.0094
5.00913
5.00885
5.00858
5.00831
5.00804
5.00777
5.0075
5.00723
5.00695
5.00668
5.00641
5.00614
5.00587
5.0056
5.00533
5.00506
5.00479
5.00452
5.00425
5.00398
5.00372
5.00345
5.00319
5.00292
5.00266
5.0024
5.00214
5.00188
5.00162
5.00136
5.0011
5.00085
5.00059
5.00034
5.00009
4.99984
4.99959
4.99935
4.9991
4.99886
4.99862
4.99838
4.99814
4.9979
4.99767
4.99744
4.99721
4.99698
4.99675
4.99653
4.99631
4.99609
4.99587
4.99565
4.99544
4.99523
4.99502
4.99481
4.99461
4.99441
4.99422
4.99402
4.99383
4.99363
4.99345
4.99326
4.99308
4.99289
4.99272
4.99255
4.99237
4.9922
4.99203
4.99187
4.99172
4.99156
4.9914
4.99125
4.9911
4.99096
4.99081
4.99067
4.99054
4.9904
4.99027
4.99014
4.99002
4.98989
4.98977
4.98965
4.98954
4.98944
4.98933
4.98922
4.98912
4.98903
4.98894
4.98885
4.98876
4.98867
4.98859
4.98851
4.98844
4.98836
4.98829
4.98823
4.98816
4.9881
4.98803
4.98798
4.98793
4.98787
4.98782
4.98778
4.98774
4.9877
4.98766
4.98764
4.98762
4.98759
4.98757
4.98755
4.98753
4.98752
4.98751
4.9875
4.98749
4.98747
4.98748
4.98748
4.98748
4.98749
4.9875
4.98752
4.98754
4.98756
4.98757
4.9876
4.98763
4.98766
4.98769
4.98773
4.98776
4.9878
4.98784
4.98788
4.98793
4.98798
4.98802
4.98807
4.98813
4.98819
4.98825
4.98831
4.98837
4.98844
4.98851
4.98858
4.98866
4.98873
4.98881
4.98888
4.98896
4.98904
4.98912
4.98921
4.98929
4.98938
4.98947
4.98955
4.98965
4.98974
4.98983
4.98993
4.99003
4.99013
4.99023
4.99033
4.99043
4.99054
4.99064
4.99075
4.99085
4.99096
4.99107
4.99118
4.99128
4.99139
4.99151
4.99162
4.99173
4.99185
4.99196
4.99208
4.99219
4.99231
4.99243
4.99254
4.99266
4.99278
4.99289
4.99301
4.99313
4.99325
4.99337
4.99349
4.9936
4.99372
4.99384
4.99396
4.99408
4.9942
4.99432
4.99443
4.99455
4.99467
4.99479
4.99491
4.99502
4.99514
4.99526
4.99537
4.99549
4.9956
4.99571
4.99583
4.99594
4.99605
4.99616
4.99628
4.99638
4.99649
4.9966
4.9967
4.99681
4.99691
4.99702
4.99712
4.99722
4.99732
4.99742
4.99752
4.99762
4.99772
4.99781
4.99791
4.998
4.99809
4.99818
4.99827
4.99836
4.99845
4.99853
4.99861
4.99869
4.99877
4.99885
4.99893
4.999
4.99907
4.99915
4.99922
4.99929
4.99935
4.99942
4.99949
4.99955
4.99961
4.99967
4.99973
4.99979
4.99984
4.9999
4.99995
5.00001
5.00005
5.0001
5.00014
5.00019
5.00024
5.00027
5.00031
5.00035
5.00038
5.00041
5.00044
5.00047
5.00049
5.00052
5.00054
5.00056
5.00058
5.0006
5.00061
5.00063
5.00064
5.00065
5.00067
5.00067
5.00068
5.00068
5.00068
5.00068
5.00068
5.00067
5.00067
5.00066
5.00065
5.00064
5.00063
5.00062
5.0006
5.00058
5.00057
5.00055
5.00053
5.00051
5.00048
5.00045
5.00043
5.0004
5.00036
5.00033
5.00029
5.00026
5.00022
5.00018
5.00014
5.00009
5.00005
5.00001
4.99996
4.99991
4.99987
4.99982
4.99977
4.99971
4.99966
4.9996
4.99954
4.99948
4.99942
4.99936
4.9993
4.99924
4.99917
4.9991
4.99904
4.99897
4.9989
4.99883
4.99876
4.99869
4.99862
4.99855
4.99847
4.9984
4.99832
4.99824
4.99816
4.99808
4.998
4.99792
4.99784
4.99776
4.99768
4.9976
4.99751
4.99743
4.99734
4.99726
4.99717
4.99709
4.997
4.99692
4.99683
4.99674
4.99665
4.99656
4.99648
4.99639
4.9963
4.99621
4.99612
4.99603
4.99594
4.99585
4.99576
4.99567
4.99558
4.99549
4.9954
4.99531
4.99522
4.99513
4.99504
4.99495
4.99486
4.99477
4.99468
4.99459
4.9945
4.99441
4.99432
4.99423
4.99414
4.99406
4.99397
4.99388
4.9938
4.99371
4.99363
4.99354
4.99346
4.99337
