-1.00703
-1.00749
-1.00795
-1.00841
-1.00887
-1.00933
-1.00979
-1.01025
-1.0107
-1.01116
-1.01162
-1.01208
-1.01254
-1.013
-1.01345
-1.01391
-1.01437
-1.01483
-1.01528
-1.01574
-1.0162
-1.01665
-1.01711
-1.01757
-1.01802
-1.01848
-1.01893
-1.01939
-1.01984
-1.02029
-1.02075
-1.0212
-1.02166
-1.02211
-1.02256
-1.02301
-1.02347
-1.02392
-1.02437
-1.02482
-1.02527
-1.02573
-1.02618
-1.02663
-1.02708
-1.02753
-1.02798
-1.02843
-1.02888
-1.02933
-1.02977
-1.03022
-1.03067
-1.03112
-1.03157
-1.03202
-1.03247
-1.03291
-1.03336
-1.03381
-1.03425
-1.0347
-1.03515
-1.03559
-1.03604
-1.03648
-1.03693
-1.03737
-1.03782
-1.03826
-1.03871
-1.03915
-1.03959
-1.04004
-1.04048
-1.04092
-1.04137
-1.04181
-1.04225
-1.04269
-1.04313
-1.04358
-1.04402
-1.04446
-1.0449
-1.04534
-1.04578
-1.04622
-1.04666
-1.0471
-1.04754
-1.04798
-1.04842
-1.04886
-1.0493
-1.04974
-1.05018
-1.05062
-1.05105
-1.05149
-1.05193
-1.05237
-1.0528
-1.05324
-1.05368
-1.05411
-1.05455
-1.05499
-1.05543
-1.05586
-1.0563
-1.05673
-1.05717
-1.0576
-1.05804
-1.05847
-1.05891
-1.05934
-1.05978
-1.06021
-1.06065
-1.06108
-1.06152
-1.06195
-1.06239
-1.06282
-1.06325
-1.06369
-1.06412
-1.06455
-1.06499
-1.06542
-1.06585
-1.06628
-1.06672
-1.06715
-1.06758
-1.06801
-1.06845
-1.06888
-1.06931
-1.06974
-1.07017
-1.07061
-1.07104
-1.07147
-1.0719
-1.07233
-1.07276
-1.07319
-1.07363
-1.07406
-1.07449
-1.07492
-1.07535
-1.07578
-1.07621
-1.07664
-1.07707
-1.0775
-1.07793
-1.07836
-1.07879
-1.07922
-1.07965
-1.08008
-1.08051
-1.08094
-1.08137
-1.0818
-1.08223
-1.08266
-1.08309
-1.08352
-1.08395
-1.08438
-1.08481
-1.08524
-1.08567
-1.0861
-1.08653
-1.08696
-1.08739
-1.08782
-1.08825
-1.08868
-1.08911
-1.08954
-1.08997
-1.0904
-1.09083
-1.09126
-1.09169
-1.09213
-1.09256
-1.09299
-1.09342
-1.09385
-1.09428
-1.09471
-1.09514
-1.09557
-1.096
-1.09643
-1.09686
-1.09729
-1.09772
-1.09815
-1.09858
-1.09901
-1.09945
-1.09988
-1.10031
-1.10074
-1.10117
-1.1016
-1.10203
-1.10247
-1.1029
-1.10333
-1.10376
-1.10419
-1.10462
-1.10506
-1.10549
-1.10592
-1.10635
-1.10679
-1.10722
-1.10765
-1.10808
-1.10852
-1.10895
-1.10938
-1.10982
-1.11025
-1.11068
-1.11112
-1.11155
-1.11198
-1.11242
-1.11285
-1.11328
-1.11372
-1.11415
-1.11459
-1.11502
-1.11546
-1.11589
-1.11633
-1.11676
-1.1172
-1.11763
-1.11807
-1.1185
-1.11894
-1.11937
-1.11981
-1.12024
-1.12068
-1.12112
-1.12155
-1.12199
-1.12243
-1.12286
-1.1233
-1.12374
-1.12417
-1.12461
-1.12505
-1.12549
-1.12592
-1.12636
-1.1268
-1.12724
-1.12768
-1.12811
-1.12855
-1.12899
-1.12943
-1.12987
-1.13031
-1.13075
-1.13119
-1.13163
-1.13207
-1.13251
-1.13295
-1.13339
-1.13383
-1.13427
-1.13471
-1.13515
-1.13559
-1.13603
-1.13647
-1.13691
-1.13735
-1.1378
-1.13824
-1.13868
-1.13912
-1.13956
-1.14001
-1.14045
-1.14089
-1.14133
-1.14178
-1.14222
-1.14266
-1.1431
-1.14355
-1.14399
-1.14443
-1.14488
-1.14532
-1.14577
-1.14621
-1.14665
-1.1471
-1.14754
-1.14799
-1.14843
-1.14888
-1.14932
-1.14977
-1.15021
-1.15066
-1.1511
-1.15155
-1.15199
-1.15244
-1.15289
-1.15333
-1.15378
-1.15422
-1.15467
-1.15512
-1.15556
-1.15601
-1.15646
-1.15691
-1.15735
-1.1578
-1.15825
-1.15869
-1.15914
-1.15959
-1.16004
-1.16049
-1.16093
-1.16138
-1.16183
-1.16228
-1.16273
-1.16318
-1.16362
-1.16407
-1.16452
-1.16497
-1.16542
-1.16587
-1.16632
-1.16677
-1.16722
-1.16767
-1.16812
-1.16857
-1.16902
-1.16947
-1.16992
-1.17037
-1.17082
-1.17127
-1.17172
-1.17217
-1.17262
-1.17307
-1.17352
-1.17397
-1.17442
-1.17487
-1.17532
-1.17577
-1.17622
-1.17667
-1.17712
-1.17758
-1.17803
-1.17848
-1.17893
-1.17938
-1.17983
-1.18028
-1.18073
-1.18119
-1.18164
-1.18209
-1.18254
-1.18299
-1.18344
-1.18389
-1.18435
-1.1848
-1.18525
-1.1857
-1.18615
-1.18661
-1.18706
-1.18751
-1.18796
-1.18841
-1.18886
-1.18932
-1.18977
-1.19022
-1.19067
-1.19112
-1.19158
-1.19203
-1.19248
-1.19293
-1.19338
-1.19384
-1.19429
-1.19474
-1.19519
-1.19564
-1.19609
-1.19655
-1.197
-1.19745
-1.1979
-1.19835
-1.19881
-1.19926
-1.19971
-1.20016
-1.20061
-1.20106
-1.20152
-1.20197
-1.20242
-1.20287
-1.20332
-1.20377
-1.20422
-1.20468
-1.20513
-1.20558
-1.20603
-1.20648
-1.20693
-1.20738
-1.20783
-1.20829
-1.20874
-1.20919
-1.20964
-1.21009
-1.21054
-1.21099
-1.21144
-1.21189
-1.21234
-1.21279
-1.21324
-1.21369
-1.21415
-1.2146
-1.21505
-1.2155
-1.21595
-1.2164
-1.21685
-1.2173
-1.21775
-1.2182
-1.21865
-1.2191
-1.21955
-1.22
-1.22044
-1.22089
-1.22134
-1.22179
-1.22224
-1.22269
-1.22314
-1.22359
-1.22404
-1.22449
-1.22494
-1.22539
-1.22583
-1.22628
-1.22673
-1.22718
-1.22763
-1.22807
-1.22852
-1.22897
-1.22942
-1.22987
-1.23031
-1.23076
-1.23121
-1.23166
-1.2321
-1.23255
-1.233
-1.23345
-1.23389
-1.23434
-1.23479
-1.23523
-1.23568
-1.23612
-1.23657
-1.23702
-1.23746
-1.23791
-1.23835
-1.2388
-1.23924
-1.23969
-1.24013
-1.24058
-1.24102
-1.24147
-1.24191
-1.24236
-1.2428
-1.24324
-1.24369
-1.24413
-1.24457
-1.24502
-1.24546
-1.2459
-1.24635
-1.24679
-1.24723
-1.24767
-1.24812
-1.24856
-1.249
-1.24944
-1.24988
-1.25032
-1.25077
-1.25121
-1.25165
-1.25209
-1.25253
-1.25297
-1.25341
-1.25385
-1.25429
-1.25473
-1.25517
-1.2556
-1.25604
-1.25648
-1.25692
-1.25736
-1.2578
-1.25823
-1.25867
-1.25911
-1.25955
-1.25998
-1.26042
-1.26086
-1.26129
-1.26173
-1.26216
-1.2626
-1.26304
-1.26347
-1.26391
-1.26434
-1.26478
-1.26521
-1.26565
-1.26608
-1.26651
-1.26695
-1.26738
-1.26781
-1.26825
-1.26868
-1.26911
-1.26954
-1.26998
-1.27041
-1.27084
-1.27127
-1.2717
-1.27213
-1.27256
-1.273
-1.27343
-1.27386
-1.27429
-1.27472
-1.27514
-1.27557
-1.276
-1.27643
-1.27686
-1.27729
-1.27772
-1.27814
-1.27857
-1.279
-1.27943
-1.27985
-1.28028
-1.28071
-1.28113
-1.28156
-1.28198
-1.28241
-1.28284
-1.28326
-1.28369
-1.28411
-1.28453
-1.28496
-1.28538
-1.28581
-1.28623
-1.28665
-1.28708
-1.2875
-1.28792
-1.28834
-1.28877
-1.28919
-1.28961
-1.29003
-1.29045
-1.29087
-1.29129
-1.29171
-1.29213
-1.29255
-1.29297
-1.29339
-1.29381
-1.29423
-1.29465
-1.29507
-1.29549
-1.2959
-1.29632
-1.29674
-1.29716
-1.29758
-1.29799
-1.29841
-1.29883
-1.29924
-1.29966
-1.30008
-1.30049
-1.30091
-1.30132
-1.30174
-1.30215
-1.30257
-1.30298
-1.3034
-1.30381
-1.30423
-1.30464
-1.30505
-1.30547
-1.30588
-1.30629
-1.30671
-1.30712
-1.30753
-1.30795
-1.30836
-1.30877
-1.30918
-1.3096
-1.31001
-1.31042
-1.31083
-1.31124
-1.31165
-1.31206
-1.31247
-1.31289
-1.3133
-1.31371
-1.31412
-1.31453
-1.31494
-1.31535
-1.31576
-1.31617
-1.31658
-1.31699
-1.31739
-1.3178
-1.31821
-1.31862
-1.31903
-1.31944
-1.31985
-1.32026
-1.32066
-1.32107
-1.32148
-1.32189
-1.3223
-1.3227
-1.32311
-1.32352
-1.32393
-1.32434
-1.32474
-1.32515
-1.32556
-1.32596
-1.32637
-1.32678
-1.32719
-1.32759
-1.328
-1.32841
-1.32881
-1.32922
-1.32963
-1.33003
-1.33044
-1.33084
-1.33125
-1.33166
-1.33206
-1.33247
-1.33287
-1.33328
-1.33369
-1.33409
-1.3345
-1.3349
-1.33531
-1.33571
-1.33612
-1.33652
-1.33693
-1.33734
-1.33774
-1.33815
-1.33855
-1.33896
-1.33936
-1.33977
-1.34017
-1.34057
-1.34098
-1.34138
-1.34179
-1.34219
-1.3426
-1.343
-1.34341
-1.34381
-1.34422
-1.34462
-1.34502
-1.34543
-1.34583
-1.34624
-1.34664
-1.34704
-1.34745
-1.34785
-1.34826
-1.34866
-1.34906
-1.34947
-1.34987
-1.35028
-1.35068
-1.35108
-1.35149
-1.35189
-1.35229
-1.3527
-1.3531
-1.3535
-1.35391
-1.35431
-1.35472
-1.35512
-1.35552
-1.35593
-1.35633
-1.35673
-1.35714
-1.35754
-1.35794
-1.35835
-1.35875
-1.35915
-1.35956
-1.35996
-1.36036
-1.36077
-1.36117
-1.36157
-1.36198
-1.36238
-1.36278
-1.36318
-1.36359
-1.36399
-1.36439
-1.3648
-1.3652
-1.3656
-1.36601
-1.36641
-1.36681
-1.36722
-1.36762
-1.36802
-1.36842
-1.36883
-1.36923
-1.36963
-1.37004
-1.37044
-1.37084
-1.37124
-1.37165
-1.37205
-1.37245
-1.37286
-1.37326
-1.37366
-1.37406
-1.37447
-1.37487
-1.37527
-1.37568
-1.37608
-1.37648
-1.37688
-1.37729
-1.37769
-1.37809
-1.37849
-1.3789
-1.3793
-1.3797
-1.38011
-1.38051
-1.38091
-1.38131
-1.38172
-1.38212
-1.38252
-1.38292
-1.38333
-1.38373
-1.38413
-1.38453
-1.38494
-1.38534
-1.38574
-1.38614
-1.38655
-1.38695
-1.38735
-1.38775
-1.38816
-1.38856
-1.38896
-1.38936
-1.38977
-1.39017
-1.39057
-1.39097
-1.39138
-1.39178
-1.39218
-1.39258
-1.39299
-1.39339
-1.39379
-1.39419
-1.39459
-1.395
-1.3954
-1.3958
-1.3962
-1.39661
-1.39701
-1.39741
-1.39781
-1.39821
-1.39862
-1.39902
-1.39942
-1.39982
-1.40022
-1.40063
-1.40103
-1.40143
-1.40183
-1.40224
-1.40264
-1.40304
-1.40344
-1.40384
-1.40425
-1.40465
-1.40505
-1.40545
-1.40585
-1.40626
-1.40666
-1.40706
-1.40746
-1.40786
-1.40826
-1.40867
-1.40907
-1.40947
-1.40987
-1.41027
-1.41068
-1.41108
-1.41148
-1.41188
-1.41228
-1.41269
-1.41309
-1.41349
-1.41389
-1.41429
-1.41469
-1.4151
-1.4155
-1.4159
-1.4163
-1.4167
-1.41711
-1.41751
-1.41791
-1.41831
-1.41871
-1.41911
-1.41952
-1.41992
-1.42032
-1.42072
-1.42112
-1.42153
-1.42193
-1.42233
-1.42273
-1.42313
-1.42354
-1.42394
-1.42434
-1.42474
-1.42514
-1.42555
-1.42595
-1.42635
-1.42675
-1.42716
-1.42756
-1.42796
-1.42836
-1.42876
-1.42917
-1.42957
-1.42997
-1.43037
-1.43078
-1.43118
-1.43158
-1.43199
-1.43239
-1.43279
-1.43319
-1.4336
-1.434
-1.4344
-1.43481
-1.43521
-1.43561
-1.43601
-1.43642
-1.43682
-1.43722
-1.43763
-1.43803
-1.43843
-1.43884
-1.43924
-1.43964
-1.44005
-1.44045
-1.44086
-1.44126
-1.44166
-1.44207
-1.44247
-1.44287
-1.44328
-1.44368
-1.44409
-1.44449
-1.44489
-1.4453
-1.4457
-1.44611
-1.44651
-1.44691
-1.44732
-1.44772
-1.44813
-1.44853
-1.44893
-1.44934
-1.44974
-1.45015
-1.45055
-1.45095
-1.45136
-1.45176
-1.45217
-1.45257
-1.45298
-1.45338
-1.45379
-1.45419
-1.45459
-1.455
-1.4554
-1.45581
-1.45621
-1.45662
-1.45702
-1.45743
-1.45783
-1.45824
-1.45864
-1.45904
-1.45945
-1.45985
-1.46026
-1.46066
-1.46107
-1.46147
-1.46188
-1.46228
-1.46269
-1.46309
-1.4635
-1.4639
-1.46431
-1.46471
-1.46512
-1.46552
-1.46593
-1.46633
-1.46674
-1.46714
-1.46755
-1.46796
-1.46836
-1.46877
-1.46917
-1.46958
-1.46998
-1.47039
-1.47079
-1.4712
-1.47161
-1.47201
-1.47242
-1.47282
-1.47323
-1.47364
-1.47404
-1.47445
-1.47485
-1.47526
-1.47567
-1.47607
-1.47648
-1.47689
-1.47729
-1.4777
-1.4781
-1.47851
-1.47892
-1.47932
-1.47973
-1.48014
-1.48054
-1.48095
-1.48136
-1.48176
-1.48217
-1.48258
-1.48298
-1.48339
-1.4838
-1.48421
-1.48461
-1.48502
-1.48543
-1.48583
-1.48624
-1.48665
-1.48706
-1.48746
-1.48787
-1.48828
-1.48869
-1.48909
-1.4895
-1.48991
-1.49032
-1.49072
-1.49113
-1.49154
-1.49195
-1.49236
-1.49276
-1.49317
-1.49358
-1.49399
-1.4944
-1.4948
-1.49521
-1.49562
-1.49603
-1.49644
-1.49684
-1.49725
-1.49766
-1.49807
-1.49848
-1.49889
-1.49929
-1.4997
-1.50011
-1.50052
-1.50093
-1.50134
-1.50175
-1.50216
-1.50256
-1.50297
-1.50338
-1.50379
-1.5042
-1.50461
-1.50502
-1.50543
-1.50584
-1.50624
-1.50665
-1.50706
-1.50747
-1.50788
-1.50829
-1.5087
-1.50911
-1.50952
-1.50993
-1.51034
-1.51075
-1.51116
-1.51157
-1.51197
-1.51238
-1.51279
-1.5132
-1.51361
-1.51402
-1.51443
-1.51484
-1.51525
-1.51566
-1.51607
-1.51648
-1.51689
-1.5173
-1.51771
-1.51812
-1.51853
-1.51894
-1.51935
-1.51976
-1.52017
-1.52058
-1.52099
-1.5214
-1.52181
-1.52222
-1.52263
-1.52304
-1.52345
-1.52386
-1.52427
-1.52468
-1.52509
-1.5255
-1.52591
-1.52632
-1.52673
-1.52714
-1.52755
-1.52796
-1.52837
-1.52879
-1.5292
-1.52961
-1.53002
-1.53043
-1.53084
-1.53125
-1.53166
-1.53207
-1.53248
-1.53289
-1.5333
-1.53372
-1.53413
-1.53454
-1.53495
-1.53536
-1.53577
-1.53618
-1.5366
-1.53701
-1.53742
-1.53783
-1.53824
-1.53865
-1.53907
-1.53948
-1.53989
-1.5403
-1.54071
-1.54112
-1.54154
-1.54195
-1.54236
-1.54277
-1.54318
-1.5436
-1.54401
-1.54442
-1.54483
-1.54524
-1.54566
-1.54607
-1.54648
-1.54689
-1.54731
-1.54772
-1.54813
-1.54854
-1.54896
-1.54937
-1.54978
-1.55019
-1.55061
-1.55102
-1.55143
-1.55184
-1.55226
-1.55267
-1.55308
-1.55349
-1.55391
-1.55432
-1.55473
-1.55515
-1.55556
-1.55597
-1.55638
-1.5568
-1.55721
-1.55762
-1.55804
-1.55845
-1.55886
-1.55928
-1.55969
-1.5601
-1.56052
-1.56093
-1.56134
-1.56176
-1.56217
-1.56258
-1.563
-1.56341
-1.56382
-1.56424
-1.56465
-1.56506
-1.56548
-1.56589
-1.56631
-1.56672
-1.56713
-1.56755
-1.56796
-1.56837
-1.56879
-1.5692
-1.56962
-1.57003
-1.57045
-1.57086
-1.57127
-1.57169
-1.5721
-1.57252
-1.57293
-1.57334
-1.57376
-1.57417
-1.57459
-1.575
-1.57542
-1.57583
-1.57624
-1.57666
-1.57707
-1.57749
-1.5779
-1.57832
-1.57873
-1.57915
-1.57956
-1.57997
-1.58039
-1.5808
-1.58122
-1.58163
-1.58205
-1.58246
-1.58288
-1.58329
-1.5837
-1.58412
-1.58453
-1.58495
-1.58536
-1.58578
-1.58619
-1.58661
-1.58702
-1.58744
-1.58785
-1.58827
-1.58868
-1.58909
-1.58951
-1.58992
-1.59034
-1.59075
-1.59117
-1.59158
-1.592
-1.59241
-1.59283
-1.59324
-1.59365
-1.59407
-1.59448
-1.5949
-1.59531
-1.59573
-1.59614
-1.59656
-1.59697
-1.59738
-1.5978
-1.59821
-1.59863
-1.59904
-1.59946
-1.59987
-1.60028
-1.6007
-1.60111
-1.60153
-1.60194
-1.60236
-1.60277
-1.60318
-1.6036
-1.60401
-1.60443
-1.60484
-1.60525
-1.60567
-1.60608
-1.6065
-1.60691
-1.60732
-1.60774
-1.60815
-1.60857
-1.60898
-1.60939
-1.60981
-1.61022
-1.61063
-1.61105
-1.61146
-1.61188
-1.61229
-1.6127
-1.61312
-1.61353
-1.61394
-1.61436
-1.61477
-1.61518
-1.6156
-1.61601
-1.61642
-1.61684
-1.61725
-1.61766
-1.61808
-1.61849
-1.6189
-1.61932
-1.61973
-1.62014
-1.62056
-1.62097
-1.62138
-1.6218
-1.62221
-1.62262
-1.62304
-1.62345
-1.62386
-1.62428
-1.62469
-1.6251
-1.62552
-1.62593
-1.62634
-1.62676
-1.62717
-1.62758
-1.62799
-1.62841
-1.62882
-1.62923
-1.62965
-1.63006
-1.63047
-1.63088
-1.6313
-1.63171
-1.63212
-1.63254
-1.63295
-1.63336
-1.63377
-1.63419
-1.6346
-1.63501
-1.63543
-1.63584
-1.63625
-1.63666
-1.63708
-1.63749
-1.6379
-1.63832
-1.63873
-1.63914
-1.63955
-1.63997
-1.64038
-1.64079
-1.6412
-1.64162
-1.64203
-1.64244
-1.64285
-1.64327
-1.64368
-1.64409
-1.64451
-1.64492
-1.64533
-1.64574
-1.64616
-1.64657
-1.64698
-1.64739
-1.64781
-1.64822
-1.64863
-1.64905
-1.64946
-1.64987
-1.65028
-1.6507
-1.65111
-1.65152
-1.65193
-1.65235
-1.65276
-1.65317
-1.65359
-1.654
-1.65441
-1.65482
-1.65524
-1.65565
-1.65606
-1.65647
-1.65689
-1.6573
-1.65771
-1.65813
-1.65854
-1.65895
-1.65936
-1.65978
-1.66019
-1.6606
-1.66102
-1.66143
-1.66184
-1.66225
-1.66267
-1.66308
-1.66349
-1.66391
-1.66432
-1.66473
-1.66514
-1.66556
-1.66597
-1.66638
-1.6668
-1.66721
-1.66762
-1.66803
-1.66845
-1.66886
-1.66927
-1.66969
-1.6701
-1.67051
-1.67092
-1.67134
-1.67175
-1.67216
-1.67258
-1.67299
-1.6734
-1.67382
-1.67423
-1.67464
-1.67505
-1.67547
-1.67588
-1.67629
-1.67671
-1.67712
-1.67753
-1.67794
-1.67836
-1.67877
-1.67918
-1.67959
-1.68001
-1.68042
-1.68083
-1.68125
-1.68166
-1.68207
-1.68248
-1.6829
-1.68331
-1.68372
-1.68413
-1.68455
-1.68496
-1.68537
-1.68579
-1.6862
-1.68661
-1.68702
-1.68744
-1.68785
-1.68826
-1.68867
-1.68909
-1.6895
-1.68991
-1.69032
-1.69074
-1.69115
-1.69156
-1.69197
-1.69239
-1.6928
-1.69321
-1.69362
-1.69404
-1.69445
-1.69486
-1.69527
-1.69569
-1.6961
-1.69651
-1.69692
-1.69734
-1.69775
-1.69816
-1.69858
-1.69899
-1.6994
-1.69981
-1.70023
-1.70064
-1.70105
-1.70146
-1.70188
-1.70229
-1.7027
-1.70311
-1.70353
-1.70394
-1.70435
-1.70476
-1.70518
-1.70559
-1.706
-1.70642
-1.70683
-1.70724
-1.70765
-1.70807
-1.70848
-1.70889
-1.7093
-1.70972
-1.71013
-1.71054
-1.71095
-1.71137
-1.71178
-1.71219
-1.7126
-1.71302
-1.71343
-1.71384
-1.71425
-1.71467
-1.71508
-1.71549
-1.7159
-1.71632
-1.71673
-1.71714
-1.71755
-1.71797
-1.71838
-1.71879
-1.7192
-1.71962
-1.72003
-1.72044
-1.72085
-1.72126
-1.72168
-1.72209
-1.7225
-1.72291
-1.72332
-1.72373
-1.72415
-1.72456
-1.72497
-1.72538
-1.72579
-1.7262
-1.72662
-1.72703
-1.72744
-1.72785
-1.72826
-1.72867
-1.72908
-1.72949
-1.7299
-1.73031
-1.73072
-1.73113
-1.73154
-1.73195
-1.73236
-1.73277
-1.73318
-1.73359
-1.734
-1.73441
-1.73482
-1.73523
-1.73564
-1.73604
-1.73645
-1.73686
-1.73727
-1.73768
-1.73809
-1.73849
-1.7389
-1.73931
-1.73972
-1.74012
-1.74053
-1.74094
-1.74134
-1.74175
-1.74216
-1.74256
-1.74297
-1.74337
-1.74378
-1.74418
-1.74459
-1.74499
-1.7454
-1.7458
-1.74621
-1.74661
-1.74701
-1.74742
-1.74782
-1.74822
-1.74863
-1.74903
-1.74943
-1.74983
-1.75023
-1.75063
-1.75103
-1.75143
-1.75183
-1.75223
-1.75263
-1.75303
-1.75342
-1.75382
-1.75422
-1.75462
-1.75501
-1.75541
-1.7558
-1.7562
-1.75659
-1.75699
-1.75738
-1.75777
-1.75816
-1.75856
-1.75895
-1.75934
-1.75973
-1.76012
-1.7605
-1.76089
-1.76128
-1.76167
-1.76205
-1.76244
-1.76283
-1.76321
-1.76359
-1.76398
-1.76436
-1.76474
-1.76512
-1.7655
-1.76588
-1.76627
-1.76664
-1.76702
-1.7674
-1.76777
-1.76815
-1.76852
-1.7689
-1.76927
-1.76965
-1.77002
-1.77039
-1.77076
-1.77113
-1.7715
-1.77187
-1.77224
-1.77261
-1.77297
-1.77334
-1.7737
-1.77407
-1.77443
-1.7748
-1.77516
-1.77552
-1.77588
-1.77624
-1.7766
-1.77696
-1.77731
-1.77767
-1.77803
-1.77838
-1.77874
-1.77909
-1.77944
-1.77979
-1.78015
-1.7805
-1.78085
-1.7812
-1.78154
-1.78189
-1.78224
-1.78258
-1.78293
-1.78327
-1.78362
-1.78396
-1.7843
-1.78465
-1.78499
-1.78533
-1.78567
-1.78601
-1.78635
-1.78668
-1.78702
-1.78736
-1.78769
-1.78802
-1.78836
-1.78869
-1.78902
-1.78935
-1.78969
-1.79002
-1.79035
-1.79068
-1.79101
-1.79133
-1.79166
-1.79199
-1.79232
-1.79264
-1.79297
-1.79329
-1.79361
-1.79394
-1.79426
-1.79458
-1.7949
-1.79522
-1.79554
-1.79586
-1.79618
-1.7965
-1.79682
-1.79714
-1.79745
-1.79777
-1.79809
-1.7984
-1.79872
-1.79903
-1.79935
-1.79966
-1.79997
-1.80029
-1.8006
-1.80091
-1.80122
-1.80153
-1.80184
-1.80215
-1.80246
-1.80277
-1.80308
-1.80339
-1.8037
-1.80401
-1.80431
-1.80462
-1.80493
-1.80524
-1.80554
-1.80585
-1.80616
-1.80646
-1.80677
-1.80707
-1.80738
-1.80769
-1.80799
-1.80829
-1.8086
-1.8089
-1.80921
-1.80951
-1.80981
-1.81012
-1.81042
-1.81072
-1.81103
-1.81133
-1.81163
-1.81194
-1.81224
-1.81254
-1.81284
-1.81314
-1.81345
-1.81375
-1.81405
-1.81435
-1.81465
-1.81495
-1.81525
-1.81556
-1.81586
-1.81616
-1.81646
-1.81676
-1.81706
-1.81736
-1.81766
-1.81796
-1.81826
-1.81856
-1.81886
-1.81916
-1.81946
-1.81976
-1.82006
-1.82036
-1.82066
-1.82096
-1.82126
-1.82155
-1.82185
-1.82215
-1.82245
-1.82275
-1.82305
-1.82335
-1.82365
-1.82394
-1.82424
-1.82454
-1.82484
-1.82514
-1.82544
-1.82573
-1.82603
-1.82633
-1.82663
-1.82692
-1.82722
-1.82752
-1.82782
-1.82811
-1.82841
-1.82871
-1.829
-1.8293
-1.8296
-1.82989
-1.83019
-1.83048
-1.83078
-1.83108
-1.83137
-1.83167
-1.83196
-1.83226
-1.83255
-1.83285
-1.83314
-1.83344
-1.83373
-1.83403
-1.83432
-1.83461
-1.83491
-1.8352
-1.83549
-1.83578
-1.83608
-1.83637
-1.83666
-1.83695
-1.83724
-1.83753
-1.83783
-1.83812
-1.83841
-1.8387
-1.83898
-1.83927
-1.83956
-1.83985
-1.84014
-1.84043
-1.84071
-1.841
-1.84129
-1.84157
-1.84186
-1.84214
-1.84243
-1.84271
-1.843
-1.84328
-1.84356
-1.84384
-1.84412
-1.84441
-1.84469
-1.84497
-1.84525
-1.84552
-1.8458
-1.84608
-1.84636
-1.84664
-1.84691
-1.84719
-1.84747
-1.84774
-1.84801
-1.84829
-1.84856
-1.84883
-1.8491
-1.84938
-1.84965
-1.84991
-1.85018
-1.85045
-1.85072
-1.85099
-1.85125
-1.85152
-1.85178
-1.85205
-1.85231
-1.85257
-1.85284
-1.8531
-1.85336
-1.85362
-1.85388
-1.85414
-1.8544
-1.85465
-1.85491
-1.85516
-1.85542
-1.85568
-1.85593
-1.85618
-1.85644
-1.85669
-1.85694
-1.85719
-1.85744
-1.85769
-1.85794
-1.85819
-1.85844
-1.85868
-1.85893
-1.85917
-1.85941
-1.85966
-1.8599
-1.86014
-1.86038
-1.86062
-1.86086
-1.8611
-1.86134
-1.86158
-1.86181
-1.86205
-1.86229
-1.86252
-1.86275
-1.86298
-1.86321
-1.86345
-1.86368
-1.86391
-1.86414
-1.86436
-1.86459
-1.86482
-1.86505
-1.86527
-1.8655
-1.86572
-1.86595
-1.86617
-1.86639
-1.86661
-1.86683
-1.86705
-1.86727
-1.86749
-1.86771
-1.86792
-1.86814
-1.86836
-1.86857
-1.86879
-1.869
-1.86921
-1.86943
-1.86964
-1.86985
-1.87006
-1.87028
-1.87049
-1.8707
-1.87091
-1.87111
-1.87132
-1.87153
-1.87174
-1.87194
-1.87215
-1.87236
-1.87256
-1.87276
-1.87297
-1.87317
-1.87337
-1.87358
-1.87378
-1.87398
-1.87418
-1.87438
-1.87458
-1.87478
-1.87498
-1.87518
-1.87538
-1.87558
-1.87577
-1.87597
-1.87617
-1.87637
-1.87656
-1.87676
-1.87695
-1.87715
-1.87735
-1.87754
-1.87774
-1.87793
-1.87812
-1.87832
-1.87851
-1.8787
-1.8789
-1.87909
-1.87928
-1.87947
-1.87966
-1.87986
-1.88005
-1.88024
-1.88043
-1.88062
-1.88081
-1.881
-1.88119
-1.88138
-1.88157
-1.88176
-1.88195
-1.88214
-1.88233
-1.88252
-1.88271
-1.8829
-1.88309
-1.88327
-1.88346
-1.88365
-1.88384
-1.88403
-1.88421
-1.8844
-1.88459
-1.88478
-1.88496
-1.88515
-1.88534
-1.88553
-1.88571
-1.8859
-1.88609
-1.88627
-1.88646
-1.88664
-1.88683
-1.88702
-1.8872
-1.88739
-1.88757
-1.88776
-1.88795
-1.88813
-1.88832
-1.8885
-1.88869
-1.88887
-1.88906
-1.88924
-1.88942
-1.88961
-1.88979
-1.88998
-1.89016
-1.89034
-1.89053
-1.89071
-1.89089
-1.89108
-1.89126
-1.89144
-1.89163
-1.89181
-1.89199
-1.89217
-1.89236
-1.89254
-1.89272
-1.8929
-1.89308
-1.89327
-1.89345
-1.89363
-1.89381
-1.89399
-1.89417
-1.89435
-1.89453
-1.89471
-1.89489
-1.89507
-1.89525
-1.89543
-1.8956
-1.89578
-1.89596
-1.89614
-1.89632
-1.89649
-1.89667
-1.89685
-1.89703
-1.8972
-1.89738
-1.89756
-1.89773
-1.89791
-1.89808
-1.89826
-1.89843
-1.89861
-1.89878
-1.89896
-1.89913
-1.89931
-1.89948
-1.89965
-1.89983
-1.9
-1.90017
-1.90035
-1.90052
-1.90069
-1.90086
-1.90104
-1.90121
-1.90138
-1.90155
-1.90172
-1.90189
-1.90206
-1.90223
-1.9024
-1.90257
-1.90274
-1.90291
-1.90308
-1.90325
-1.90342
-1.90359
-1.90375
-1.90392
-1.90409
-1.90426
-1.90443
-1.90459
-1.90476
-1.90493
-1.9051
-1.90526
-1.90543
-1.90559
-1.90576
-1.90593
-1.90609
-1.90626
-1.90642
-1.90659
-1.90675
-1.90692
-1.90708
-1.90724
-1.90741
-1.90757
-1.90773
-1.9079
-1.90806
-1.90822
-1.90838
-1.90855
-1.90871
-1.90887
-1.90903
-1.90919
-1.90935
-1.90951
-1.90967
-1.90983
-1.90999
-1.91015
-1.91031
-1.91047
-1.91062
-1.91078
-1.91094
-1.9111
-1.91125
-1.91141
-1.91157
-1.91172
-1.91188
-1.91203
-1.91219
-1.91234
-1.9125
-1.91265
-1.9128
-1.91296
-1.91311
-1.91326
-1.91342
-1.91357
-1.91372
-1.91387
-1.91402
-1.91417
-1.91432
-1.91447
-1.91462
-1.91477
-1.91492
-1.91507
-1.91522
-1.91537
-1.91552
-1.91566
-1.91581
-1.91596
-1.91611
-1.91625
-1.9164
-1.91655
-1.91669
-1.91684
-1.91698
-1.91713
-1.91727
-1.91742
-1.91756
-1.9177
-1.91785
-1.91799
-1.91813
-1.91828
-1.91842
-1.91856
-1.9187
-1.91885
-1.91899
-1.91913
-1.91927
-1.91941
-1.91955
-1.91969
-1.91983
-1.91997
-1.92011
-1.92025
-1.92039
-1.92053
-1.92067
-1.92081
-1.92095
-1.92108
-1.92122
-1.92136
-1.9215
-1.92164
-1.92177
-1.92191
-1.92205
-1.92218
-1.92232
-1.92246
-1.92259
-1.92273
-1.92286
-1.923
-1.92314
-1.92327
-1.92341
-1.92354
-1.92368
-1.92381
-1.92395
-1.92408
-1.92421
-1.92435
-1.92448
-1.92462
-1.92475
-1.92488
-1.92502
-1.92515
-1.92528
-1.92542
-1.92555
-1.92568
-1.92581
-1.92595
-1.92608
-1.92621
-1.92634
-1.92647
-1.9266
-1.92674
-1.92687
-1.927
-1.92713
-1.92726
-1.92739
-1.92752
-1.92765
-1.92778
-1.92791
-1.92804
-1.92817
-1.9283
-1.92843
-1.92856
-1.92869
-1.92882
-1.92895
-1.92908
-1.92921
-1.92933
-1.92946
-1.92959
-1.92972
-1.92985
-1.92997
-1.9301
-1.93023
-1.93036
-1.93048
-1.93061
-1.93074
-1.93086
-1.93099
-1.93112
-1.93124
-1.93137
-1.93149
-1.93162
-1.93174
-1.93187
-1.93199
-1.93212
-1.93224
-1.93237
-1.93249
-1.93261
-1.93274
-1.93286
-1.93298
-1.93311
-1.93323
-1.93335
-1.93348
-1.9336
-1.93372
-1.93384
-1.93396
-1.93408
-1.9342
-1.93433
-1.93445
-1.93457
-1.93469
-1.93481
-1.93493
-1.93505
-1.93516
-1.93528
-1.9354
-1.93552
-1.93564
-1.93576
-1.93588
-1.93599
-1.93611
-1.93623
-1.93635
-1.93646
-1.93658
-1.9367
-1.93681
-1.93693
-1.93704
-1.93716
-1.93727
-1.93739
-1.9375
-1.93762
-1.93773
-1.93785
-1.93796
-1.93808
-1.93819
-1.9383
-1.93841
-1.93853
-1.93864
-1.93875
-1.93886
-1.93898
-1.93909
-1.9392
-1.93931
-1.93942
-1.93953
-1.93964
-1.93976
-1.93986
-1.93997
-1.94008
-1.94019
-1.9403
-1.94041
-1.94052
-1.94063
-1.94074
-1.94085
-1.94095
-1.94106
-1.94117
-1.94128
-1.94138
-1.94149
-1.9416
-1.94171
-1.94181
-1.94192
-1.94202
-1.94213
-1.94224
-1.94234
-1.94245
-1.94255
-1.94266
-1.94276
-1.94286
-1.94297
-1.94307
-1.94317
-1.94328
-1.94338
-1.94348
-1.94359
-1.94369
-1.94379
-1.94389
-1.94399
-1.9441
-1.9442
-1.9443
-1.9444
-1.9445
-1.9446
-1.9447
-1.9448
-1.9449
-1.945
-1.9451
-1.9452
-1.9453
-1.94539
-1.94549
-1.94559
-1.94569
-1.94579
-1.94588
-1.94598
-1.94608
-1.94617
-1.94627
-1.94637
-1.94646
-1.94656
-1.94665
-1.94675
-1.94684
-1.94694
-1.94703
-1.94713
-1.94722
-1.94731
-1.94741
-1.9475
-1.94759
-1.94768
-1.94778
-1.94787
-1.94796
-1.94805
-1.94814
-1.94823
-1.94832
-1.94841
-1.9485
-1.94859
-1.94868
-1.94877
-1.94886
-1.94895
-1.94904
-1.94913
-1.94921
-1.9493
-1.94939
-1.94948
-1.94956
-1.94965
-1.94974
-1.94982
-1.94991
-1.94999
-1.95008
-1.95017
-1.95025
-1.95034
-1.95042
-1.95051
-1.95059
-1.95068
-1.95076
-1.95084
-1.95093
-1.95101
-1.95109
-1.95118
-1.95126
-1.95134
-1.95142
-1.95151
-1.95159
-1.95167
-1.95175
-1.95183
-1.95191
-1.95199
-1.95208
-1.95216
-1.95224
-1.95232
-1.9524
-1.95248
-1.95256
-1.95264
-1.95272
-1.9528
-1.95288
-1.95296
-1.95303
-1.95311
-1.95319
-1.95327
-1.95335
-1.95343
-1.95351
-1.95358
-1.95366
-1.95374
-1.95382
-1.9539
-1.95397
-1.95405
-1.95413
-1.95421
-1.95428
-1.95436
-1.95444
-1.95451
-1.95459
-1.95467
-1.95474
-1.95482
-1.95489
-1.95497
-1.95505
-1.95512
-1.9552
-1.95527
-1.95535
-1.95542
-1.9555
-1.95557
-1.95565
-1.95572
-1.9558
-1.95587
-1.95595
-1.95602
-1.9561
-1.95617
-1.95625
-1.95632
-1.95639
-1.95647
-1.95654
-1.95662
-1.95669
-1.95676
-1.95684
-1.95691
-1.95698
-1.95706
-1.95713
-1.9572
-1.95728
-1.95735
-1.95742
-1.95749
-1.95757
-1.95764
-1.95771
-1.95778
-1.95785
-1.95793
-1.958
-1.95807
-1.95814
-1.95821
-1.95828
-1.95836
-1.95843
-1.9585
-1.95857
-1.95864
-1.95871
-1.95878
-1.95885
-1.95892
-1.95899
-1.95906
-1.95913
-1.9592
-1.95927
-1.95934
-1.95941
-1.95948
-1.95955
-1.95962
-1.95969
-1.95976
-1.95983
-1.9599
-1.95997
-1.96004
-1.9601
-1.96017
-1.96024
-1.96031
-1.96038
-1.96045
-1.96051
-1.96058
-1.96065
-1.96072
-1.96078
-1.96085
-1.96092
-1.96099
-1.96105
-1.96112
-1.96119
-1.96125
-1.96132
-1.96139
-1.96145
-1.96152
-1.96158
-1.96165
-1.96172
-1.96178
-1.96185
-1.96191
-1.96198
-1.96204
-1.96211
-1.96217
-1.96224
-1.9623
-1.96237
-1.96243
-1.9625
-1.96256
-1.96263
-1.96269
-1.96275
-1.96282
-1.96288
-1.96295
-1.96301
-1.96307
-1.96314
-1.9632
-1.96326
-1.96333
-1.96339
-1.96345
-1.96351
-1.96358
-1.96364
-1.9637
-1.96377
-1.96383
-1.96389
-1.96395
-1.96401
-1.96408
-1.96414
-1.9642
-1.96426
-1.96432
-1.96438
-1.96444
-1.96451
-1.96457
-1.96463
-1.96469
-1.96475
-1.96481
-1.96487
-1.96493
-1.96499
-1.96505
-1.96511
-1.96517
-1.96523
-1.96529
-1.96535
-1.96541
-1.96546
-1.96552
-1.96558
-1.96564
-1.9657
-1.96576
-1.96582
-1.96587
-1.96593
-1.96599
-1.96605
-1.96611
-1.96616
-1.96622
-1.96628
-1.96633
-1.96639
-1.96645
-1.9665
-1.96656
-1.96661
-1.96667
-1.96673
-1.96678
-1.96684
-1.96689
-1.96695
-1.967
-1.96705
-1.96711
-1.96716
-1.96722
-1.96727
-1.96732
-1.96738
-1.96743
-1.96748
-1.96754
-1.96759
-1.96764
-1.96769
-1.96775
-1.9678
-1.96785
-1.9679
-1.96795
-1.968
-1.96805
-1.96811
-1.96816
-1.96821
-1.96826
-1.96831
-1.96836
-1.96841
-1.96846
-1.96851
-1.96856
-1.96861
-1.96866
-1.9687
-1.96875
-1.9688
-1.96885
-1.9689
-1.96895
-1.969
-1.96905
-1.9691
-1.96914
-1.96919
-1.96924
-1.96929
-1.96934
-1.96938
-1.96943
-1.96948
-1.96953
-1.96958
-1.96962
-1.96967
-1.96972
-1.96977
-1.96981
-1.96986
-1.96991
-1.96995
-1.97
-1.97005
-1.9701
-1.97014
-1.97019
-1.97024
-1.97028
-1.97033
-1.97038
-1.97042
-1.97047
-1.97052
-1.97056
-1.97061
-1.97066
-1.9707
-1.97075
-1.97079
-1.97084
-1.97089
-1.97093
-1.97098
-1.97103
-1.97107
-1.97112
-1.97116
-1.97121
-1.97126
-1.9713
-1.97135
-1.97139
-1.97144
-1.97149
-1.97153
-1.97158
-1.97162
-1.97167
-1.97172
-1.97176
-1.97181
-1.97185
-1.9719
-1.97194
-1.97199
-1.97204
-1.97208
-1.97213
-1.97217
-1.97222
-1.97227
-1.97231
-1.97236
-1.9724
-1.97245
-1.97249
-1.97254
-1.97259
-1.97263
-1.97268
-1.97272
-1.97277
-1.97282
-1.97286
-1.97291
-1.97295
-1.973
-1.97305
-1.97309
-1.97314
-1.97319
-1.97323
-1.97328
-1.97332
-1.97337
-1.97342
-1.97347
-1.97351
-1.97356
-1.97361
-1.97365
-1.9737
-1.97375
-1.97379
-1.97384
-1.97389
-1.97394
-1.97398
-1.97403
-1.97408
-1.97413
-1.97417
-1.97422
-1.97427
-1.97432
-1.97436
-1.97441
-1.97446
-1.97451
-1.97456
-1.97461
-1.97465
-1.9747
-1.97475
-1.9748
-1.97485
-1.9749
-1.97495
-1.975
-1.97504
-1.97509
-1.97514
-1.97519
-1.97524
-1.97529
-1.97534
-1.97539
-1.97544
-1.97549
-1.97554
-1.97559
-1.97564
-1.97569
-1.97574
-1.97579
-1.97583
-1.97588
-1.97593
-1.97598
-1.97603
-1.97608
-1.97613
-1.97618
-1.97623
-1.97628
-1.97633
-1.97638
-1.97643
-1.97648
-1.97652
-1.97657
-1.97662
-1.97667
-1.97672
-1.97677
-1.97682
-1.97687
-1.97691
-1.97696
-1.97701
-1.97706
-1.97711
-1.97716
-1.9772
-1.97725
-1.9773
-1.97735
-1.9774
-1.97744
-1.97749
-1.97754
-1.97759
-1.97763
-1.97768
-1.97773
-1.97778
-1.97782
-1.97787
-1.97792
-1.97796
-1.97801
-1.97806
-1.9781
-1.97815
-1.97819
-1.97824
-1.97829
-1.97833
-1.97838
-1.97842
-1.97847
-1.97852
-1.97856
-1.97861
-1.97865
-1.9787
-1.97874
-1.97879
-1.97883
-1.97888
-1.97892
-1.97897
-1.97901
-1.97905
-1.9791
-1.97914
-1.97919
-1.97923
-1.97927
-1.97932
-1.97936
-1.97941
-1.97945
-1.97949
-1.97954
-1.97958
-1.97962
-1.97966
-1.97971
-1.97975
-1.97979
-1.97983
-1.97988
-1.97992
-1.97996
-1.98
-1.98004
-1.98009
-1.98013
-1.98017
-1.98021
-1.98025
-1.98029
-1.98037
-1.98045
-1.98053
-1.9806
-1.98068
-1.98076
-1.98083
-1.98091
-1.98098
-1.98105
-1.98112
-1.98119
-1.98127
-1.98132
-1.98138
-1.98144
-1.9815
-1.98154
-1.98158
-1.98162
-1.98166
-1.98168
-1.98171
-1.98173
-1.98175
-1.98177
-1.98179
-1.98179
-1.9818
-1.98181
-1.98181
-1.98182
-1.98181
-1.9818
-1.98179
-1.98178
-1.98175
-1.98172
-1.98169
-1.98166
-1.98163
-1.98158
-1.98154
-1.98149
-1.98145
-1.98139
-1.98133
-1.98126
-1.9812
-1.98114
-1.98107
-1.98099
-1.98092
-1.98084
-1.98075
-1.98066
-1.98057
-1.98047
-1.98038
-1.98027
-1.98016
-1.98006
-1.97995
-1.97984
-1.97972
-1.97959
-1.97947
-1.97935
-1.97921
-1.97907
-1.97894
-1.9788
-1.97866
-1.97851
-1.97836
-1.97821
-1.97806
-1.97791
-1.97775
-1.97759
-1.97743
-1.97728
-1.97711
-1.97695
-1.97678
-1.97662
-1.97645
-1.97628
-1.97611
-1.97594
-1.97577
-1.97559
-1.97542
-1.97524
-1.97507
-1.97489
-1.97471
-1.97454
-1.97436
-1.97418
-1.974
-1.97383
-1.97365
-1.97347
-1.97329
-1.97312
-1.97294
-1.97276
-1.97259
-1.97241
-1.97224
-1.97207
-1.97189
-1.97172
-1.97155
-1.97138
-1.97121
-1.97104
-1.97087
-1.97071
-1.97055
-1.97039
-1.97023
-1.97007
-1.96991
-1.96976
-1.96961
-1.96945
-1.96931
-1.96917
-1.96902
-1.96888
-1.96873
-1.9686
-1.96847
-1.96833
-1.9682
-1.96808
-1.96797
-1.96785
-1.96773
-1.96762
-1.9675
-1.9674
-1.96729
-1.96719
-1.96709
-1.967
-1.96691
-1.96682
-1.96673
-1.96666
-1.96659
-1.96651
-1.96644
-1.96639
-1.96633
-1.96629
-1.96624
-1.96619
-1.96614
-1.96611
-1.96608
-1.96605
-1.96601
-1.966
-1.96599
-1.96597
-1.96596
-1.96596
-1.96597
-1.96598
-1.96599
-1.96601
-1.96604
-1.96608
-1.96611
-1.96615
-1.96618
-1.96623
-1.96629
-1.96634
-1.96639
-1.96645
-1.96652
-1.96659
-1.96666
-1.96674
-1.96683
-1.96693
-1.96702
-1.96712
-1.96722
-1.96734
-1.96746
-1.96758
-1.9677
-1.96784
-1.96799
-1.96814
-1.96828
-1.96843
-1.9686
-1.96876
-1.96893
-1.9691
-1.96928
-1.96947
-1.96965
-1.96984
-1.97002
-1.97022
-1.97043
-1.97063
-1.97083
-1.97106
-1.97128
-1.9715
-1.97173
-1.97197
-1.97222
-1.97246
-1.97271
-1.97297
-1.97323
-1.97349
-1.97375
-1.97402
-1.9743
-1.97457
-1.97485
-1.97512
-1.97541
-1.97571
-1.976
-1.97629
-1.97658
-1.97689
-1.9772
-1.97751
-1.97782
-1.97814
-1.97846
-1.97879
-1.97911
-1.97944
-1.97977
-1.98011
-1.98044
-1.98078
-1.98111
-1.98146
-1.9818
-1.98214
-1.98249
-1.98283
-1.98318
-1.98354
-1.98389
-1.98424
-1.9846
-1.98496
-1.98532
-1.98568
-1.98605
-1.98641
-1.98678
-1.98715
-1.98751
-1.98788
-1.98825
-1.98862
-1.98899
-1.98936
-1.98973
-1.9901
-1.99047
-1.99084
-1.99121
-1.99158
-1.99195
-1.99232
-1.99269
-1.99306
-1.99343
-1.9938
-1.99416
-1.99453
-1.9949
-1.99526
-1.99563
-1.99599
-1.99636
-1.99672
-1.99708
-1.99744
-1.9978
-1.99816
-1.99851
-1.99887
-1.99922
-1.99957
-1.99992
-2.00026
-2.0006
-2.00094
-2.00128
-2.00162
-2.00195
-2.00228
-2.00262
-2.00295
-2.00327
-2.0036
-2.00392
-2.00424
-2.00455
-2.00487
-2.00518
-2.00549
-2.00579
-2.00608
-2.00638
-2.00667
-2.00696
-2.00725
-2.00754
-2.00782
-2.0081
-2.00838
-2.00864
-2.00891
-2.00918
-2.00945
-2.0097
-2.00995
-2.0102
-2.01045
-2.01069
-2.01093
-2.01115
-2.01138
-2.01161
-2.01184
-2.01205
-2.01226
-2.01247
-2.01269
-2.01288
-2.01308
-2.01327
-2.01347
-2.01367
-2.01384
-2.01402
-2.0142
-2.01437
-2.01453
-2.01468
-2.01483
-2.01498
-2.01514
-2.01527
-2.01541
-2.01554
-2.01568
-2.01581
-2.01593
-2.01605
-2.01617
-2.01628
-2.01639
-2.01649
-2.01659
-2.01669
-2.01677
-2.01685
-2.01693
-2.01701
-2.01709
-2.01715
-2.01721
-2.01727
-2.01733
-2.01737
-2.0174
-2.01744
-2.01747
-2.01751
-2.01753
-2.01755
-2.01756
-2.01758
-2.0176
-2.0176
-2.01761
-2.01761
-2.01761
-2.0176
-2.01759
-2.01757
-2.01756
-2.01753
-2.0175
-2.01746
-2.01743
-2.01738
-2.01733
-2.01728
-2.01723
-2.01717
-2.01712
-2.01705
-2.01698
-2.01691
-2.01685
-2.01676
-2.01668
-2.01659
-2.01651
-2.01643
-2.01633
-2.01622
-2.01612
-2.01602
-2.01591
-2.0158
-2.01569
-2.01557
-2.01546
-2.01533
-2.01521
-2.01508
-2.01496
-2.01483
-2.0147
-2.01457
-2.01443
-2.0143
-2.01415
-2.01401
-2.01386
-2.01371
-2.01356
-2.0134
-2.01325
-2.01309
-2.01293
-2.01277
-2.01261
-2.01244
-2.01228
-2.01212
-2.01195
-2.01178
-2.01161
-2.01144
-2.01127
-2.01109
-2.01092
-2.01074
-2.01057
-2.01039
-2.01021
-2.01003
-2.00985
-2.00968
-2.00949
-2.00931
-2.00913
-2.00895
-2.00877
-2.00859
-2.00841
-2.00822
-2.00804
-2.00786
-2.00768
-2.0075
-2.00732
-2.00714
-2.00696
-2.00678
-2.0066
-2.00642
-2.00624
-2.00606
-2.00589
-2.00571
-2.00554
-2.00536
-2.00519
-2.00501
-2.00484
-2.00467
-2.0045
-2.00434
-2.00417
-2.00401
-2.00385
-2.00369
-2.00353
-2.00337
-2.00321
-2.00305
-2.0029
-2.00275
-2.00259
-2.00245
-2.0023
-2.00216
-2.00201
-2.00187
-2.00174
-2.0016
-2.00147
-2.00134
-2.00121
-2.00108
-2.00096
-2.00084
-2.00071
-2.00059
-2.00048
-2.00037
-2.00026
-2.00015
-2.00003
-1.99994
-1.99984
-1.99974
-1.99964
-1.99955
-1.99947
-1.99939
-1.99931
-1.99922
-1.99914
-1.99907
-1.999
-1.99893
-1.99886
-1.9988
-1.99874
-1.99869
-1.99863
-1.99857
-1.99853
-1.99849
-1.99845
-1.99841
-1.99838
-1.99835
-1.99832
-1.99829
-1.99827
-1.99825
-1.99824
-1.99822
-1.99821
-1.99821
-1.9982
-1.9982
-1.9982
-1.99821
-1.99822
-1.99824
-1.99825
-1.99826
-1.99829
-1.99832
-1.99835
-1.99838
-1.99841
-1.99845
-1.9985
-1.99854
-1.99858
-1.99864
-1.99869
-1.99874
-1.9988
-1.99885
-1.99892
-1.99898
-1.99905
-1.99911
-1.99919
-1.99927
-1.99935
-1.99943
-1.99952
-1.99962
-1.99971
-1.99981
-1.9999
-2
-2.0001
-2.00021
-2.00031
-2.00042
-2.00052
-2.00064
-2.00075
-2.00087
-2.00099
-2.00112
-2.00125
-2.00137
-2.0015
-2.00163
-2.00177
-2.00191
-2.00205
-2.00219
-2.00233
-2.00248
-2.00262
-2.00277
-2.00291
-2.00306
-2.00322
-2.00337
-2.00352
-2.00369
-2.00385
-2.00401
-2.00417
-2.00433
-2.0045
-2.00466
-2.00483
-2.005
-2.00517
-2.00534
-2.00551
-2.00568
-2.00585
-2.00603
-2.0062
-2.00638
-2.00655
-2.00673
-2.00691
-2.00708
-2.00726
-2.00744
-2.00762
-2.0078
-2.00798
-2.00816
-2.00834
-2.00852
-2.0087
-2.00888
-2.00906
-2.00924
-2.00942
-2.00961
-2.00979
-2.00997
-2.01015
-2.01032
-2.0105
-2.01068
-2.01086
-2.01104
-2.01121
-2.01139
-2.01156
-2.01174
-2.01191
-2.01209
-2.01226
-2.01243
-2.0126
-2.01278
-2.01294
-2.01311
-2.01328
-2.01345
-2.01361
-2.01377
-2.01393
-2.01409
-2.01425
-2.01441
-2.01456
-2.01472
-2.01487
-2.01503
-2.01518
-2.01533
-2.01548
-2.01563
-2.01577
-2.01591
-2.01605
-2.01619
-2.01634
-2.01647
-2.0166
-2.01673
-2.01687
-2.01699
-2.01711
-2.01723
-2.01735
-2.01748
-2.01759
-2.0177
-2.01782
-2.01793
-2.01803
-2.01814
-2.01824
-2.01835
-2.01845
-2.01855
-2.01865
-2.01874
-2.01884
-2.01893
-2.01901
-2.0191
-2.01918
-2.01926
-2.01933
-2.0194
-2.01948
-2.01955
-2.01961
-2.01967
-2.01973
-2.01979
-2.01985
-2.0199
-2.01995
-2.02
-2.02005
-2.02009
-2.02013
-2.02017
-2.02021
-2.02025
-2.02028
-2.02032
-2.02035
-2.02038
-2.0204
-2.02041
-2.02043
-2.02045
-2.02047
-2.02048
-2.02049
-2.02049
-2.0205
-2.0205
-2.02049
-2.02048
-2.02048
-2.02047
-2.02045
-2.02044
-2.02042
-2.02041
-2.02038
-2.02036
-2.02033
-2.02031
-2.02029
-2.02025
-2.02022
-2.02018
-2.02014
-2.0201
-2.02006
-2.02001
-2.01996
-2.01991
-2.01987
-2.01981
-2.01976
-2.0197
-2.01965
-2.01958
-2.01952
-2.01946
-2.0194
-2.01934
-2.01926
-2.01919
-2.01912
-2.01905
-2.01897
-2.01889
-2.01881
-2.01873
-2.01865
-2.01856
-2.01848
-2.01839
-2.01831
-2.01822
-2.01813
-2.01804
-2.01795
-2.01785
-2.01776
-2.01766
-2.01756
-2.01747
-2.01736
-2.01726
-2.01716
-2.01706
-2.01695
-2.01685
-2.01674
-2.01663
-2.01652
-2.01642
-2.01631
-2.0162
-2.01609
-2.01598
-2.01587
-2.01576
-2.01565
-2.01553
-2.01542
-2.01531
-2.01519
-2.01508
-2.01496
-2.01485
-2.01473
-2.01462
-2.0145
-2.01439
-2.01427
-2.01416
-2.01404
-2.01393
-2.01381
-2.0137
-2.01358
-2.01347
-2.01335
-2.01324
-2.01313
-2.01301
-2.0129
-2.01279
-2.01267
-2.01256
-2.01245
-2.01234
-2.01223
-2.01212
-2.01201
-2.0119
-2.01179
-2.01168
-2.01158
-2.01147
-2.01137
-2.01127
-2.01116
-2.01106
-2.01096
-2.01086
-2.01076
-2.01066
-2.01056
-2.01047
-2.01037
-2.01028
-2.01019
-2.01009
-2.01
-2.00991
-2.00982
-2.00974
-2.00966
-2.00957
-2.00949
-2.00941
