0.230961
0.230961
0.230961
0.230961
0.230961
0.230962
0.230962
0.230962
0.230962
0.230962
0.230962
0.230966
0.230966
0.230966
0.230966
0.23097
0.23097
0.23097
0.23097
0.23097
0.230975
0.230975
0.230975
0.230975
0.230978
0.230978
0.230978
0.230978
0.23098
0.230981
0.230981
0.230981
0.230981
0.230981
0.230983
0.230983
0.230983
0.230983
0.230985
0.230985
0.230985
0.230985
0.230985
0.230988
0.230988
0.230988
0.230988
0.230988
0.230991
0.230991
0.230991
0.230991
0.230991
0.230993
0.230993
0.230993
0.230993
0.230998
0.230998
0.230998
0.230998
0.231002
0.231004
0.231004
0.231004
0.231004
0.231004
0.231008
0.231008
0.231008
0.231008
0.231015
0.231015
0.231015
0.231015
0.231015
0.231022
0.231023
0.231023
0.231023
0.231023
0.231029
0.231029
0.231029
0.231029
0.231029
0.231037
0.231037
0.231037
0.231037
0.231044
0.231044
0.231044
0.231044
0.231044
0.231052
0.231052
0.231052
0.231052
0.231059
0.23106
0.231062
0.231062
0.231062
0.231062
0.231067
0.231067
0.231067
0.231067
0.231075
0.231075
0.231075
0.231075
0.231084
0.231086
0.231086
0.231086
0.231086
0.231086
0.231063
0.231063
0.231063
0.231063
0.231028
0.231028
0.231028
0.231028
0.230997
0.230989
0.230981
0.230981
0.230981
0.230981
0.230947
0.230947
0.230947
0.230947
0.230909
0.230909
0.230909
0.230909
0.230869
0.230869
0.230869
0.230869
0.230869
0.230814
0.230814
0.230814
0.230814
0.230814
0.230754
0.230754
0.230754
0.230754
0.230688
0.230674
0.230674
0.230674
0.230674
0.230616
0.230616
0.230616
0.230616
0.230553
0.230553
0.230553
0.230553
0.230553
0.230469
0.230469
0.230469
0.230469
0.230377
0.230358
0.230358
0.230358
0.230358
0.230277
0.230277
0.230277
0.230277
0.230277
0.230191
0.230191
0.230191
0.230191
0.230074
0.230074
0.230074
0.230074
0.230074
0.229948
0.229922
0.229922
0.229922
0.229922
0.229812
0.229812
0.229812
0.229812
0.229695
0.229695
0.229695
0.229695
0.22957
0.22957
0.22957
0.22957
0.22957
0.229404
0.229404
0.229404
0.229404
0.229225
0.229225
0.229225
0.229225
0.229072
0.229033
0.228993
0.228993
0.228993
0.228993
0.228827
0.228827
0.228827
0.228827
0.228651
0.228651
0.228651
0.228651
0.228651
0.228418
0.228418
0.228418
0.228418
0.228168
0.228168
0.228168
0.228168
0.227956
0.227901
0.227845
0.227845
0.227845
0.227845
0.227615
0.227615
0.227615
0.227615
0.227615
0.227372
0.227372
0.227372
0.227372
0.22705
0.22705
0.22705
0.22705
0.226705
0.226633
0.226633
0.226633
0.226633
0.226336
0.226336
0.226336
0.226336
0.226336
0.226023
0.226023
0.226023
0.226023
0.225609
0.225609
0.225609
0.225609
0.225609
0.225166
0.225166
0.225166
0.225166
0.225166
0.224694
0.224694
0.224694
0.224694
0.224189
0.224084
0.224084
0.224084
0.224084
0.22365
0.22365
0.22365
0.22365
0.22365
0.223192
0.223192
0.223192
0.223192
0.222709
0.222709
0.222709
0.222709
0.222068
0.222068
0.222068
0.222068
0.221523
0.221382
0.221239
0.221239
0.221239
0.221239
0.220648
0.220648
0.220648
0.220648
0.220024
0.220024
0.220024
0.220024
0.219364
0.219364
0.219364
0.219364
0.219364
0.218488
0.218488
0.218488
0.218488
0.217548
0.217548
0.217548
0.217548
0.216749
0.216542
0.216332
0.216332
0.216332
0.216332
0.215462
0.215462
0.215462
0.215462
0.214302
0.214302
0.214302
0.214302
0.214302
0.213051
0.21279
0.21279
0.21279
0.21279
0.211701
0.211701
0.211701
0.211701
0.210543
0.210543
0.210543
0.210543
0.210543
0.20931
0.20931
0.20931
0.20931
0.207658
0.207658
0.207658
0.207658
0.205873
0.205873
0.205873
0.205873
0.205873
0.20395
0.203548
0.203548
0.203548
0.203548
0.201879
0.201879
0.201879
0.201879
0.201879
0.200111
0.200111
0.200111
0.200111
0.197748
0.197748
0.197748
0.197748
0.197748
0.1952
0.1952
0.1952
0.1952
0.192447
0.19187
0.19187
0.19187
0.19187
0.189472
0.189472
0.189472
0.189472
0.189472
0.18692
0.18692
0.18692
0.18692
0.184207
0.184207
0.184207
0.184207
0.18057
0.18057
0.18057
0.18057
0.18057
0.176637
0.175812
0.175812
0.175812
0.175812
0.172379
0.172379
0.172379
0.172379
0.172379
0.167764
0.167764
0.167764
0.167764
0.162761
0.16171
0.16171
0.16171
0.16171
0.157333
0.157333
0.157333
0.157333
0.15266
0.15266
0.15266
0.15266
0.15266
0.146379
0.146379
0.146379
0.146379
0.139577
0.138151
0.138151
0.138151
0.138151
0.132218
0.132218
0.132218
0.132218
0.132218
0.125907
0.125907
0.125907
0.125907
0.119206
0.119206
0.119206
0.119206
0.110263
0.110263
0.110263
0.110263
0.102639
0.100666
0.0986661
0.0986661
0.0986661
0.0986661
0.0903907
0.0903907
0.0903907
0.0903907
0.0903907
0.079422
0.079422
0.079422
0.079422
0.067769
0.0653584
0.0653584
0.0653584
0.0653584
0.0554575
0.0554575
0.0554575
0.0554575
0.0451591
0.0451591
0.0451591
0.0451591
0.0451591
0.0344978
0.0344978
0.0344978
0.0344978
0.0207418
0.0207418
0.0207418
0.0207418
0.00663346
0.00378222
0.00378222
0.00378222
0.00378222
-0.00480718
-0.00480718
-0.00480718
-0.00480718
-0.0191485
-0.0191485
-0.0191485
-0.0191485
-0.0191485
-0.0333122
-0.0333122
-0.0333122
-0.0333122
-0.0443277
-0.0470186
-0.0496801
-0.0496801
-0.0496801
-0.0496801
-0.0599851
-0.0599851
-0.0599851
-0.0599851
-0.0696392
-0.0696392
-0.0696392
-0.0696392
-0.0696392
-0.0805853
-0.0805853
-0.0805853
-0.0805853
-0.0900777
-0.0917849
-0.0917849
-0.0917849
-0.0917849
-0.0979334
-0.0979334
-0.0979334
-0.0979334
-0.0979334
-0.104008
-0.104008
-0.104008
-0.104008
-0.107508
-0.108791
-0.108791
-0.108791
-0.108791
-0.108791
-0.110414
-0.110414
-0.110414
-0.110414
-0.110785
-0.110785
-0.110785
-0.110785
-0.109937
-0.109937
-0.109937
-0.109937
-0.107254
-0.107254
-0.107254
-0.107254
-0.107254
-0.102933
-0.101891
-0.101891
-0.101891
-0.101891
-0.097195
-0.097195
-0.097195
-0.097195
-0.097195
-0.0902809
-0.0902809
-0.0902809
-0.0902809
-0.0824378
-0.0807777
-0.0807777
-0.0807777
-0.0807777
-0.0738878
-0.0738878
-0.0738878
-0.0738878
-0.0666717
-0.0666717
-0.0666717
-0.0666717
-0.0666717
-0.0592302
-0.0592302
-0.0592302
-0.0592302
-0.0497548
-0.0497548
-0.0497548
-0.0497548
-0.0402294
-0.0383291
-0.0383291
-0.0383291
-0.0383291
-0.0383291
-0.0307726
-0.0307726
-0.0307726
-0.0307726
-0.0233294
-0.0233294
-0.0233294
-0.0233294
-0.0142645
-0.0142645
-0.0142645
-0.0142645
-0.00725187
-0.0055358
-0.00383526
-0.00383526
-0.00383526
-0.00383526
0.00280333
0.00280333
0.00280333
0.00280333
0.00916264
0.00916264
0.00916264
0.00916264
0.00916264
0.0166931
0.0166931
0.0166931
0.0166931
0.0166931
0.0237489
0.0237489
0.0237489
0.0237489
0.0303302
0.0303302
0.0303302
0.0303302
0.0352578
0.0364435
0.0376107
0.0376107
0.0376107
0.0376107
0.0420965
0.0420965
0.0420965
0.0420965
0.0420965
0.0472942
0.0472942
0.0472942
0.0472942
0.0520448
0.0529428
0.0529428
0.0529428
0.0529428
0.0529428
0.0563669
0.0563669
0.0563669
0.0563669
0.0602827
0.0602827
0.0602827
0.0602827
0.0631362
0.0638122
0.0644737
0.0644737
0.0644737
0.0644737
0.0669776
0.0669776
0.0669776
0.0669776
0.0698019
0.0698019
0.0698019
0.0698019
0.0698019
0.072309
0.0727747
0.0727747
0.0727747
0.0727747
0.0727747
0.0745254
0.0745254
0.0745254
0.0745254
0.0764778
0.0764778
0.0764778
0.0764778
0.0778676
0.078193
0.07851
0.07851
0.07851
0.07851
0.0796992
0.0796992
0.0796992
0.0796992
0.0807733
0.0807733
0.0807733
0.0807733
0.0819762
0.0819762
0.0819762
0.0819762
0.0819762
0.0830533
0.0832565
0.0832565
0.0832565
0.0832565
0.0840365
0.0840365
0.0840365
0.0840365
0.0847755
0.0847755
0.0847755
0.0847755
0.0854886
0.0854886
0.0854886
0.0854886
0.0854886
0.0863666
0.0863666
0.0863666
0.0863666
0.0872594
0.0874425
0.0874425
0.0874425
0.0874425
0.0874425
0.0881988
0.0881988
0.0881988
0.0881988
0.0892155
0.0892155
0.0892155
0.0892155
0.0901048
0.0903397
0.09058
0.09058
0.09058
0.09058
0.0916006
0.0916006
0.0916006
0.0916006
0.0916006
0.0930257
0.0930257
0.0930257
0.0930257
0.0946399
0.0949875
0.0949875
0.0949875
0.0949875
0.0949875
0.0964657
0.0964657
0.0964657
0.0964657
0.0985223
0.0985223
0.0985223
0.0985223
0.100344
0.100825
0.101316
0.101316
0.101316
0.101316
0.103385
0.103385
0.103385
0.103385
0.105624
0.105624
0.105624
0.105624
0.108663
0.108663
0.108663
0.108663
0.108663
0.111965
0.111965
0.111965
0.111965
0.111965
0.115524
0.116266
0.116266
0.116266
0.116266
0.119329
0.119329
0.119329
0.119329
0.122541
0.122541
0.122541
0.122541
0.122541
0.126748
0.126748
0.126748
0.126748
0.131148
0.132049
0.132049
0.132049
0.132049
0.135715
0.135715
0.135715
0.135715
0.135715
0.140422
0.140422
0.140422
0.140422
0.144268
0.145238
0.146211
0.146211
0.146211
0.146211
0.150132
0.150132
0.150132
0.150132
0.154085
0.154085
0.154085
0.154085
0.159047
0.159047
0.159047
0.159047
0.163016
0.164007
0.164996
0.164996
0.164996
0.164996
0.16894
0.16894
0.16894
0.16894
0.172852
0.172852
0.172852
0.172852
0.172852
0.177681
0.177681
0.177681
0.177681
0.182425
0.182425
0.182425
0.182425
0.182425
0.187065
0.187979
0.187979
0.187979
0.187979
0.191587
0.191587
0.191587
0.191587
0.195111
0.195111
0.195111
0.195111
0.195111
0.19939
0.19939
0.19939
0.19939
0.19939
0.203525
0.203525
0.203525
0.203525
0.207507
0.208284
0.208284
0.208284
0.208284
0.21133
0.21133
0.21133
0.21133
0.21133
0.21499
0.21499
0.21499
0.21499
0.217798
0.218484
0.219163
0.219163
0.219163
0.221812
0.221812
0.221812
0.221812
0.221812
0.224359
0.224359
0.224359
0.224359
0.226805
0.226805
0.226805
0.226805
0.229727
0.229727
0.229727
0.229727
0.231961
0.232505
0.233045
0.233045
0.233045
0.233045
0.235149
0.235149
0.235149
0.235149
0.23717
0.23717
0.23717
0.23717
0.239581
0.239581
0.239581
0.239581
0.239581
0.241867
0.24231
0.24231
0.24231
0.24231
0.24231
0.244033
0.244033
0.244033
0.244033
0.246082
0.246082
0.246082
0.246082
0.247637
0.248014
0.248387
0.248387
0.248387
0.248387
0.249833
0.249833
0.249833
0.249833
0.251208
0.251208
0.251208
0.251208
0.251208
0.252827
0.252827
0.252827
0.252827
0.254338
0.254627
0.254627
0.254627
0.254627
0.254627
0.255746
0.255746
0.255746
0.255746
0.257057
0.257057
0.257057
0.257057
0.258041
0.258512
0.258512
0.258512
0.258512
0.258512
0.259414
0.259414
0.259414
0.259414
0.260266
0.260266
0.260266
0.260266
0.260266
0.261265
0.261265
0.261265
0.261265
0.262196
0.262196
0.262196
0.262196
0.262196
0.263064
0.263231
0.263231
0.263231
0.263231
0.263874
0.263874
0.263874
0.263874
0.264481
0.264481
0.264481
0.264481
0.264481
0.265194
0.265194
0.265194
0.265194
0.265857
0.265984
0.265984
0.265984
0.265984
0.266473
0.266473
0.266473
0.266473
0.266934
0.266934
0.266934
0.266934
0.266934
0.267472
0.267472
0.267472
0.267472
0.26797
0.268065
0.268065
0.268065
0.268065
0.268431
0.268431
0.268431
0.268431
0.268774
0.268774
0.268774
0.268774
0.268774
0.269173
0.269173
0.269173
0.269173
0.26954
0.26961
0.26961
0.26961
0.26961
0.269877
0.269877
0.269877
0.269877
0.269877
0.270126
0.270126
0.270126
0.270126
0.270414
0.270414
0.270414
0.270414
0.270677
0.270677
0.270727
0.270727
0.270727
0.270727
0.270918
0.270918
0.270918
0.270918
0.271094
0.271094
0.271094
0.271094
0.271297
0.271297
0.271297
0.271297
0.271297
0.271481
0.271516
0.271516
0.271516
0.271516
0.271647
0.271647
0.271647
0.271647
0.271768
0.271768
0.271768
0.271768
0.271768
0.271906
0.271906
0.271906
0.271906
0.27203
0.272053
0.272053
0.272053
0.272053
0.27214
0.27214
0.27214
0.27214
0.27214
0.27222
0.27222
0.27222
0.27222
0.272309
0.272309
0.272309
0.272309
0.272373
0.272388
0.272403
0.272403
0.272403
0.272403
0.272458
0.272458
0.272458
0.272458
0.272507
0.272507
0.272507
0.272507
0.272507
0.272562
0.272562
0.272562
0.272562
0.272609
0.272609
0.272609
0.272609
0.272609
0.27265
0.27265
0.27265
0.27265
0.27265
0.272685
0.272691
0.272691
0.272691
0.272714
0.272714
0.272714
0.272714
0.272714
0.272734
0.272734
0.272734
0.272734
0.272751
0.272751
0.272751
0.272751
0.272751
0.272768
0.272768
0.272768
0.272768
0.272782
0.272782
0.272782
0.272782
0.272782
0.272793
0.272795
0.272795
0.272795
0.272795
0.272801
0.272801
0.272801
0.272801
0.272806
0.272806
0.272806
0.272806
0.272806
0.27281
0.27281
0.27281
0.27281
0.272813
0.272813
0.272813
0.272813
0.272814
0.272814
0.272814
0.272814
0.272814
0.272814
0.272814
0.272814
0.272814
0.272814
0.272813
0.272813
0.272813
0.272813
0.272813
0.272811
0.272811
0.272811
0.272811
0.272809
0.272808
0.272808
0.272808
0.272808
0.272806
0.272806
0.272806
0.272806
0.272803
0.272803
0.272803
0.272803
0.272803
0.272799
0.272799
0.272799
0.272799
0.272795
0.272795
0.272794
0.272794
0.272794
0.272794
0.27279
0.27279
0.27279
0.27279
0.272786
0.272786
0.272786
0.272786
0.272786
0.272782
0.272782
0.272782
0.272782
0.272782
0.272779
0.272779
0.272779
0.272779
0.272776
0.272776
0.272776
0.272776
0.272776
0.272773
0.272773
0.272773
0.272773
0.27277
0.27277
0.27277
0.27277
0.27277
0.272768
0.272768
0.272768
0.272768
0.272768
0.272746
0.272746
0.272746
0.272746
0.272717
0.272717
0.272717
0.272717
0.272679
0.272679
0.272679
0.272679
0.272647
0.272639
0.272631
0.272631
0.272631
0.272631
0.272598
0.272598
0.272598
0.272598
0.272598
0.272554
0.272554
0.272554
0.272554
0.272509
0.272499
0.272499
0.272499
0.272499
0.27246
0.27246
0.27246
0.27246
0.27242
0.27242
0.27242
0.27242
0.27242
0.272378
0.272378
0.272378
0.272378
0.272322
0.272322
0.272322
0.272322
0.272264
0.272252
0.272252
0.272252
0.272252
0.272202
0.272202
0.272202
0.272202
0.272202
0.27215
0.27215
0.27215
0.27215
0.272081
0.272081
0.272081
0.272081
0.272023
0.272008
0.271993
0.271993
0.271993
0.271993
0.271931
0.271931
0.271931
0.271931
0.271866
0.271866
0.271866
0.271866
0.271866
0.271779
0.271779
0.271779
0.271779
0.271688
0.271669
0.271669
0.271669
0.271669
0.271669
0.27159
0.27159
0.27159
0.27159
0.27151
0.27151
0.27151
0.27151
0.27141
0.27141
0.27141
0.27141
0.27141
0.271303
0.271303
0.271303
0.271303
0.271188
0.271164
0.271164
0.271164
0.271164
0.271065
0.271065
0.271065
0.271065
0.271065
0.27096
0.27096
0.27096
0.27096
0.27082
0.27082
0.27082
0.27082
0.27082
0.270671
0.270671
0.270671
0.270671
0.270544
0.270511
0.270477
0.270477
0.270477
0.270477
0.27034
0.27034
0.27034
0.27034
0.270194
0.270194
0.270194
0.270194
0.27004
0.27004
0.27004
0.27004
0.269836
0.269836
0.269836
0.269836
0.269836
0.269617
0.269571
0.269571
0.269571
0.269571
0.269382
0.269382
0.269382
0.269382
0.269382
0.26913
0.26913
0.26913
0.26913
0.26886
0.268804
0.268804
0.268804
0.268804
0.26857
0.26857
0.26857
0.26857
0.26857
0.268322
0.268322
0.268322
0.268322
0.26806
0.26806
0.26806
0.26806
0.267711
0.267711
0.267711
0.267711
0.267413
0.267258
0.267258
0.267258
0.267258
0.267258
0.266933
0.266933
0.266933
0.266933
0.266589
0.266589
0.266589
0.266589
0.266128
0.266128
0.266128
0.266128
0.265735
0.265633
0.26553
0.26553
0.26553
0.26553
0.2651
0.2651
0.2651
0.2651
0.264643
0.264643
0.264643
0.264643
0.264158
0.264158
0.264158
0.264158
0.263509
0.263509
0.263509
0.263509
0.263509
0.262809
0.262662
0.262662
0.262662
0.262662
0.262054
0.262054
0.262054
0.262054
0.26124
0.26124
0.26124
0.26124
0.26124
0.260363
0.260179
0.260179
0.260179
0.260179
0.259416
0.259416
0.259416
0.259416
0.258604
0.258604
0.258604
0.258604
0.257738
0.257738
0.257738
0.257738
0.257738
0.256573
0.256573
0.256573
0.256573
0.255308
0.255308
0.255308
0.255308
0.254217
0.253933
0.253643
0.253643
0.253643
0.253643
0.252434
0.252434
0.252434
0.252434
0.25114
0.25114
0.25114
0.25114
0.25114
0.249389
0.249389
0.249389
0.249389
0.247475
0.247071
0.247071
0.247071
0.247071
0.245382
0.245382
0.245382
0.245382
0.245382
0.243565
0.243565
0.243565
0.243565
0.241101
0.241101
0.241101
0.241101
0.2384
0.2384
0.237829
0.237829
0.237829
0.237829
0.235435
0.235435
0.235435
0.235435
0.232854
0.232854
0.232854
0.232854
0.230071
0.230071
0.230071
0.230071
0.226283
0.226283
0.226283
0.226283
0.226283
0.222118
0.221237
0.221237
0.221237
0.221237
0.217537
0.217537
0.217537
0.217537
0.217537
0.212497
0.212497
0.212497
0.212497
0.206954
0.20578
0.20578
0.20578
0.20578
0.200852
0.200852
0.200852
0.200852
0.200852
0.195533
0.195533
0.195533
0.195533
0.195533
0.188291
0.188291
0.188291
0.188291
0.180341
0.180341
0.180341
0.180341
0.173436
0.171631
0.169793
0.169793
0.169793
0.169793
0.162106
0.162106
0.162106
0.162106
0.153866
0.153866
0.153866
0.153866
0.145052
0.145052
0.145052
0.145052
0.133207
0.133207
0.133207
0.133207
0.133207
0.120431
0.117765
0.117765
0.117765
0.117765
0.106736
0.106736
0.106736
0.106736
0.106736
0.0921637
0.0921637
0.0921637
0.0921637
0.0768108
0.0736595
0.0736595
0.0736595
0.0736595
0.0736595
0.0608325
0.0608325
0.0608325
0.0608325
0.0444445
0.0444445
0.0444445
0.0444445
0.0444445
0.0279421
0.0246555
0.0246555
0.0246555
0.0246555
0.0116451
0.0116451
0.0116451
0.0116451
-0.00100131
-0.00100131
-0.00100131
-0.00100131
-0.0130565
-0.0130565
-0.0130565
-0.0130565
-0.0130565
-0.0269023
-0.0269023
-0.0269023
-0.0269023
-0.0389033
-0.0410377
-0.0410377
-0.0410377
-0.0410377
-0.0485706
-0.0485706
-0.0485706
-0.0485706
-0.0485706
-0.0543373
-0.0543373
-0.0543373
-0.0543373
-0.0587949
-0.0587949
-0.0587949
-0.0587949
-0.0587949
-0.0598794
-0.0598794
-0.0598794
-0.0598794
-0.0598794
-0.058032
-0.058032
-0.058032
-0.058032
-0.054249
-0.054249
-0.054249
-0.054249
-0.0487259
-0.0487259
-0.0487259
-0.0487259
-0.0397525
-0.0397525
-0.0397525
-0.0397525
-0.0397525
-0.0289813
-0.0266601
-0.0266601
-0.0266601
-0.0266601
-0.0169618
-0.0169618
-0.0169618
-0.0169618
-0.00679795
-0.00679795
-0.00679795
-0.00679795
0.00618403
0.00618403
0.00618403
0.00618403
0.00618403
0.0191234
0.0216817
0.0216817
0.0216817
0.0216817
0.031754
0.031754
0.031754
0.031754
0.031754
0.0414939
0.0414939
0.0414939
0.0414939
0.0530576
0.0530576
0.0530576
0.0530576
0.0617312
0.0658599
0.0658599
0.0658599
0.0658599
0.0717818
0.0717818
0.0717818
0.0717818
0.0717818
0.0809069
0.0809069
0.0809069
0.0809069
0.0809069
0.08909
0.08909
0.08909
0.08909
0.0963584
0.0963584
0.0963584
0.0963584
0.0963584
0.102757
0.103935
0.103935
0.103935
0.103935
0.108322
0.108322
0.108322
0.108322
0.112193
0.112193
0.112193
0.112193
0.112193
0.116325
0.116325
0.116325
0.116325
0.119698
0.120285
0.120285
0.120285
0.120285
0.122348
0.122348
0.122348
0.122348
0.123967
0.123967
0.123967
0.123967
0.123967
0.125154
0.125154
0.125154
0.125154
0.12604
0.12604
0.12604
0.12604
0.12604
0.12627
0.12627
0.12627
0.12627
0.125845
0.125682
0.125682
0.125682
0.125682
0.124767
0.124767
0.124767
0.124767
0.124767
0.123436
0.123436
0.123436
0.123436
0.123436
0.121187
0.121187
0.121187
0.121187
0.118283
0.118283
0.118283
0.118283
0.11471
0.113913
0.113913
0.113913
0.113913
0.110446
0.110446
0.110446
0.110446
0.110446
0.106526
0.106526
0.106526
0.106526
0.100979
0.100979
0.100979
0.100979
0.100979
0.0946975
0.0933509
0.0933509
0.0933509
0.0933509
0.0876564
0.0876564
0.0876564
0.0876564
0.081463
0.081463
0.081463
0.081463
0.081463
0.0730156
0.0730156
0.0730156
0.0730156
0.0637865
0.061848
0.061848
0.061848
0.061848
0.053789
0.053789
0.053789
0.053789
0.053789
0.0452553
0.0452553
0.0452553
0.0452553
0.0339826
0.0339826
0.0339826
0.0339826
0.0339826
0.0221411
0.0221411
0.0221411
0.0221411
0.00986179
0.00986179
0.00736837
0.00736837
0.00736837
0.00736837
-0.00267016
-0.00267016
-0.00267016
-0.00267016
-0.0127121
-0.0127121
-0.0127121
-0.0127121
-0.0250254
-0.0250254
-0.0250254
-0.0250254
-0.0250254
-0.036755
-0.038999
-0.038999
-0.038999
-0.038999
-0.0475283
-0.0475283
-0.0475283
-0.0475283
-0.0475283
-0.0569397
-0.0569397
-0.0569397
-0.0569397
-0.0645724
-0.0658512
-0.0658512
-0.0658512
-0.0658512
-0.0700552
-0.0700552
-0.0700552
-0.0700552
-0.0700552
-0.0727058
-0.0727058
-0.0727058
-0.0727058
-0.0737083
-0.0737083
-0.0737083
-0.0737083
-0.0726033
-0.0726033
-0.0726033
-0.0726033
-0.0698862
-0.0689634
-0.0679471
-0.0679471
-0.0679471
-0.0679471
-0.0629925
-0.0629925
-0.0629925
-0.0629925
-0.0567512
-0.0567512
-0.0567512
-0.0567512
-0.0474513
-0.0474513
-0.0474513
-0.0474513
-0.0474513
-0.0368771
-0.0346453
-0.0346453
-0.0346453
-0.0346453
-0.0277747
-0.0277747
-0.0277747
-0.0277747
-0.0277747
-0.0159275
-0.0159275
-0.0159275
-0.0159275
-0.00390662
-0.00390662
-0.00390662
-0.00390662
0.00799542
0.0103419
0.0103419
0.0103419
0.0103419
0.0103419
0.0195648
0.0195648
0.0195648
0.0195648
0.0306164
0.0306164
0.0306164
0.0306164
0.0389763
0.0409923
0.0429778
0.0429778
0.0429778
0.0429778
0.0506035
0.0506035
0.0506035
0.0506035
0.0506035
0.0593911
0.0593911
0.0593911
0.0593911
0.0673209
0.0673209
0.0673209
0.0673209
0.0673209
0.0743992
0.0757158
0.0757158
0.0757158
0.0757158
0.0806619
0.0806619
0.0806619
0.0806619
0.0851112
0.0851112
0.0851112
0.0851112
0.0851112
0.0890835
0.0890835
0.0890835
0.0890835
0.0934142
0.0934142
0.0934142
0.0934142
0.0934142
0.0970858
0.0970858
0.0970858
0.0970858
0.100142
0.100683
0.100683
0.100683
0.100683
0.102618
0.102618
0.102618
0.102618
0.102618
0.104194
0.104194
0.104194
0.104194
0.105419
0.105419
0.105419
0.105419
0.106464
0.106464
0.106464
0.106464
0.106464
0.106978
0.106978
0.106978
0.106978
0.106972
0.106909
0.106909
0.106909
0.106909
0.106452
0.106452
0.106452
0.106452
0.106452
0.105674
0.105674
0.105674
0.105674
0.104259
0.104259
0.104259
0.104259
0.10278
0.102363
0.101927
0.101927
0.101927
0.101927
0.0999944
0.0999944
0.0999944
0.0999944
0.0977651
0.0977651
0.0977651
0.0977651
0.0945729
0.0945729
0.0945729
0.0945729
0.0945729
0.0909423
0.0901647
0.0901647
0.0901647
0.0901647
0.0868874
0.0868874
0.0868874
0.0868874
0.0868874
0.0833505
0.0833505
0.0833505
0.0833505
0.0785877
0.0785877
0.0785877
0.0785877
0.0785877
0.0734826
0.0734826
0.0734826
0.0734826
0.0680784
0.0669663
0.0669663
0.0669663
0.0669663
0.062429
0.062429
0.062429
0.062429
0.062429
0.0577761
0.0577761
0.0577761
0.0577761
0.0518691
0.0518691
0.0518691
0.0518691
0.0518691
0.0459606
0.0459606
0.0459606
0.0459606
0.0413058
0.0401599
0.0390231
0.0390231
0.0390231
0.0390231
0.0345882
0.0345882
0.0345882
0.0345882
0.0293807
0.0293807
0.0293807
0.0293807
0.0293807
0.0246842
0.0246842
0.0246842
0.0246842
0.0213891
0.0206387
0.0199196
0.0199196
0.0199196
0.0199196
0.0173773
0.0173773
0.0173773
0.0173773
0.0154148
0.0154148
0.0154148
0.0154148
0.0154148
0.013862
0.013862
0.013862
0.013862
0.0133742
0.0134069
0.0134069
0.0134069
0.0134069
0.0134069
0.0139707
0.0139707
0.0139707
0.0139707
0.0156354
0.0156354
0.0156354
0.0156354
0.0156354
0.0183225
0.0183225
0.0183225
0.0183225
0.0211517
0.022776
0.022776
0.022776
0.022776
0.022776
0.0264125
0.0264125
0.0264125
0.0264125
0.0305109
0.0305109
0.0305109
0.0305109
0.0349895
0.0349895
0.0349895
0.0349895
0.0349895
0.0409949
0.0409949
0.0409949
0.0409949
0.0473037
0.0473037
0.0473037
0.0473037
0.0473037
0.0550681
0.0550681
0.0550681
0.0550681
0.0550681
0.0602543
0.0602543
0.0602543
0.0602543
0.0653755
0.0653755
0.0653755
0.0653755
0.0715994
0.0715994
0.0715994
0.0715994
0.0715994
0.0775502
0.0787023
0.0787023
0.0787023
0.0787023
0.0831724
0.0831724
0.0831724
0.0831724
0.0874085
0.0874085
0.0874085
0.0874085
0.0874085
0.0923527
0.0923527
0.0923527
0.0923527
0.0968944
0.0977542
0.0977542
0.0977542
0.0977542
0.101035
0.101035
0.101035
0.101035
0.101035
0.104066
0.104066
0.104066
0.104066
0.107508
0.107508
0.107508
0.107508
0.10999
0.110574
0.111143
0.111143
0.111143
0.111143
0.113279
0.113279
0.113279
0.113279
0.113279
0.115639
0.115639
0.115639
0.115639
0.117667
0.118034
0.118034
0.118034
0.118034
0.119382
0.119382
0.119382
0.119382
0.120541
0.120541
0.120541
0.120541
0.120541
0.121521
0.121521
0.121521
0.121521
0.122504
0.122504
0.122504
0.122504
0.122504
0.123232
0.123232
0.123232
0.123232
0.123724
0.123796
0.123796
0.123796
0.123796
0.123796
0.123997
0.123997
0.123997
0.123997
0.124068
0.124068
0.124068
0.124068
0.124068
0.12399
0.12399
0.12399
0.12399
0.123743
0.123743
0.123743
0.123743
0.123344
0.123344
0.123248
0.123248
0.123248
0.122813
0.122813
0.122813
0.122813
0.122813
0.122307
0.122307
0.122307
0.122307
0.121591
0.121591
0.121591
0.121591
0.121591
0.120806
0.120642
0.120642
0.120642
0.120642
0.119975
0.119975
0.119975
0.119975
0.119975
0.11913
0.11913
0.11913
0.11913
0.118304
0.118145
0.118145
0.118145
0.118145
0.117533
0.117533
0.117533
0.117533
0.117533
0.116978
0.116978
0.116978
0.116978
0.116395
0.116395
0.116395
0.116395
0.116395
0.115969
0.115905
0.115905
0.115905
0.115905
0.11573
0.11573
0.11573
0.11573
0.115695
0.115695
0.115695
0.115695
0.115869
0.115869
0.115869
0.115869
0.115869
0.11631
0.116431
0.116431
0.116431
0.116431
0.117033
0.117033
0.117033
0.117033
0.117033
0.118048
0.118048
0.118048
0.118048
0.119074
0.119361
0.119659
0.119659
0.119659
0.119659
0.120968
0.120968
0.120968
0.120968
0.122458
0.122458
0.122458
0.122458
0.124562
0.124562
0.124562
0.124562
0.124562
0.126908
0.127404
0.127404
0.127404
0.127404
0.129465
0.129465
0.129465
0.129465
0.129465
0.131637
0.131637
0.131637
0.131637
0.134475
0.134475
0.134475
0.134475
0.137415
0.137415
0.137415
0.137415
0.137415
0.140419
0.141025
0.141025
0.141025
0.141025
0.141025
0.143454
0.143454
0.143454
0.143454
0.146484
0.146484
0.146484
0.146484
0.146484
0.149474
0.149474
0.149474
0.149474
0.151815
0.152964
0.152964
0.152964
0.152964
0.15521
0.15521
0.15521
0.15521
0.15521
0.157379
0.157379
0.157379
0.157379
0.159971
0.159971
0.159971
0.159971
0.159971
0.162423
0.162896
0.162896
0.162896
0.162896
0.164733
0.164733
0.164733
0.164733
0.166481
0.166481
0.166481
0.166481
0.166481
0.168548
0.168548
0.168548
0.168548
0.170491
0.170866
0.170866
0.170866
0.170866
0.170866
0.172319
0.172319
0.172319
0.172319
0.174038
0.174038
0.174038
0.174038
0.175342
0.175658
0.175972
0.175972
0.175972
0.175972
0.177195
0.177195
0.177195
0.177195
0.178374
0.178374
0.178374
0.178374
0.179801
0.179801
0.179801
0.179801
0.179801
0.181191
0.181466
0.181466
0.181466
0.181466
0.182558
0.182558
0.182558
0.182558
0.182558
0.183644
0.183644
0.183644
0.183644
0.185005
0.185005
0.185005
0.185005
0.186382
0.186661
0.186661
0.186661
0.186661
0.186661
0.187792
0.187792
0.187792
0.187792
0.188952
0.188952
0.188952
0.188952
0.190455
0.190455
0.190455
0.190455
0.190455
0.192028
0.192353
0.192353
0.192353
0.192353
0.193686
0.193686
0.193686
0.193686
0.195078
0.195078
0.195078
0.195078
0.195078
0.196909
0.196909
0.196909
0.196909
0.198848
0.198848
0.198848
0.198848
0.198848
0.200901
0.201325
0.201325
0.201325
0.201325
0.20307
0.20307
0.20307
0.20307
0.204889
0.204889
0.204889
0.204889
0.206783
0.206783
0.206783
0.206783
0.206783
0.209254
0.209254
0.209254
0.209254
0.211836
0.212365
0.212365
0.212365
0.212365
0.212365
0.214516
0.214516
0.214516
0.214516
0.216721
0.216721
0.216721
0.216721
0.219543
0.219543
0.219543
0.219543
0.219543
0.222424
0.223005
0.223005
0.223005
0.223005
0.225345
0.225345
0.225345
0.225345
0.225345
0.228286
0.228286
0.228286
0.228286
0.231224
0.231809
0.231809
0.231809
0.231809
0.231809
0.234135
0.234135
0.234135
0.234135
0.236423
0.236423
0.236423
0.236423
0.236423
0.239209
0.239209
0.239209
0.239209
0.241878
0.241878
0.241878
0.241878
0.244401
0.244885
0.244885
0.244885
0.244885
0.244885
0.246749
0.246749
0.246749
0.246749
0.248898
0.248898
0.248898
0.248898
0.248898
0.250827
0.250827
0.250827
0.250827
0.252198
0.252517
0.252825
0.252825
0.252825
0.252825
0.253955
0.253955
0.253955
0.253955
0.254918
0.254918
0.254918
0.254918
0.254918
0.255886
0.255886
0.255886
0.255886
0.256589
0.256589
0.256589
0.256589
0.256589
0.257026
0.257082
0.257082
0.257082
0.257082
0.2572
0.2572
0.2572
0.2572
0.2572
0.257156
0.257156
0.257156
0.257156
0.256886
0.256886
0.256886
0.256886
0.25639
0.256266
0.256266
0.256266
0.256266
0.255686
0.255686
0.255686
0.255686
0.254984
0.254984
0.254984
0.254984
0.254984
0.253953
0.253953
0.253953
0.253953
0.25277
0.252518
0.252518
0.252518
0.252518
0.251457
0.251457
0.251457
0.251457
0.251457
0.250326
0.250326
0.250326
0.250326
0.249134
0.249134
0.249134
0.249134
0.249134
0.247575
0.247575
0.247575
0.247575
0.245953
0.245953
0.245953
0.245953
0.244278
0.243938
0.243938
0.243938
0.243938
0.24256
0.24256
0.24256
0.24256
0.24256
0.241165
0.241165
0.241165
0.241165
0.239762
0.239762
0.239762
0.239762
0.23801
0.23801
0.23801
0.23801
0.236615
0.236268
0.235921
0.235921
0.235921
0.235921
0.234541
0.234541
0.234541
0.234541
0.233177
0.233177
0.233177
0.233177
0.231502
0.231502
0.231502
0.231502
0.231502
0.229867
0.229545
0.229545
0.229545
0.229545
0.228274
0.228274
0.228274
0.228274
0.227029
0.227029
0.227029
0.227029
0.227029
0.225808
0.225808
0.225808
0.225808
0.22431
0.22431
0.22431
0.22431
0.222838
0.222546
0.222546
0.222546
0.222546
0.221383
0.221383
0.221383
0.221383
0.221383
0.220226
0.220226
0.220226
0.220226
0.218782
0.218782
0.218782
0.218782
0.217626
0.217336
0.217046
0.217046
0.217046
0.217046
0.215882
0.215882
0.215882
0.215882
0.214708
0.214708
0.214708
0.214708
0.214708
0.213221
0.213221
0.213221
0.213221
0.211704
0.211396
0.211396
0.211396
0.211396
0.210146
0.210146
0.210146
0.210146
0.210146
0.208536
0.208536
0.208536
0.208536
0.207203
0.20652
0.20652
0.20652
0.20652
0.20652
0.205119
0.205119
0.205119
0.205119
0.203664
0.203664
0.203664
0.203664
0.201762
0.201762
0.201762
0.201762
0.201762
0.199758
0.199344
0.199344
0.199344
0.199344
0.197639
0.197639
0.197639
0.197639
0.197639
0.195388
0.195388
0.195388
0.195388
0.192993
0.192495
0.192495
0.192495
0.192495
0.19044
0.19044
0.19044
0.19044
0.19044
0.188279
0.188279
0.188279
0.188279
0.185426
0.185426
0.185426
0.185426
0.183021
0.182403
0.181777
0.181777
0.181777
0.181777
0.179202
0.179202
0.179202
0.179202
0.176508
0.176508
0.176508
0.176508
0.172974
0.172974
0.172974
0.172974
0.172974
0.169254
0.168488
0.168488
0.168488
0.168488
0.165356
0.165356
0.165356
0.165356
0.16212
0.16212
0.16212
0.16212
0.16212
0.15794
0.15794
0.15794
0.15794
0.15362
0.152739
0.152739
0.152739
0.152739
0.152739
0.149151
0.149151
0.149151
0.149151
0.149151
0.14454
0.14454
0.14454
0.14454
0.139802
0.139802
0.139802
0.139802
0.135922
0.13494
0.133953
0.133953
0.133953
0.133953
0.129957
0.129957
0.129957
0.129957
0.124863
0.124863
0.124863
0.124863
0.124863
0.119671
0.118622
0.118622
0.118622
0.118622
0.115456
0.115456
0.115456
0.115456
0.115456
0.110117
0.110117
0.110117
0.110117
0.104711
0.104711
0.104711
0.104711
0.104711
0.0992409
0.0992409
0.0992409
0.0992409
0.0937045
0.0925899
0.0925899
0.0925899
0.0925899
0.088113
0.088113
0.088113
0.088113
0.088113
0.0836169
0.0836169
0.0836169
0.0836169
0.0791161
0.0791161
0.0791161
0.0791161
0.0791161
0.0735005
0.0735005
0.0735005
0.0735005
0.067908
0.0667929
0.0667929
0.0667929
0.0667929
0.0135657
0.0135657
0.0135657
0.0135657
0.00869236
0.00869236
0.00869236
0.00869236
0.00397873
0.00397873
0.00397873
0.00397873
0.00397873
-0.00161523
-0.00161523
-0.00161523
-0.00161523
-0.00679546
-0.00679546
-0.00679546
-0.00679546
-0.010635
-0.0115557
-0.0124621
-0.0124621
-0.0124621
-0.0124621
-0.015955
-0.015955
-0.015955
-0.015955
-0.015955
-0.0200705
-0.0200705
-0.0200705
-0.0200705
-0.0239725
-0.0247323
-0.0247323
-0.0247323
-0.0247323
-0.0277108
-0.0277108
-0.0277108
-0.0277108
-0.0305973
-0.0305973
-0.0305973
-0.0305973
-0.0305973
-0.0333858
-0.0333858
-0.0333858
-0.0333858
-0.0367105
-0.0367105
-0.0367105
-0.0367105
-0.0367105
-0.0398257
-0.0398257
-0.0398257
-0.0398257
-0.0398257
-0.0427027
-0.0427027
-0.0427027
-0.0427027
-0.0453136
-0.0453136
-0.0453136
-0.0453136
-0.0453136
-0.0476311
-0.0480575
-0.0480575
-0.0480575
-0.0480575
-0.0496341
-0.0496341
-0.0496341
-0.0496341
-0.0510009
-0.0510009
-0.0510009
-0.0510009
-0.0510009
-0.0524078
-0.0524078
-0.0524078
-0.0524078
-0.0534781
-0.0534781
-0.0534781
-0.0534781
-0.0534781
-0.0542195
-0.0542195
-0.0542195
-0.0542195
-0.0545839
-0.0546439
-0.0546916
-0.0546916
-0.0546916
-0.0546916
-0.0547618
-0.0547618
-0.0547618
-0.0547618
-0.0546424
-0.0546424
-0.0546424
-0.0546424
-0.0546424
-0.0542372
-0.0542372
-0.0542372
-0.0542372
-0.0535621
-0.0533961
-0.0533961
-0.0533961
-0.0533961
-0.0526335
-0.0526335
-0.0526335
-0.0526335
-0.0517188
-0.0517188
-0.0517188
-0.0517188
-0.0517188
-0.0503714
-0.0503714
-0.0503714
-0.0503714
-0.04881
-0.0484735
-0.0484735
-0.0484735
-0.0484735
-0.0484735
-0.0470524
-0.0470524
-0.0470524
-0.0470524
-0.0455181
-0.0455181
-0.0455181
-0.0455181
-0.043453
-0.043453
-0.043453
-0.043453
-0.0416927
-0.0412386
-0.0407792
-0.0407792
-0.0407792
-0.0407792
-0.0388906
-0.0388906
-0.0388906
-0.0388906
-0.0369258
-0.0369258
-0.0369258
-0.0369258
-0.0343737
-0.0343737
-0.0343737
-0.0343737
-0.0322646
-0.0317291
-0.0311906
-0.0311906
-0.0311906
-0.0311906
-0.0290088
-0.0290088
-0.0290088
-0.0290088
-0.0290088
-0.0267891
-0.0267891
-0.0267891
-0.0267891
-0.0239741
-0.0239741
-0.0239741
-0.0239741
-0.0239741
-0.0211295
-0.0211295
-0.0211295
-0.0211295
-0.0182712
-0.0176995
-0.0176995
-0.0176995
-0.0176995
-0.015418
-0.015418
-0.015418
-0.015418
-0.0131522
-0.0131522
-0.0131522
-0.0131522
-0.0131522
-0.0109126
-0.0109126
-0.0109126
-0.0109126
-0.00816474
-0.00816474
-0.00816474
-0.00816474
-0.00549001
-0.00549001
-0.00549001
-0.00549001
-0.00341189
-0.00341189
-0.00341189
-0.00341189
-0.00139444
-0.00139444
-0.00139444
-0.00139444
-0.00139444
0.00103239
0.00103239
0.00103239
0.00103239
0.00103239
0.00333922
0.00333922
0.00333922
0.00333922
0.00550898
0.00592507
0.00592507
0.00592507
0.00592507
0.00752661
0.00752661
0.00752661
0.00752661
0.00752661
0.0090236
0.0090236
0.0090236
0.0090236
0.0090236
0.010739
0.010739
0.010739
0.010739
0.0122721
0.0122721
0.0122721
0.0122721
0.0133635
0.0136173
0.0138636
0.0138636
0.0138636
0.0138636
0.0147722
0.0147722
0.0147722
0.0147722
0.0147722
0.015735
0.015735
0.015735
0.015735
0.0165058
0.0165058
0.0165058
0.0165058
0.0169853
0.0170862
0.0171796
0.0171796
0.0171796
0.0171796
0.0174779
0.0174779
0.0174779
0.0174779
0.0174779
0.0176562
0.0176562
0.0176562
0.0176562
0.0177117
0.0177117
0.0177117
0.0177117
0.0175829
0.0175352
0.0175352
0.0175352
0.0175352
0.0172728
0.0172728
0.0172728
0.0172728
0.0172728
0.0168976
0.0168976
0.0168976
0.0168976
0.0162745
0.0162745
0.0162745
0.0162745
0.015658
0.0154881
0.0153121
0.0153121
0.0153121
0.0153121
0.0145485
0.0145485
0.0145485
0.0145485
0.013693
0.013693
0.013693
0.013693
0.0125022
0.0125022
0.0125022
0.0125022
0.0125022
0.0111862
0.010909
0.010909
0.010909
0.010909
0.00975634
0.00975634
0.00975634
0.00975634
0.00853751
0.00853751
0.00853751
0.00853751
0.00853751
0.00692926
0.00692926
0.00692926
0.00692926
0.00523731
0.00488993
0.00488993
0.00488993
0.00488993
0.00347382
0.00347382
0.00347382
0.00347382
0.00347382
0.00202059
0.00202059
0.00202059
0.00202059
0.000538266
0.000538266
0.000538266
0.000538266
-0.00134228
-0.00134228
-0.00134228
-0.00134228
-0.00134228
-0.00323923
-0.00323923
-0.00323923
-0.00323923
-0.0051388
-0.00551789
-0.00551789
-0.00551789
-0.00551789
-0.00702803
-0.00702803
-0.00702803
-0.00702803
-0.00702803
-0.00852149
-0.00852149
-0.00852149
-0.00852149
-0.00998917
-0.00998917
-0.00998917
-0.00998917
-0.0117756
-0.0117756
-0.0117756
-0.0117756
-0.0131593
-0.0134983
-0.0138343
-0.0138343
-0.0138343
-0.0138343
-0.0151479
-0.0151479
-0.0151479
-0.0151479
-0.0167161
-0.0167161
-0.0167161
-0.0167161
-0.0167161
-0.0181954
-0.01848
-0.01848
-0.01848
-0.01848
-0.0195798
-0.0195798
-0.0195798
-0.0195798
-0.0206151
-0.0206151
-0.0206151
-0.0206151
-0.0206151
-0.0215826
-0.0215826
-0.0215826
-0.0215826
-0.022692
-0.022692
-0.022692
-0.022692
-0.0236857
-0.0238702
-0.0238702
-0.0238702
-0.0238702
-0.0245603
-0.0245603
-0.0245603
-0.0245603
-0.0245603
-0.0251727
-0.0251727
-0.0251727
-0.0251727
-0.025827
-0.025827
-0.025827
-0.025827
-0.025827
-0.0263552
-0.0264455
-0.0264455
-0.0264455
-0.0264455
-0.0267551
-0.0267551
-0.0267551
-0.0267551
-0.026981
-0.026981
-0.026981
-0.026981
-0.0271444
-0.0271444
-0.0271444
-0.0271444
-0.0271444
-0.0271752
-0.0271655
-0.0271655
-0.0271655
-0.0271655
-0.0270739
-0.0270739
-0.0270739
-0.0270739
-0.0268983
-0.0268983
-0.0268983
-0.0268983
-0.0268983
-0.0265626
-0.0265626
-0.0265626
-0.0265626
-0.026101
-0.0259939
-0.0259939
-0.0259939
-0.0259939
-0.0259939
-0.0255176
-0.0255176
-0.0255176
-0.0255176
-0.0248171
-0.0248171
-0.0248171
-0.0248171
-0.0248171
-0.0240052
-0.02383
-0.02383
-0.02383
-0.02383
-0.0230888
-0.0230888
-0.0230888
-0.0230888
-0.0230888
-0.0220751
-0.0220751
-0.0220751
-0.0220751
-0.0220751
-0.020971
-0.020971
-0.020971
-0.020971
-0.0197854
-0.0195396
-0.0195396
-0.0195396
-0.0195396
-0.0195396
-0.0185309
-0.0185309
-0.0185309
-0.0185309
-0.017219
-0.017219
-0.017219
-0.017219
-0.017219
-0.015859
-0.0155819
-0.0155819
-0.0155819
-0.0155819
-0.0144584
-0.0144584
-0.0144584
-0.0144584
-0.0133136
-0.0133136
-0.0133136
-0.0133136
-0.0121521
-0.0121521
-0.0121521
-0.0121521
-0.0106834
-0.0106834
-0.0106834
-0.0106834
-0.0106834
-0.00920359
-0.00890696
-0.00890696
-0.00890696
-0.00890696
-0.00772006
-0.00772006
-0.00772006
-0.00772006
-0.00653568
-0.00653568
-0.00653568
-0.00653568
-0.00653568
-0.00535832
-0.00535832
-0.00535832
-0.00535832
-0.00390329
-0.00390329
-0.00390329
-0.00390329
-0.00247423
-0.00219217
-0.00219217
-0.00219217
-0.00219217
-0.00219217
-0.00107839
-0.00107839
-0.00107839
-0.00107839
-0.00107839
0.000276356
0.000276356
0.000276356
0.000276356
0.00158153
0.00183597
0.00183597
0.00183597
0.00183597
0.00283015
0.00283015
0.00283015
0.00283015
0.00378426
0.00378426
0.00378426
0.00378426
0.00378426
0.00491563
0.00491563
0.00491563
0.00491563
0.00597329
0.00597329
0.00597329
0.00597329
0.00597329
0.00695245
0.00713854
0.00713854
0.00713854
0.00713854
0.00784944
0.00784944
0.00784944
0.00784944
0.00784944
0.00866087
0.00866087
0.00866087
0.00866087
0.00866087
0.00938353
0.00938353
0.00938353
0.00938353
0.010015
0.0101302
0.0101302
0.0101302
0.0101302
0.0101302
0.0105539
0.0105539
0.0105539
0.0105539
0.0109187
0.0109187
0.0109187
0.0109187
0.011292
0.011292
0.011292
0.011292
0.0115252
0.0115744
0.01162
0.01162
0.01162
0.01162
0.0117667
0.0117667
0.0117667
0.0117667
0.0117667
0.0118691
0.0118691
0.0118691
0.0118691
0.0118821
0.0118741
0.0118741
0.0118741
0.0118741
0.0118069
0.0118069
0.0118069
0.0118069
0.0118069
0.0116846
0.0116846
0.0116846
0.0116846
0.0114567
0.0114567
0.0114567
0.0114567
0.0114567
0.0111485
0.0111485
0.0111485
0.0111485
0.0107635
0.0106777
0.0106777
0.0106777
0.0106777
0.0103062
0.0103062
0.0103062
0.0103062
0.00989187
0.00989187
0.00989187
0.00989187
0.00989187
0.009438
0.009438
0.009438
0.009438
0.0088198
0.0088198
0.0088198
0.0088198
0.00815052
0.00815052
0.00815052
0.00815052
0.00815052
0.00743557
0.00728758
0.00728758
0.00728758
0.00728758
0.00668054
0.00668054
0.00668054
0.00668054
0.00605196
0.00605196
0.00605196
0.00605196
0.00605196
0.0054055
0.0054055
0.0054055
0.0054055
0.00457758
0.00457758
0.00457758
0.00457758
0.00457758
0.00373223
0.00373223
0.00373223
0.00373223
0.00287315
0.00270005
0.00270005
0.00270005
0.00270005
0.00200476
0.00200476
0.00200476
0.00200476
0.00130738
0.00130738
0.00130738
0.00130738
0.00130738
0.000438699
0.000438699
0.000438699
0.000438699
-0.000249162
-0.000419675
-0.000589505
-0.000589505
-0.000589505
-0.000589505
-0.001261
-0.001261
-0.001261
-0.001261
-0.00191777
-0.00191777
-0.00191777
-0.00191777
-0.00191777
-0.00271341
-0.00271341
-0.00271341
-0.00271341
-0.00347618
-0.0036244
-0.0036244
-0.0036244
-0.0036244
-0.00420194
-0.00420194
-0.00420194
-0.00420194
-0.00420194
-0.00475363
-0.00475363
-0.00475363
-0.00475363
-0.00540416
-0.00540416
-0.00540416
-0.00540416
-0.00600824
-0.00600824
-0.00600824
-0.00600824
-0.00600824
-0.0065631
-0.00666795
-0.00666795
-0.00666795
-0.00666795
-0.00666795
-0.00706625
-0.00706625
-0.00706625
-0.00706625
-0.00751541
-0.00751541
-0.00751541
-0.00751541
-0.00783466
-0.00790881
-0.00798069
-0.00798069
-0.00798069
-0.00798069
-0.00824525
-0.00824525
-0.00824525
-0.00824525
-0.00847259
-0.00847259
-0.00847259
-0.00847259
-0.00847259
-0.00870349
-0.00870349
-0.00870349
-0.00870349
-0.0088747
-0.00890178
-0.00890178
-0.00890178
-0.00890178
-0.00896879
-0.00896879
-0.00896879
-0.00896879
-0.00903329
-0.00903329
-0.00903329
-0.00903329
-0.00903329
-0.00903929
-0.00903355
-0.00903355
-0.00903355
-0.00903355
-0.00898787
-0.00898787
-0.00898787
-0.00898787
-0.00890642
-0.00890642
-0.00890642
-0.00890642
-0.00875561
-0.00875561
-0.00875561
-0.00875561
-0.00875561
-0.00855222
-0.00850545
-0.00850545
-0.00850545
-0.00850545
-0.00829892
