-0.0458884
-0.0458892
-0.0458892
-0.0458892
-0.0458892
-0.0458814
-0.0458738
-0.0458738
-0.0458738
-0.0458738
-0.0458738
-0.0458178
-0.0458178
-0.0458178
-0.0458178
-0.045735
-0.045735
-0.045735
-0.045735
-0.045735
-0.045622
-0.045622
-0.045622
-0.045622
-0.0455069
-0.0455069
-0.0455069
-0.0455069
-0.0454138
-0.0453902
-0.0453665
-0.0453665
-0.0453665
-0.0453665
-0.0452695
-0.0452695
-0.0452695
-0.0452695
-0.0451485
-0.0451485
-0.0451485
-0.0451485
-0.0451485
-0.0450294
-0.0450057
-0.0450057
-0.0450057
-0.0450057
-0.0449099
-0.0449099
-0.0449099
-0.0449099
-0.0449099
-0.0448141
-0.0448141
-0.0448141
-0.0448141
-0.0446961
-0.0446961
-0.0446961
-0.0446961
-0.0446028
-0.0445567
-0.0445567
-0.0445567
-0.0445567
-0.0445567
-0.0444653
-0.0444653
-0.0444653
-0.0444653
-0.0443523
-0.0443523
-0.0443523
-0.0443523
-0.0443523
-0.0442425
-0.0442211
-0.0442211
-0.0442211
-0.0442211
-0.0441367
-0.0441367
-0.0441367
-0.0441367
-0.0441367
-0.044034
-0.044034
-0.044034
-0.044034
-0.0439358
-0.0439358
-0.0439358
-0.0439358
-0.0439358
-0.0438416
-0.0438416
-0.0438416
-0.0438416
-0.043769
-0.0437513
-0.0437336
-0.0437336
-0.0437336
-0.0437336
-0.0436816
-0.0436816
-0.0436816
-0.0436816
-0.0435985
-0.0435985
-0.0435985
-0.0435985
-0.0435211
-0.043506
-0.043506
-0.043506
-0.043506
-0.043506
-0.0434469
-0.0434469
-0.0434469
-0.0434469
-0.0433779
-0.0433779
-0.0433779
-0.0433779
-0.0433273
-0.0433152
-0.0433032
-0.0433032
-0.0433032
-0.0433032
-0.0432569
-0.0432569
-0.0432569
-0.0432569
-0.0432144
-0.0432144
-0.0432144
-0.0432144
-0.0431757
-0.0431757
-0.0431757
-0.0431757
-0.0431757
-0.0431326
-0.0431326
-0.0431326
-0.0431326
-0.0431326
-0.0430947
-0.0430947
-0.0430947
-0.0430947
-0.0430615
-0.0430554
-0.0430554
-0.0430554
-0.0430554
-0.043034
-0.043034
-0.043034
-0.043034
-0.0430165
-0.0430165
-0.0430165
-0.0430165
-0.0430165
-0.0430028
-0.0430028
-0.0430028
-0.0430028
-0.0429965
-0.042996
-0.042996
-0.042996
-0.042996
-0.0429966
-0.0429966
-0.0429966
-0.0429966
-0.0429966
-0.0430012
-0.0430012
-0.0430012
-0.0430012
-0.0430117
-0.0430117
-0.0430117
-0.0430117
-0.0430117
-0.0430271
-0.0430306
-0.0430306
-0.0430306
-0.0430306
-0.0430466
-0.0430466
-0.0430466
-0.0430466
-0.0430648
-0.0430648
-0.0430648
-0.0430648
-0.0430851
-0.0430851
-0.0430851
-0.0430851
-0.0430851
-0.0431149
-0.0431149
-0.0431149
-0.0431149
-0.0431486
-0.0431486
-0.0431486
-0.0431486
-0.0431784
-0.0431862
-0.043194
-0.043194
-0.043194
-0.043194
-0.0432271
-0.0432271
-0.0432271
-0.0432271
-0.0432631
-0.0432631
-0.0432631
-0.0432631
-0.0432631
-0.0433117
-0.0433117
-0.0433117
-0.0433117
-0.0433632
-0.0433632
-0.0433632
-0.0433632
-0.0434076
-0.043419
-0.0434305
-0.0434305
-0.0434305
-0.0434305
-0.0434775
-0.0434775
-0.0434775
-0.0434775
-0.0434775
-0.0435259
-0.0435259
-0.0435259
-0.0435259
-0.0435884
-0.0435884
-0.0435884
-0.0435884
-0.0436518
-0.0436648
-0.0436648
-0.0436648
-0.0436648
-0.0437173
-0.0437173
-0.0437173
-0.0437173
-0.0437173
-0.0437707
-0.0437707
-0.0437707
-0.0437707
-0.0438374
-0.0438374
-0.0438374
-0.0438374
-0.0438374
-0.0439051
-0.0439051
-0.0439051
-0.0439051
-0.0439051
-0.0439736
-0.0439736
-0.0439736
-0.0439736
-0.0440425
-0.0440564
-0.0440564
-0.0440564
-0.0440564
-0.0441109
-0.0441109
-0.0441109
-0.0441109
-0.0441109
-0.044165
-0.044165
-0.044165
-0.044165
-0.0442185
-0.0442185
-0.0442185
-0.0442185
-0.044284
-0.044284
-0.044284
-0.044284
-0.0443362
-0.0443492
-0.0443621
-0.0443621
-0.0443621
-0.0443621
-0.0444135
-0.0444135
-0.0444135
-0.0444135
-0.0444643
-0.0444643
-0.0444643
-0.0444643
-0.0445137
-0.0445137
-0.0445137
-0.0445137
-0.0445137
-0.0445729
-0.0445729
-0.0445729
-0.0445729
-0.0446301
-0.0446301
-0.0446301
-0.0446301
-0.0446745
-0.0446853
-0.0446961
-0.0446961
-0.0446961
-0.0446961
-0.0447392
-0.0447392
-0.0447392
-0.0447392
-0.0447928
-0.0447928
-0.0447928
-0.0447928
-0.0447928
-0.0448444
-0.0448545
-0.0448545
-0.0448545
-0.0448545
-0.044894
-0.044894
-0.044894
-0.044894
-0.0449311
-0.0449311
-0.0449311
-0.0449311
-0.0449311
-0.0449661
-0.0449661
-0.0449661
-0.0449661
-0.045006
-0.045006
-0.045006
-0.045006
-0.0450414
-0.0450414
-0.0450414
-0.0450414
-0.0450414
-0.0450723
-0.0450781
-0.0450781
-0.0450781
-0.0450781
-0.0451003
-0.0451003
-0.0451003
-0.0451003
-0.0451003
-0.0451201
-0.0451201
-0.0451201
-0.0451201
-0.0451418
-0.0451418
-0.0451418
-0.0451418
-0.0451418
-0.0451603
-0.0451603
-0.0451603
-0.0451603
-0.0451729
-0.0451749
-0.0451749
-0.0451749
-0.0451749
-0.0451815
-0.0451815
-0.0451815
-0.0451815
-0.0451815
-0.045186
-0.045186
-0.045186
-0.045186
-0.0451885
-0.0451885
-0.0451885
-0.0451885
-0.0451883
-0.0451883
-0.0451883
-0.0451883
-0.0451883
-0.0451847
-0.0451837
-0.0451837
-0.0451837
-0.0451837
-0.0451791
-0.0451791
-0.0451791
-0.0451791
-0.0451791
-0.0451706
-0.0451706
-0.0451706
-0.0451706
-0.0451595
-0.0451569
-0.0451569
-0.0451569
-0.0451569
-0.0451454
-0.0451454
-0.0451454
-0.0451454
-0.0451315
-0.0451315
-0.0451315
-0.0451315
-0.0451315
-0.0451116
-0.0451116
-0.0451116
-0.0451116
-0.0450893
-0.0450845
-0.0450845
-0.0450845
-0.0450845
-0.0450647
-0.0450647
-0.0450647
-0.0450647
-0.0450647
-0.0450438
-0.0450438
-0.0450438
-0.0450438
-0.0450214
-0.0450214
-0.0450214
-0.0450214
-0.044991
-0.044991
-0.044991
-0.044991
-0.0449651
-0.0449583
-0.0449514
-0.0449514
-0.0449514
-0.0449514
-0.0449224
-0.0449224
-0.0449224
-0.0449224
-0.0449224
-0.0448827
-0.0448827
-0.0448827
-0.0448827
-0.0448408
-0.0448321
-0.0448321
-0.0448321
-0.0448321
-0.0447959
-0.0447959
-0.0447959
-0.0447959
-0.044757
-0.044757
-0.044757
-0.044757
-0.044757
-0.0447166
-0.0447166
-0.0447166
-0.0447166
-0.0446629
-0.0446629
-0.0446629
-0.0446629
-0.0446046
-0.0445923
-0.0445923
-0.0445923
-0.0445923
-0.0445544
-0.0445544
-0.0445544
-0.0445544
-0.0444867
-0.0444867
-0.0444867
-0.0444867
-0.0444867
-0.0444144
-0.0444144
-0.0444144
-0.0444144
-0.0443533
-0.0443376
-0.0443217
-0.0443217
-0.0443217
-0.0443217
-0.0442561
-0.0442561
-0.0442561
-0.0442561
-0.0441879
-0.0441879
-0.0441879
-0.0441879
-0.0441879
-0.0441001
-0.0441001
-0.0441001
-0.0441001
-0.0440099
-0.0439916
-0.0439916
-0.0439916
-0.0439916
-0.0439172
-0.0439172
-0.0439172
-0.0439172
-0.0439172
-0.0438223
-0.0438223
-0.0438223
-0.0438223
-0.0437456
-0.0437071
-0.0437071
-0.0437071
-0.0437071
-0.0437071
-0.0436294
-0.0436294
-0.0436294
-0.0436294
-0.0435505
-0.0435505
-0.0435505
-0.0435505
-0.0434709
-0.0434709
-0.0434709
-0.0434709
-0.0433704
-0.0433704
-0.0433704
-0.0433704
-0.0433704
-0.043267
-0.0432459
-0.0432459
-0.0432459
-0.0432459
-0.0431607
-0.0431607
-0.0431607
-0.0431607
-0.0431607
-0.0430525
-0.0430525
-0.0430525
-0.0430525
-0.0429433
-0.0429213
-0.0429213
-0.0429213
-0.0429213
-0.0428333
-0.0428333
-0.0428333
-0.0428333
-0.0427438
-0.0427438
-0.0427438
-0.0427438
-0.0427438
-0.0426543
-0.0426543
-0.0426543
-0.0426543
-0.0425426
-0.0425426
-0.0425426
-0.0425426
-0.0424305
-0.0424079
-0.0424079
-0.0424079
-0.0424079
-0.0424079
-0.0423178
-0.0423178
-0.0423178
-0.0423178
-0.0422283
-0.0422283
-0.0422283
-0.0422283
-0.0421171
-0.0421171
-0.0421171
-0.0421171
-0.042029
-0.0420071
-0.0419851
-0.0419851
-0.0419851
-0.0419851
-0.0418983
-0.0418983
-0.0418983
-0.0418983
-0.041814
-0.041814
-0.041814
-0.041814
-0.041814
-0.0417121
-0.0417121
-0.0417121
-0.0417121
-0.0417121
-0.041613
-0.041613
-0.041613
-0.041613
-0.0415177
-0.0415177
-0.0415177
-0.0415177
-0.0414443
-0.0414264
-0.0414086
-0.0414086
-0.0414086
-0.0414086
-0.0413391
-0.0413391
-0.0413391
-0.0413391
-0.0413391
-0.0412559
-0.0412559
-0.0412559
-0.0412559
-0.0411774
-0.0411622
-0.0411622
-0.0411622
-0.0411622
-0.0411622
-0.0411037
-0.0411037
-0.0411037
-0.0411037
-0.0410355
-0.0410355
-0.0410355
-0.0410355
-0.0409843
-0.0409721
-0.0409599
-0.0409599
-0.0409599
-0.0409599
-0.0409127
-0.0409127
-0.0409127
-0.0409127
-0.040858
-0.040858
-0.040858
-0.040858
-0.040858
-0.0408085
-0.040799
-0.040799
-0.040799
-0.040799
-0.040799
-0.0407629
-0.0407629
-0.0407629
-0.0407629
-0.0407208
-0.0407208
-0.0407208
-0.0407208
-0.0406892
-0.0406815
-0.0406738
-0.0406738
-0.0406738
-0.0406738
-0.0406445
-0.0406445
-0.0406445
-0.0406445
-0.0406167
-0.0406167
-0.0406167
-0.0406167
-0.0405824
-0.0405824
-0.0405824
-0.0405824
-0.0405824
-0.04055
-0.0405438
-0.0405438
-0.0405438
-0.0405438
-0.0405204
-0.0405204
-0.0405204
-0.0405204
-0.0404983
-0.0404983
-0.0404983
-0.0404983
-0.0404777
-0.0404777
-0.0404777
-0.0404777
-0.0404777
-0.040453
-0.040453
-0.040453
-0.040453
-0.0404316
-0.0404275
-0.0404275
-0.0404275
-0.0404275
-0.0404275
-0.0404125
-0.0404125
-0.0404125
-0.0404125
-0.0403949
-0.0403949
-0.0403949
-0.0403949
-0.0403824
-0.0403795
-0.0403767
-0.0403767
-0.0403767
-0.0403767
-0.0403664
-0.0403664
-0.0403664
-0.0403664
-0.0403664
-0.0403552
-0.0403552
-0.0403552
-0.0403552
-0.0403454
-0.0403435
-0.0403435
-0.0403435
-0.0403435
-0.0403435
-0.0403358
-0.0403358
-0.0403358
-0.0403358
-0.0403266
-0.0403266
-0.0403266
-0.0403266
-0.0403198
-0.0403182
-0.0403168
-0.0403168
-0.0403168
-0.0403168
-0.0403102
-0.0403102
-0.0403102
-0.0403102
-0.0403037
-0.0403037
-0.0403037
-0.0403037
-0.0402982
-0.0402982
-0.0402982
-0.0402982
-0.0402982
-0.0402939
-0.0402939
-0.0402939
-0.0402939
-0.0402939
-0.0402892
-0.0402883
-0.0402883
-0.0402883
-0.0402883
-0.0402837
-0.0402837
-0.0402837
-0.0402837
-0.0402793
-0.0402793
-0.0402793
-0.0402793
-0.0402793
-0.0402759
-0.0402759
-0.0402759
-0.0402759
-0.0402725
-0.0402719
-0.0402719
-0.0402719
-0.0402719
-0.0402685
-0.0402685
-0.0402685
-0.0402685
-0.0402685
-0.040263
-0.040263
-0.040263
-0.040263
-0.0402578
-0.0402566
-0.0402555
-0.0402555
-0.0402555
-0.0402555
-0.0402499
-0.0402499
-0.0402499
-0.0402499
-0.0402443
-0.0402443
-0.0402443
-0.0402443
-0.0402394
-0.0402394
-0.0402394
-0.0402394
-0.0402362
-0.0402353
-0.0402344
-0.0402344
-0.0402344
-0.0402344
-0.04023
-0.04023
-0.04023
-0.04023
-0.0402248
-0.0402248
-0.0402248
-0.0402248
-0.0402248
-0.0402189
-0.0402189
-0.0402189
-0.0402189
-0.0402127
-0.0402127
-0.0402127
-0.0402127
-0.0402127
-0.0402077
-0.0402067
-0.0402067
-0.0402067
-0.0402067
-0.040203
-0.040203
-0.040203
-0.040203
-0.0401991
-0.0401991
-0.0401991
-0.0401991
-0.0401991
-0.0401949
-0.0401949
-0.0401949
-0.0401949
-0.0401949
-0.0401902
-0.0401902
-0.0401902
-0.0401902
-0.0401874
-0.040187
-0.040187
-0.040187
-0.040187
-0.0401845
-0.0401845
-0.0401845
-0.0401845
-0.0401845
-0.0401823
-0.0401823
-0.0401823
-0.0401823
-0.0401821
-0.0401821
-0.0401823
-0.0401823
-0.0401823
-0.0401829
-0.0401829
-0.0401829
-0.0401829
-0.0401829
-0.0401849
-0.0401849
-0.0401849
-0.0401849
-0.0401893
-0.0401893
-0.0401893
-0.0401893
-0.0402001
-0.0402001
-0.0402001
-0.0402001
-0.0402105
-0.0402132
-0.040216
-0.040216
-0.040216
-0.040216
-0.040227
-0.040227
-0.040227
-0.040227
-0.0402385
-0.0402385
-0.0402385
-0.0402385
-0.0402546
-0.0402546
-0.0402546
-0.0402546
-0.0402546
-0.0402747
-0.040279
-0.040279
-0.040279
-0.040279
-0.040279
-0.040296
-0.040296
-0.040296
-0.040296
-0.0403157
-0.0403157
-0.0403157
-0.0403157
-0.0403319
-0.040336
-0.0403401
-0.0403401
-0.0403401
-0.0403401
-0.0403549
-0.0403549
-0.0403549
-0.0403549
-0.0403666
-0.0403666
-0.0403666
-0.0403666
-0.0403666
-0.0403806
-0.0403806
-0.0403806
-0.0403806
-0.0403956
-0.0403986
-0.0403986
-0.0403986
-0.0403986
-0.0403986
-0.0404095
-0.0404095
-0.0404095
-0.0404095
-0.0404206
-0.0404206
-0.0404206
-0.0404206
-0.0404274
-0.0404313
-0.0404313
-0.0404313
-0.0404313
-0.0404313
-0.0404391
-0.0404391
-0.0404391
-0.0404391
-0.0404482
-0.0404482
-0.0404482
-0.0404482
-0.0404482
-0.0404592
-0.0404592
-0.0404592
-0.0404592
-0.0404706
-0.0404706
-0.0404706
-0.0404706
-0.0404706
-0.0404845
-0.0404877
-0.0404877
-0.0404877
-0.0404877
-0.0404991
-0.0404991
-0.0404991
-0.0404991
-0.0405108
-0.0405108
-0.0405108
-0.0405108
-0.0405108
-0.0405285
-0.0405285
-0.0405285
-0.0405285
-0.0405469
-0.0405505
-0.0405505
-0.0405505
-0.0405505
-0.0405651
-0.0405651
-0.0405651
-0.0405651
-0.0405794
-0.0405794
-0.0405794
-0.0405794
-0.0405794
-0.0405976
-0.0405976
-0.0405976
-0.0405976
-0.0406179
-0.0406223
-0.0406223
-0.0406223
-0.0406223
-0.0406385
-0.0406385
-0.0406385
-0.0406385
-0.0406531
-0.0406531
-0.0406531
-0.0406531
-0.0406531
-0.0406725
-0.0406725
-0.0406725
-0.0406725
-0.0406928
-0.0406971
-0.0406971
-0.0406971
-0.0406971
-0.0407129
-0.0407129
-0.0407129
-0.0407129
-0.0407129
-0.0407287
-0.0407287
-0.0407287
-0.0407287
-0.0407483
-0.0407483
-0.0407483
-0.0407483
-0.0407676
-0.0407676
-0.0407716
-0.0407716
-0.0407716
-0.0407716
-0.0407871
-0.0407871
-0.0407871
-0.0407871
-0.0408012
-0.0408012
-0.0408012
-0.0408012
-0.0408198
-0.0408198
-0.0408198
-0.0408198
-0.0408198
-0.0408383
-0.0408422
-0.0408422
-0.0408422
-0.0408422
-0.0408565
-0.0408565
-0.0408565
-0.0408565
-0.0408695
-0.0408695
-0.0408695
-0.0408695
-0.0408695
-0.0408865
-0.0408865
-0.0408865
-0.0408865
-0.0409025
-0.0409057
-0.0409057
-0.0409057
-0.0409057
-0.040917
-0.040917
-0.040917
-0.040917
-0.040917
-0.0409267
-0.0409267
-0.0409267
-0.0409267
-0.0409398
-0.0409398
-0.0409398
-0.0409398
-0.0409503
-0.040953
-0.0409559
-0.0409559
-0.0409559
-0.0409559
-0.0409661
-0.0409661
-0.0409661
-0.0409661
-0.040976
-0.040976
-0.040976
-0.040976
-0.040976
-0.0409873
-0.0409873
-0.0409873
-0.0409873
-0.0409993
-0.0409993
-0.0409993
-0.0409993
-0.0409993
-0.0410111
-0.0410111
-0.0410111
-0.0410111
-0.0410111
-0.0410225
-0.0410252
-0.0410252
-0.0410252
-0.0410399
-0.0410399
-0.0410399
-0.0410399
-0.0410399
-0.0410556
-0.0410556
-0.0410556
-0.0410556
-0.0410716
-0.0410716
-0.0410716
-0.0410716
-0.0410716
-0.0410938
-0.0410938
-0.0410938
-0.0410938
-0.0411156
-0.0411156
-0.0411156
-0.0411156
-0.0411156
-0.0411365
-0.0411403
-0.0411403
-0.0411403
-0.0411403
-0.0411564
-0.0411564
-0.0411564
-0.0411564
-0.0411724
-0.0411724
-0.0411724
-0.0411724
-0.0411724
-0.0411902
-0.0411902
-0.0411902
-0.0411902
-0.0412064
-0.0412064
-0.0412064
-0.0412064
-0.0412178
-0.0412204
-0.0412231
-0.0412231
-0.0412231
-0.0412231
-0.0412326
-0.0412326
-0.0412326
-0.0412326
-0.0412418
-0.0412418
-0.0412418
-0.0412418
-0.0412418
-0.0412528
-0.0412528
-0.0412528
-0.0412528
-0.041263
-0.041265
-0.041265
-0.041265
-0.041265
-0.041276
-0.041276
-0.041276
-0.041276
-0.0412895
-0.0412895
-0.0412895
-0.0412895
-0.0412895
-0.0413091
-0.0413091
-0.0413091
-0.0413091
-0.0413249
-0.0413289
-0.0413331
-0.0413331
-0.0413331
-0.0413331
-0.0413479
-0.0413479
-0.0413479
-0.0413479
-0.041364
-0.041364
-0.041364
-0.041364
-0.041364
-0.0413798
-0.0413831
-0.0413831
-0.0413831
-0.0413831
-0.0413939
-0.0413939
-0.0413939
-0.0413939
-0.0414033
-0.0414033
-0.0414033
-0.0414033
-0.0414033
-0.0414162
-0.0414162
-0.0414162
-0.0414162
-0.0414277
-0.0414302
-0.0414302
-0.0414302
-0.0414302
-0.0414367
-0.0414367
-0.0414367
-0.0414367
-0.0414367
-0.0414411
-0.0414411
-0.0414411
-0.0414411
-0.0414438
-0.0414438
-0.0414438
-0.0414438
-0.0414484
-0.0414484
-0.0414484
-0.0414484
-0.0414517
-0.0414524
-0.0414531
-0.0414531
-0.0414531
-0.0414531
-0.0414555
-0.0414555
-0.0414555
-0.0414555
-0.0414555
-0.0414571
-0.0414571
-0.0414571
-0.0414571
-0.0414571
-0.0414568
-0.0414568
-0.0414568
-0.0414568
-0.0414537
-0.0414537
-0.0414537
-0.0414537
-0.0414508
-0.0414508
-0.0414508
-0.0414508
-0.0414508
-0.041448
-0.041448
-0.041448
-0.041448
-0.0414432
-0.0414432
-0.0414432
-0.0414432
-0.0414377
-0.0414363
-0.0414363
-0.0414363
-0.0414363
-0.0414294
-0.0414294
-0.0414294
-0.0414294
-0.0414294
-0.0414207
-0.0414207
-0.0414207
-0.0414207
-0.0414091
-0.0414091
-0.0414091
-0.0414091
-0.0414009
-0.0413992
-0.0413973
-0.0413973
-0.0413973
-0.0413973
-0.0413893
-0.0413893
-0.0413893
-0.0413893
-0.0413806
-0.0413806
-0.0413806
-0.0413806
-0.0413806
-0.0413686
-0.0413686
-0.0413686
-0.0413686
-0.0413582
-0.041356
-0.041356
-0.041356
-0.041356
-0.041356
-0.0413479
-0.0413479
-0.0413479
-0.0413479
-0.0413394
-0.0413394
-0.0413394
-0.0413394
-0.0413294
-0.0413294
-0.0413294
-0.0413294
-0.0413294
-0.0413226
-0.0413226
-0.0413226
-0.0413226
-0.0413165
-0.0413154
-0.0413154
-0.0413154
-0.0413154
-0.0413108
-0.0413108
-0.0413108
-0.0413108
-0.0413108
-0.0413054
-0.0413054
-0.0413054
-0.0413054
-0.0412975
-0.0412975
-0.0412975
-0.0412975
-0.0412975
-0.0412913
-0.0412913
-0.0412913
-0.0412913
-0.0412859
-0.041285
-0.0412838
-0.0412838
-0.0412838
-0.0412838
-0.0412782
-0.0412782
-0.0412782
-0.0412782
-0.0412738
-0.0412738
-0.0412738
-0.0412738
-0.0412713
-0.0412713
-0.0412713
-0.0412713
-0.0412693
-0.0412693
-0.0412693
-0.0412693
-0.0412693
-0.041267
-0.0412669
-0.0412669
-0.0412669
-0.0412669
-0.0412676
-0.0412676
-0.0412676
-0.0412676
-0.0412676
-0.0412694
-0.0412694
-0.0412694
-0.0412694
-0.0412717
-0.0412723
-0.0412723
-0.0412723
-0.0412723
-0.0412737
-0.0412737
-0.0412737
-0.0412737
-0.0412737
-0.0412741
-0.0412741
-0.0412741
-0.0412741
-0.0412755
-0.0412755
-0.0412755
-0.0412755
-0.0412774
-0.0412774
-0.0412774
-0.0412774
-0.0412792
-0.0412797
-0.0412797
-0.0412797
-0.0412797
-0.0412797
-0.0412798
-0.0412798
-0.0412798
-0.0412798
-0.041282
-0.041282
-0.041282
-0.041282
-0.0412848
-0.0412848
-0.0412848
-0.0412848
-0.0412872
-0.0412876
-0.0412878
-0.0412878
-0.0412878
-0.0412878
-0.0412878
-0.0412878
-0.0412878
-0.0412878
-0.0412897
-0.0412897
-0.0412897
-0.0412897
-0.0412923
-0.0412923
-0.0412923
-0.0412923
-0.041295
-0.041295
-0.041295
-0.041295
-0.041295
-0.0412911
-0.0412902
-0.0412902
-0.0412902
-0.0412902
-0.0412866
-0.0412866
-0.0412866
-0.0412866
-0.0412821
-0.0412821
-0.0412821
-0.0412821
-0.0412821
-0.041278
-0.0412771
-0.0412771
-0.0412771
-0.0412771
-0.0412727
-0.0412727
-0.0412727
-0.0412727
-0.0412671
-0.0412671
-0.0412671
-0.0412671
-0.0412634
-0.0412634
-0.0412634
-0.0412634
-0.0412634
-0.0412604
-0.0412604
-0.0412604
-0.0412604
-0.0412577
-0.0412577
-0.0412577
-0.0412577
-0.0412549
-0.0412547
-0.0412549
-0.0412549
-0.0412549
-0.0412549
-0.041256
-0.041256
-0.041256
-0.041256
-0.0412577
-0.0412577
-0.0412577
-0.0412577
-0.0412577
-0.0412593
-0.0412593
-0.0412593
-0.0412593
-0.0412604
-0.0412606
-0.0412606
-0.0412606
-0.0412606
-0.0412622
-0.0412622
-0.0412622
-0.0412622
-0.0412622
-0.0412641
-0.0412641
-0.0412641
-0.0412641
-0.041265
-0.041265
-0.041265
-0.041265
-0.0412631
-0.0412631
-0.0412624
-0.0412624
-0.0412624
-0.0412624
-0.0412611
-0.0412611
-0.0412611
-0.0412611
-0.0412608
-0.0412608
-0.0412608
-0.0412608
-0.0412595
-0.0412595
-0.0412595
-0.0412595
-0.0412577
-0.0412577
-0.0412577
-0.0412577
-0.0412577
-0.0412524
-0.0412505
-0.0412505
-0.0412505
-0.0412505
-0.0412413
-0.0412413
-0.0412413
-0.0412413
-0.0412413
-0.0412262
-0.0412262
-0.0412262
-0.0412262
-0.0412063
-0.0412017
-0.0412017
-0.0412017
-0.0412017
-0.0411823
-0.0411823
-0.0411823
-0.0411823
-0.0411823
-0.0411585
-0.0411585
-0.0411585
-0.0411585
-0.0411585
-0.041121
-0.041121
-0.041121
-0.041121
-0.0410791
-0.0410791
-0.0410791
-0.0410791
-0.0410417
-0.0410314
-0.0410209
-0.0410209
-0.0410209
-0.0410209
-0.0409756
-0.0409756
-0.0409756
-0.0409756
-0.0409266
-0.0409266
-0.0409266
-0.0409266
-0.0408749
-0.0408749
-0.0408749
-0.0408749
-0.040809
-0.040809
-0.040809
-0.040809
-0.040809
-0.0407356
-0.0407196
-0.0407196
-0.0407196
-0.0407196
-0.0406524
-0.0406524
-0.0406524
-0.0406524
-0.0406524
-0.0405576
-0.0405576
-0.0405576
-0.0405576
-0.0404482
-0.0404248
-0.0404248
-0.0404248
-0.0404248
-0.0404248
-0.0403219
-0.0403219
-0.0403219
-0.0403219
-0.0401701
-0.0401701
-0.0401701
-0.0401701
-0.0401701
-0.04
-0.0399632
-0.0399632
-0.0399632
-0.0399632
-0.039807
-0.039807
-0.039807
-0.039807
-0.0396344
-0.0396344
-0.0396344
-0.0396344
-0.0394477
-0.0394477
-0.0394477
-0.0394477
-0.0394477
-0.0391977
-0.0391977
-0.0391977
-0.0391977
-0.0389302
-0.0388746
-0.0388746
-0.0388746
-0.0388746
-0.0386456
-0.0386456
-0.0386456
-0.0386456
-0.0386456
-0.0384031
-0.0384031
-0.0384031
-0.0384031
-0.0380883
-0.0380883
-0.0380883
-0.0380883
-0.0380883
-0.0376986
-0.0376986
-0.0376986
-0.0376986
-0.0376986
-0.0374289
-0.0374289
-0.0374289
-0.0374289
-0.0371516
-0.0371516
-0.0371516
-0.0371516
-0.0368703
-0.0368703
-0.0368703
-0.0368703
-0.036515
-0.036515
-0.036515
-0.036515
-0.036515
-0.0361578
-0.0360863
-0.0360863
-0.0360863
-0.0360863
-0.0357975
-0.0357975
-0.0357975
-0.0357975
-0.0355047
-0.0355047
-0.0355047
-0.0355047
-0.0351374
-0.0351374
-0.0351374
-0.0351374
-0.0351374
-0.0347745
-0.0347023
-0.0347023
-0.0347023
-0.0347023
-0.0344132
-0.0344132
-0.0344132
-0.0344132
-0.0344132
-0.0341255
-0.0341255
-0.0341255
-0.0341255
-0.0337732
-0.0337732
-0.0337732
-0.0337732
-0.0334988
-0.0333643
-0.0333643
-0.0333643
-0.0333643
-0.0331653
-0.0331653
-0.0331653
-0.0331653
-0.0331653
-0.0328428
-0.0328428
-0.0328428
-0.0328428
-0.0328428
-0.0325371
-0.0325371
-0.0325371
-0.0325371
-0.032248
-0.032248
-0.032248
-0.032248
-0.032248
-0.0319752
-0.0319227
-0.0319227
-0.0319227
-0.0319227
-0.0317198
-0.0317198
-0.0317198
-0.0317198
-0.0315288
-0.0315288
-0.0315288
-0.0315288
-0.0315288
-0.0313092
-0.0313092
-0.0313092
-0.0313092
-0.0311104
-0.031073
-0.031073
-0.031073
-0.031073
-0.0309308
-0.0309308
-0.0309308
-0.0309308
-0.0308018
-0.0308018
-0.0308018
-0.0308018
-0.0308018
-0.0306862
-0.0306862
-0.0306862
-0.0306862
-0.0305608
-0.0305608
-0.0305608
-0.0305608
-0.0305608
-0.0304531
-0.0304531
-0.0304531
-0.0304531
-0.0303607
-0.0303437
-0.0303437
-0.0303437
-0.0303437
-0.0302797
-0.0302797
-0.0302797
-0.0302797
-0.0302797
-0.0302223
-0.0302223
-0.0302223
-0.0302223
-0.0302223
-0.0301584
-0.0301584
-0.0301584
-0.0301584
-0.0301015
-0.0301015
-0.0301015
-0.0301015
-0.030051
-0.0300416
-0.0300416
-0.0300416
-0.0300416
-0.0300047
-0.0300047
-0.0300047
-0.0300047
-0.0300047
-0.0299705
-0.0299705
-0.0299705
-0.0299705
-0.0299297
-0.0299297
-0.0299297
-0.0299297
-0.0299297
-0.0298899
-0.0298819
-0.0298819
-0.0298819
-0.0298819
-0.0298488
-0.0298488
-0.0298488
-0.0298488
-0.0298144
-0.0298144
-0.0298144
-0.0298144
-0.0298144
-0.0297685
-0.0297685
-0.0297685
-0.0297685
-0.0297197
-0.0297092
-0.0297092
-0.0297092
-0.0297092
-0.0296634
-0.0296634
-0.0296634
-0.0296634
-0.0296634
-0.0296108
-0.0296108
-0.0296108
-0.0296108
-0.0295349
-0.0295349
-0.0295349
-0.0295349
-0.0295349
-0.0294477
-0.0294477
-0.0294477
-0.0294477
-0.0293467
-0.0293467
-0.0293248
-0.0293248
-0.0293248
-0.0293248
-0.0292296
-0.0292296
-0.0292296
-0.0292296
-0.0291231
-0.0291231
-0.0291231
-0.0291231
-0.0289745
-0.0289745
-0.0289745
-0.0289745
-0.0289745
-0.028807
-0.0287709
-0.0287709
-0.0287709
-0.0287709
-0.0286172
-0.0286172
-0.0286172
-0.0286172
-0.0286172
-0.0284032
-0.0284032
-0.0284032
-0.0284032
-0.0281684
-0.0281192
-0.0281192
-0.0281192
-0.0281192
-0.0279141
-0.0279141
-0.0279141
-0.0279141
-0.0279141
-0.0276959
-0.0276959
-0.0276959
-0.0276959
-0.0274665
-0.0274665
-0.0274665
-0.0274665
-0.0271688
-0.0271688
-0.0271688
-0.0271688
-0.0269238
-0.0268615
-0.0267989
-0.0267989
-0.0267989
-0.0267989
-0.0265452
-0.0265452
-0.0265452
-0.0265452
-0.0262875
-0.0262875
-0.0262875
-0.0262875
-0.0259584
-0.0259584
-0.0259584
-0.0259584
-0.0259584
-0.0256243
-0.0255568
-0.0255568
-0.0255568
-0.0255568
-0.0253526
-0.0253526
-0.0253526
-0.0253526
-0.0253526
-0.0250059
-0.0250059
-0.0250059
-0.0250059
-0.0246558
-0.0246558
-0.0246558
-0.0246558
-0.0243022
-0.0242312
-0.0242312
-0.0242312
-0.0242312
-0.0242312
-0.0239469
-0.0239469
-0.0239469
-0.0239469
-0.0235889
-0.0235889
-0.0235889
-0.0235889
-0.0233041
-0.0232333
-0.0231627
-0.0231627
-0.0231627
-0.0231627
-0.0228823
-0.0228823
-0.0228823
-0.0228823
-0.0228823
-0.0225395
-0.0225395
-0.0225395
-0.0225395
-0.0222056
-0.0222056
-0.0222056
-0.0222056
-0.0222056
-0.0218817
-0.021818
-0.021818
-0.021818
-0.021818
-0.0215677
-0.0215677
-0.0215677
-0.0215677
-0.021325
-0.021325
-0.021325
-0.021325
-0.021325
-0.0210928
-0.0210928
-0.0210928
-0.0210928
-0.0208185
-0.0208185
-0.0208185
-0.0208185
-0.0208185
-0.0205627
-0.0205627
-0.0205627
-0.0205627
-0.0203242
-0.0202788
-0.0202788
-0.0202788
-0.0202788
-0.0201043
-0.0201043
-0.0201043
-0.0201043
-0.0201043
-0.0199418
-0.0199418
-0.0199418
-0.0199418
-0.0197915
-0.0197915
-0.0197915
-0.0197915
-0.0196213
-0.0196213
-0.0196213
-0.0196213
-0.0196213
-0.0194695
-0.0194695
-0.0194695
-0.0194695
-0.0193348
-0.0193098
-0.0193098
-0.0193098
-0.0193098
-0.0192155
-0.0192155
-0.0192155
-0.0192155
-0.0192155
-0.0191293
-0.0191293
-0.0191293
-0.0191293
-0.0190336
-0.0190336
-0.0190336
-0.0190336
-0.0189646
-0.0189486
-0.0189327
-0.0189327
-0.0189327
-0.0189327
-0.018872
-0.018872
-0.018872
-0.018872
-0.0188161
-0.0188161
-0.0188161
-0.0188161
-0.0187531
-0.0187531
-0.0187531
-0.0187531
-0.0187531
-0.0186951
-0.0186839
-0.0186839
-0.0186839
-0.0186839
-0.0186392
-0.0186392
-0.0186392
-0.0186392
-0.0186392
-0.0185938
-0.0185938
-0.0185938
-0.0185938
-0.0185359
-0.0185359
-0.0185359
-0.0185359
-0.0185359
-0.018478
-0.018478
-0.018478
-0.018478
-0.0184166
-0.0184038
-0.0184038
-0.0184038
-0.0184038
-0.0183511
-0.0183511
-0.0183511
-0.0183511
-0.0183511
-0.0182939
-0.0182939
-0.0182939
-0.0182939
-0.0182169
-0.0182169
-0.0182169
-0.0182169
-0.0182169
-0.0181361
-0.0181361
-0.0181361
-0.0181361
-0.0180666
-0.0180488
-0.0180305
-0.0180305
-0.0180305
-0.0180305
-0.0179543
-0.0179543
-0.0179543
-0.0179543
-0.0178553
-0.0178553
-0.0178553
-0.0178553
-0.0178553
-0.017753
-0.017753
-0.017753
-0.017753
-0.0176676
-0.0176457
-0.0176238
-0.0176238
-0.0176238
-0.0176238
-0.0175347
-0.0175347
-0.0175347
-0.0175347
-0.0174452
-0.0174452
-0.0174452
-0.0174452
-0.0174452
-0.0173337
-0.0173337
-0.0173337
-0.0173337
-0.0172234
-0.0172018
-0.0172018
-0.0172018
-0.0172018
-0.0172018
-0.0171162
-0.0171162
-0.0171162
-0.0171162
-0.0170113
-0.0170113
-0.0170113
-0.0170113
-0.0170113
-0.0169088
-0.0169088
-0.0169088
-0.0169088
-0.0168298
-0.0167909
-0.0167909
-0.0167909
-0.0167909
-0.0167909
-0.0167113
-0.0167113
-0.0167113
-0.0167113
-0.0166287
-0.0166287
-0.0166287
-0.0166287
-0.0165439
-0.0165439
-0.0165439
-0.0165439
-0.0165439
-0.0164336
-0.0164336
-0.0164336
-0.0164336
-0.0163172
-0.0163172
-0.0163172
-0.0163172
-0.0163172
-0.0161664
-0.0161664
-0.0161664
-0.0161664
-0.0161664
-0.0160602
-0.0160602
-0.0160602
-0.0160602
-0.0159495
-0.0159495
-0.0159495
-0.0159495
-0.0158068
-0.0158068
-0.0158068
-0.0158068
-0.0158068
-0.0156595
-0.0156296
-0.0156296
-0.0156296
-0.0156296
-0.0155088
-0.0155088
-0.0155088
-0.0155088
-0.015386
-0.015386
-0.015386
-0.015386
-0.015386
-0.0152331
-0.0152331
-0.0152331
-0.0152331
-0.015083
-0.0150536
-0.0150536
-0.0150536
-0.0150536
-0.0149359
-0.0149359
-0.0149359
-0.0149359
-0.0149359
-0.0148191
-0.0148191
-0.0148191
-0.0148191
-0.0146771
-0.0146771
-0.0146771
-0.0146771
-0.0145671
-0.0145401
-0.0145134
-0.0145134
-0.0145134
-0.0145134
-0.014408
-0.014408
-0.014408
-0.014408
-0.014408
-0.0142804
-0.0142804
-0.0142804
-0.0142804
-0.0141589
-0.0141353
-0.0141353
-0.0141353
-0.0141353
-0.0140435
-0.0140435
-0.0140435
-0.0140435
-0.0139559
-0.0139559
-0.0139559
-0.0139559
-0.0139559
-0.013873
-0.013873
-0.013873
-0.013873
-0.0137744
-0.0137744
-0.0137744
-0.0137744
-0.0137744
-0.0136817
-0.0136817
-0.0136817
-0.0136817
-0.0135961
-0.0135798
-0.0135798
-0.0135798
-0.0135798
-0.0135798
-0.0135156
-0.0135156
-0.0135156
-0.0135156
-0.0134537
-0.0134537
-0.0134537
-0.0134537
-0.0134537
-0.0133803
-0.0133803
-0.0133803
-0.0133803
-0.0133094
-0.0133094
-0.0133094
-0.0133094
-0.0132399
-0.0132399
-0.013226
-0.013226
-0.013226
-0.0131701
-0.0131701
-0.0131701
-0.0131701
-0.0131701
-0.0131136
-0.0131136
-0.0131136
-0.0131136
-0.0130434
-0.0130434
-0.0130434
-0.0130434
-0.0130434
-0.012972
-0.0129573
-0.0129573
-0.0129573
-0.0129573
-0.0128986
-0.0128986
-0.0128986
-0.0128986
-0.0128986
-0.0128247
-0.0128247
-0.0128247
-0.0128247
-0.0127484
-0.0127329
-0.0127329
-0.0127329
-0.0127329
-0.0126669
-0.0126669
-0.0126669
-0.0126669
-0.0126669
-0.0125958
-0.0125958
-0.0125958
-0.0125958
-0.0125037
-0.0125037
-0.0125037
-0.0125037
-0.0125037
-0.0124085
-0.0123889
-0.0123889
-0.0123889
-0.0123889
-0.0123098
-0.0123098
-0.0123098
-0.0123098
-0.0122299
-0.0122299
-0.0122299
-0.0122299
-0.0121284
-0.0121284
-0.0121284
-0.0121284
-0.0121284
-0.0120242
-0.012003
-0.012003
-0.012003
-0.012003
-0.0119166
-0.0119166
-0.0119166
-0.0119166
-0.0119166
-0.0118079
-0.0118079
-0.0118079
-0.0118079
-0.0117207
-0.0116987
-0.0116767
-0.0116767
-0.0116767
-0.0116767
-0.0115879
-0.0115879
-0.0115879
-0.0115879
-0.0115005
-0.0115005
-0.0115005
-0.0115005
-0.0113926
-0.0113926
-0.0113926
-0.0113926
-0.0113926
-0.0112858
-0.0112643
-0.0112643
-0.0112643
-0.0112643
-0.0111782
-0.0111782
-0.0111782
-0.0111782
-0.0111782
-0.0110935
-0.0110935
-0.0110935
-0.0110935
-0.010989
-0.010989
-0.010989
-0.010989
-0.0108851
-0.0108851
-0.0108851
-0.0108851
-0.0108851
-0.010784
-0.0107639
-0.0107639
-0.0107639
-0.0107639
-0.0107639
-0.0106835
-0.0106835
-0.0106835
-0.0106835
-0.0105818
-0.0105818
-0.0105818
-0.0105818
-0.0105818
-0.0104782
-0.0104782
-0.0104782
-0.0104782
-0.010392
-0.0103484
-0.0103484
-0.0103484
-0.0103484
-0.0102604
-0.0102604
-0.0102604
-0.0102604
-0.0102604
-0.0101714
-0.0101714
-0.0101714
-0.0101714
-0.0100592
-0.0100592
-0.0100592
-0.0100592
-0.0100592
-0.00994546
-0.00992268
-0.00992268
-0.00992268
-0.00992268
-0.00983142
-0.00983142
-0.00983142
-0.00983142
-0.00973974
-0.00973974
-0.00973974
-0.00973974
-0.00973974
-0.00962456
-0.00962456
-0.00962456
-0.00962456
-0.00950327
-0.00947755
-0.00947755
-0.00947755
-0.00947755
-0.00947755
-0.00937324
-0.00937324
-0.00937324
-0.00937324
-0.00924206
-0.00924206
-0.00924206
-0.00924206
-0.00913931
-0.00911379
-0.00908846
-0.00908846
-0.00908846
-0.00908846
-0.00898827
-0.00898827
-0.00898827
-0.00898827
-0.00889031
-0.00889031
-0.00889031
-0.00889031
-0.00877497
-0.00877497
-0.00877497
-0.00877497
-0.00877497
-0.00866351
-0.00864155
-0.00864155
-0.00864155
-0.00864155
-0.00855495
-0.00855495
-0.00855495
-0.00855495
-0.00855495
-0.00847035
-0.00847035
-0.00847035
-0.00847035
-0.00836762
-0.00836762
-0.00836762
-0.00836762
-0.00827233
-0.00825394
-0.00825394
-0.00825394
-0.00825394
-0.00825394
-0.00818263
-0.00818263
-0.00818263
-0.00818263
-0.00811404
-0.00811404
-0.00811404
-0.00811404
-0.00803373
-0.00803373
-0.00803373
-0.00803373
-0.00803373
-0.00795777
-0.00794292
-0.00794292
-0.00794292
-0.00794292
-0.00788497
-0.00788497
-0.00788497
-0.00788497
-0.00783159
-0.00783159
-0.00783159
-0.00783159
-0.00783159
-0.00776837
-0.00776837
-0.00776837
-0.00776837
-0.00770909
-0.00770909
-0.00770909
-0.00770909
-0.00770909
-0.00765227
-0.00764167
-0.00764167
-0.00764167
-0.00764167
-0.00760098
-0.00760098
-0.00760098
-0.00760098
-0.00756138
-0.00756138
-0.00756138
-0.00756138
-0.00752338
-0.00752338
-0.00752338
-0.00752338
-0.00752338
-0.00747502
-0.00747502
-0.00747502
-0.00747502
-0.00742674
-0.00741713
-0.00741713
-0.00741713
-0.00741713
-0.00741713
-0.00737822
-0.00737822
-0.00737822
-0.00737822
-0.00733936
-0.00733936
-0.00733936
-0.00733936
-0.00729002
-0.00729002
-0.00729002
-0.00729002
-0.00729002
-0.00723792
-0.0072273
-0.0072273
-0.0072273
-0.0072273
-0.0071865
-0.0071865
-0.0071865
-0.0071865
-0.0071865
-0.0071355
-0.0071355
-0.0071355
-0.0071355
-0.00708573
-0.00707559
-0.00707559
-0.00707559
-0.00707559
-0.00707559
-0.0070345
-0.0070345
-0.0070345
-0.0070345
-0.00699438
-0.00699438
-0.00699438
-0.00699438
-0.00699438
-0.00694027
-0.00694027
-0.00694027
-0.00694027
-0.00688437
-0.00688437
-0.00688437
-0.00688437
-0.00682883
-0.00681818
-0.00681818
-0.00681818
-0.00681818
-0.00681818
-0.00677446
-0.00677446
-0.00677446
-0.00677446
-0.00671781
-0.00671781
-0.00671781
-0.00671781
-0.00671781
-0.00666165
-0.00666165
-0.00666165
-0.00666165
-0.00661884
-0.00660824
-0.00659742
-0.00659742
-0.00659742
-0.00659742
-0.00655504
-0.00655504
-0.00655504
-0.00655504
-0.0065113
-0.0065113
-0.0065113
-0.0065113
-0.0065113
-0.00645824
-0.00645824
-0.00645824
-0.00645824
-0.0064095
-0.0064095
-0.0064095
-0.0064095
-0.0064095
-0.00636228
-0.00635244
-0.00635244
-0.00635244
-0.00635244
-0.00631169
-0.00631169
-0.00631169
-0.00631169
-0.00631169
-0.00626839
-0.00626839
-0.00626839
-0.00626839
-0.00621344
-0.00621344
-0.00621344
-0.00621344
-0.00616067
-0.00614984
-0.00614984
-0.00614984
-0.00614984
-0.00610724
-0.00610724
-0.00610724
-0.00610724
-0.00606253
-0.00606253
-0.00606253
-0.00606253
-0.00606253
-0.00600315
-0.00600315
-0.00600315
-0.00600315
-0.00594168
-0.00592945
-0.00592945
-0.00592945
-0.00592945
-0.00587513
-0.00587513
-0.00587513
-0.00587513
-0.00587513
-0.00581627
-0.00581627
-0.00581627
-0.00581627
-0.00575767
-0.00575767
-0.00575767
-0.00575767
-0.00575767
-0.00567502
-0.00567502
-0.00567502
-0.00567502
-0.0055911
-0.0055911
-0.0055911
-0.0055911
-0.00550461
-0.00548764
-0.00548764
-0.00548764
-0.00548764
-0.00541971
-0.00541971
-0.00541971
-0.00541971
-0.00541971
-0.00535079
-0.00535079
-0.00535079
-0.00535079
-0.00528325
-0.00528325
-0.00528325
-0.00528325
-0.00519759
-0.00519759
-0.00519759
-0.00519759
-0.00513184
-0.00511567
-0.00509967
-0.00509967
-0.00509967
-0.00509967
-0.00503792
-0.00503792
-0.00503792
-0.00503792
-0.00498103
-0.00498103
-0.00498103
-0.00498103
-0.00492711
-0.00492711
-0.00492711
-0.00492711
-0.00492711
-0.00488002
-0.00487085
-0.00487085
-0.00487085
-0.00487085
-0.0048362
-0.0048362
-0.0048362
-0.0048362
-0.00480103
-0.00480103
-0.00480103
-0.00480103
-0.00480103
-0.0047703
-0.0047703
-0.0047703
-0.0047703
-0.00473724
-0.00473724
-0.00473724
-0.00473724
-0.00470825
-0.00470256
-0.00470256
-0.00470256
-0.00470256
-0.00467992
-0.00467992
-0.00467992
-0.00467992
-0.00467992
-0.00465987
-0.00465987
-0.00465987
-0.00465987
-0.00463975
-0.00463975
-0.00463975
-0.00463975
-0.00462649
-0.0046235
-0.00462033
-0.00462033
-0.00462033
-0.00462033
-0.00460879
-0.00460879
-0.00460879
-0.00460879
-0.00460274
-0.00460274
-0.00460274
-0.00460274
-0.00460274
-0.00459748
-0.00459748
-0.00459748
-0.00459748
-0.0045925
-0.00459129
-0.00459129
-0.00459129
-0.00459129
-0.00458599
-0.00458599
-0.00458599
-0.00458599
-0.00458599
-0.00458253
-0.00458253
-0.00458253
-0.00458253
-0.00458404
-0.00458547
-0.00458547
-0.00458547
-0.00458547
-0.00458547
-0.00458805
-0.00458805
-0.00458805
-0.00458805
-0.00459255
-0.00459255
-0.00459255
-0.00459255
-0.00461233
-0.00461233
-0.00461233
-0.00461233
-0.00461233
-0.00464084
-0.00464665
-0.00464665
-0.00464665
-0.00464665
-0.00467133
-0.00467133
-0.00467133
-0.00467133
-0.00467133
-0.00469887
-0.00469887
-0.00469887
-0.00469887
-0.00472823
-0.00473459
-0.00473459
-0.00473459
-0.00473459
-0.00475954
-0.00475954
-0.00475954
-0.00475954
-0.00475954
-0.00478307
-0.00478307
-0.00478307
-0.00478307
-0.00482401
-0.00482401
-0.00482401
-0.00482401
-0.00485663
-0.00486378
-0.00487049
-0.00487049
-0.00487049
-0.00487049
-0.00489487
-0.00489487
-0.00489487
-0.00489487
-0.00492031
-0.00492031
-0.00492031
-0.00492031
-0.00494842
-0.00494842
-0.00494842
-0.00494842
-0.00494842
-0.00495488
-0.00495383
-0.00495383
-0.00495383
-0.00495383
-0.0049455
-0.0049455
-0.0049455
-0.0049455
-0.00493457
-0.00493457
-0.00493457
-0.00493457
-0.00493457
-0.00491628
-0.00491628
-0.00491628
-0.00491628
-0.00489336
-0.00488755
-0.00488755
-0.00488755
-0.00488755
-0.00488755
-0.00486332
-0.00486332
-0.00486332
-0.00486332
-0.00486332
-0.00483421
-0.00483421
-0.00483421
-0.00483421
-0.00480109
-0.00480109
-0.00480109
-0.00480109
-0.00477174
-0.00476309
-0.00475444
-0.00475444
-0.00475444
-0.00475444
-0.00471578
-0.00471578
-0.00471578
-0.00471578
-0.00466831
-0.00466831
-0.00466831
-0.00466831
-0.00466831
-0.00462045
-0.00461137
-0.00461137
-0.00461137
-0.00461137
-0.00458154
-0.00458154
-0.00458154
-0.00458154
-0.00458154
-0.00452639
-0.00452639
-0.00452639
-0.00452639
-0.00448115
-0.00448115
-0.00448115
-0.00448115
-0.00448115
-0.00444928
-0.00444928
-0.00444928
-0.00444928
-0.00440253
-0.00439161
-0.00439161
-0.00439161
-0.00439161
-0.00434388
-0.00434388
-0.00434388
-0.00434388
-0.00434388
-0.00429094
-0.00429094
-0.00429094
-0.00429094
-0.00423493
-0.00423493
-0.00423493
-0.00423493
-0.00423493
-0.00415647
-0.00415647
-0.00415647
-0.00415647
-0.00407926
-0.00406421
-0.00406421
-0.00406421
-0.00406421
-0.00788996
-0.00788996
-0.00788996
-0.00788996
-0.00764399
-0.00764399
-0.00764399
-0.00764399
-0.0071261
-0.0071261
-0.0071261
-0.0071261
-0.0071261
-0.00574397
-0.00574397
-0.00574397
-0.00574397
-0.00403439
-0.00403439
-0.00403439
-0.00403439
-0.00266964
-0.00233172
-0.00199717
-0.00199717
-0.00199717
-0.00199717
-0.000668864
-0.000668864
-0.000668864
-0.000668864
-0.000668864
0.0010063
0.0010063
0.0010063
0.0010063
0.00274293
0.00309687
0.00309687
0.00309687
0.00309687
0.00456247
0.00456247
0.00456247
0.00456247
0.00606457
0.00606457
0.00606457
0.00606457
0.00606457
0.00752558
0.00752558
0.00752558
0.00752558
0.00924439
0.00924439
0.00924439
0.00924439
0.00924439
0.0108355
0.0108355
0.0108355
0.0108355
0.0108355
0.0123124
0.0123124
0.0123124
0.0123124
0.013672
0.013672
0.013672
0.013672
0.013672
0.0148692
0.015087
0.015087
0.015087
0.015087
0.0158683
0.0158683
0.0158683
0.0158683
0.0164971
0.0164971
0.0164971
0.0164971
0.0164971
0.0170981
0.0170981
0.0170981
0.0170981
0.0175182
0.0175182
0.0175182
0.0175182
0.0175182
0.0177398
0.0177398
0.0177398
0.0177398
0.0177666
0.0177556
0.0177357
0.0177357
0.0177357
0.0177357
0.0175898
0.0175898
0.0175898
0.0175898
0.0173478
0.0173478
0.0173478
0.0173478
0.0173478
0.0168759
0.0168759
0.0168759
0.0168759
0.0161932
0.0160334
0.0160334
0.0160334
0.0160334
0.0153148
0.0153148
0.0153148
0.0153148
0.014478
0.014478
0.014478
0.014478
0.014478
0.0132712
0.0132712
0.0132712
0.0132712
0.0118863
0.0115888
0.0115888
0.0115888
0.0115888
0.0115888
0.0103329
0.0103329
0.0103329
0.0103329
0.00897983
0.00897983
0.00897983
0.00897983
0.00716501
0.00716501
0.00716501
0.00716501
0.00561435
0.00521594
0.00481376
0.00481376
0.00481376
0.00481376
0.00317138
0.00317138
0.00317138
0.00317138
0.00146971
0.00146971
0.00146971
0.00146971
-0.000736197
-0.000736197
-0.000736197
-0.000736197
-0.00255202
-0.00301203
-0.00347391
-0.00347391
-0.00347391
-0.00347391
-0.0053377
-0.0053377
-0.0053377
-0.0053377
-0.0053377
-0.00722439
-0.00722439
-0.00722439
-0.00722439
-0.00960262
-0.00960262
-0.00960262
-0.00960262
-0.00960262
-0.0119836
-0.0119836
-0.0119836
-0.0119836
-0.0143446
-0.0148126
-0.0148126
-0.0148126
-0.0148126
-0.0166673
-0.0166673
-0.0166673
-0.0166673
-0.0184841
-0.0184841
-0.0184841
-0.0184841
-0.0184841
-0.0202555
-0.0202555
-0.0202555
-0.0202555
-0.0223952
-0.0223952
-0.0223952
-0.0223952
-0.0244404
-0.0244404
-0.0244404
-0.0244404
-0.026007
-0.026007
-0.026007
-0.026007
-0.0275
-0.0275
-0.0275
-0.0275
-0.0275
-0.0292396
-0.0292396
-0.0292396
-0.0292396
-0.0292396
-0.0308219
-0.0308219
-0.0308219
-0.0308219
-0.0322407
-0.0325047
-0.0325047
-0.0325047
-0.0325047
-0.033494
-0.033494
-0.033494
-0.033494
-0.033494
-0.0343666
-0.0343666
-0.0343666
-0.0343666
-0.0343666
-0.0352833
-0.0352833
-0.0352833
-0.0352833
-0.0360195
-0.0360195
-0.0360195
-0.0360195
-0.0364747
-0.0365686
-0.0366546
-0.0366546
-0.0366546
-0.0366546
-0.0369203
-0.0369203
-0.0369203
-0.0369203
-0.0369203
-0.0370779
-0.0370779
-0.0370779
-0.0370779
-0.0370525
-0.0370525
-0.0370525
-0.0370525
-0.0369005
-0.0368433
-0.0367783
-0.0367783
-0.0367783
-0.0367783
-0.0364411
-0.0364411
-0.0364411
-0.0364411
-0.0364411
-0.0359871
-0.0359871
-0.0359871
-0.0359871
-0.0352614
-0.0352614
-0.0352614
-0.0352614
-0.03437
-0.0341723
-0.0341723
-0.0341723
-0.0341723
-0.0333206
-0.0333206
-0.0333206
-0.0333206
-0.0333206
-0.0323768
-0.0323768
-0.0323768
-0.0323768
-0.0310682
-0.0310682
-0.0310682
-0.0310682
-0.0299251
-0.0296264
-0.0293227
-0.0293227
-0.0293227
-0.0293227
-0.02806
-0.02806
-0.02806
-0.02806
-0.0267257
-0.0267257
-0.0267257
-0.0267257
-0.0249703
-0.0249703
-0.0249703
-0.0249703
-0.0249703
-0.0231315
-0.0227549
-0.0227549
-0.0227549
-0.0227549
-0.0212216
-0.0212216
-0.0212216
-0.0212216
-0.0196501
-0.0196501
-0.0196501
-0.0196501
-0.0196501
-0.0176394
-0.0176394
-0.0176394
-0.0176394
-0.0155876
-0.0151731
-0.0151731
-0.0151731
-0.0151731
-0.0135046
-0.0135046
-0.0135046
-0.0135046
-0.0135046
-0.0118233
-0.0118233
-0.0118233
-0.0118233
-0.010138
-0.010138
-0.010138
-0.010138
-0.00803924
-0.00803924
-0.00803924
-0.00803924
-0.00803924
-0.00595364
-0.00595364
-0.00595364
-0.00595364
-0.00389351
-0.00348471
-0.00348471
-0.00348471
-0.00348471
-0.00185923
-0.00185923
-0.00185923
-0.00185923
-0.00185923
-0.000260955
-0.000260955
-0.000260955
-0.000260955
0.00130383
0.00130383
0.00130383
0.00130383
0.00320556
0.00320556
0.00320556
0.00320556
0.0046808
0.00504182
0.00539881
0.00539881
0.00539881
0.00539881
0.0067881
0.0067881
0.0067881
0.0067881
0.00843071
0.00843071
0.00843071
0.00843071
0.00843071
0.00997181
0.0102683
0.0102683
0.0102683
0.0102683
0.0114093
0.0114093
0.0114093
0.0114093
0.0124708
0.0124708
0.0124708
0.0124708
0.0124708
0.0134501
0.0134501
0.0134501
0.0134501
0.0145538
0.0145538
0.0145538
0.0145538
0.0155115
0.0156859
0.0156859
0.0156859
0.0156859
0.0163261
0.0163261
0.0163261
0.0163261
0.0163261
0.0168732
0.0168732
0.0168732
0.0168732
0.0174263
0.0174263
0.0174263
0.0174263
0.0174263
0.0178299
0.0178923
0.0178923
0.0178923
0.0178923
0.0180827
0.0180827
0.0180827
0.0180827
0.01818
0.01818
0.01818
0.01818
0.0181696
0.0181696
0.0181696
0.0181696
0.0181696
0.0180114
0.0179623
0.0179623
0.0179623
0.0179623
0.0177097
0.0177097
0.0177097
0.0177097
0.0173696
0.0173696
0.0173696
0.0173696
0.0173696
0.0168221
0.0168221
0.0168221
0.0168221
0.0161484
0.015999
0.015999
0.015999
0.015999
0.015999
0.0153536
0.0153536
0.0153536
0.0153536
0.014445
0.014445
0.014445
0.014445
0.014445
0.013435
0.0132214
0.0132214
0.0132214
0.0132214
0.012329
0.012329
0.012329
0.012329
0.012329
0.0111343
0.0111343
0.0111343
0.0111343
0.0111343
0.00985972
0.00985972
0.00985972
0.00985972
0.00852036
0.00824493
0.00824493
0.00824493
0.00824493
0.00824493
0.00712305
0.00712305
0.00712305
0.00712305
0.00567757
0.00567757
0.00567757
0.00567757
0.00567757
0.00419515
0.00389529
0.00389529
0.00389529
0.00389529
0.00268888
0.00268888
0.00268888
0.00268888
0.00147618
0.00147618
0.00147618
0.00147618
0.000260781
0.000260781
0.000260781
0.000260781
-0.00125654
-0.00125654
-0.00125654
-0.00125654
-0.00125654
-0.00276123
-0.00305978
-0.00305978
-0.00305978
-0.00305978
-0.00424311
-0.00424311
-0.00424311
-0.00424311
-0.00540507
-0.00540507
-0.00540507
-0.00540507
-0.00540507
-0.00654075
-0.00654075
-0.00654075
-0.00654075
-0.00791684
-0.00791684
-0.00791684
-0.00791684
-0.00923598
-0.00949213
-0.00949213
-0.00949213
-0.00949213
-0.00949213
-0.0104895
-0.0104895
-0.0104895
-0.0104895
-0.0104895
-0.0116692
-0.0116692
-0.0116692
-0.0116692
-0.0127673
-0.0129767
-0.0129767
-0.0129767
-0.0129767
-0.0137757
-0.0137757
-0.0137757
-0.0137757
-0.0145125
-0.0145125
-0.0145125
-0.0145125
-0.0145125
-0.0153411
-0.0153411
-0.0153411
-0.0153411
-0.0160672
-0.0160672
-0.0160672
-0.0160672
-0.0160672
-0.0166849
-0.0167952
-0.0167952
-0.0167952
-0.0167952
-0.0171907
-0.0171907
-0.0171907
-0.0171907
-0.0171907
-0.0175811
-0.0175811
-0.0175811
-0.0175811
-0.0175811
-0.0178594
-0.0178594
-0.0178594
-0.0178594
-0.0180217
-0.0180405
-0.0180405
-0.0180405
-0.0180405
-0.0180405
-0.0180695
-0.0180695
-0.0180695
-0.0180695
-0.0180238
-0.0180238
-0.0180238
-0.0180238
-0.0178657
-0.0178657
-0.0178657
-0.0178657
-0.0176624
-0.0176013
-0.0175359
-0.0175359
-0.0175359
-0.0175359
-0.0172327
-0.0172327
-0.0172327
-0.0172327
-0.0172327
-0.0167634
-0.0167634
-0.0167634
-0.0167634
-0.0161983
-0.0160742
-0.0160742
-0.0160742
-0.0160742
-0.0155429
-0.0155429
-0.0155429
-0.0155429
-0.0155429
-0.0149593
-0.0149593
-0.0149593
-0.0149593
-0.0141589
-0.0141589
-0.0141589
-0.0141589
-0.0141589
-0.0132857
-0.0132857
-0.0132857
-0.0132857
-0.0123444
-0.0121486
-0.0121486
-0.0121486
-0.0121486
-0.0113429
-0.0113429
-0.0113429
-0.0113429
-0.0105056
-0.0105056
-0.0105056
-0.0105056
-0.0105056
-0.00963943
-0.00963943
-0.00963943
-0.00963943
-0.00852159
-0.00852159
-0.00852159
-0.00852159
-0.00737239
-0.00737239
-0.00737239
-0.00737239
-0.00737239
-0.00619894
-0.00596188
-0.00596188
-0.00596188
-0.00596188
-0.0050082
-0.0050082
-0.0050082
-0.0050082
-0.00405067
-0.00405067
-0.00405067
-0.00405067
-0.00405067
-0.00309276
-0.00309276
-0.00309276
-0.00309276
-0.00190217
-0.00190217
-0.00190217
-0.00190217
-0.00190217
-0.000725459
-0.000725459
-0.000725459
-0.000725459
0.000432672
0.000661511
0.000661511
0.000661511
0.000661511
0.00156491
0.00156491
0.00156491
0.00156491
0.00244569
0.00244569
0.00244569
0.00244569
0.00244569
0.00351159
0.00351159
0.00351159
0.00351159
0.00433265
0.00453305
0.00473128
0.00473128
0.00473128
0.00473128
0.00550275
0.00550275
0.00550275
0.00550275
0.006238
0.006238
0.006238
0.006238
0.006238
0.00709918
0.00709918
0.00709918
0.00709918
0.00789254
0.00804289
0.00804289
0.00804289
0.00804289
0.0086151
0.0086151
0.0086151
0.0086151
0.0086151
0.00913951
0.00913951
0.00913951
0.00913951
0.00972568
0.00972568
0.00972568
0.00972568
0.0102326
0.0102326
0.0102326
0.0102326
0.0102326
0.0106566
0.0107312
0.0107312
0.0107312
0.0107312
0.0107312
0.0109958
0.0109958
0.0109958
0.0109958
0.0112515
0.0112515
0.0112515
0.0112515
0.0113964
0.0114244
0.0114489
0.0114489
0.0114489
0.0114489
0.0115135
0.0115135
0.0115135
0.0115135
0.011524
0.011524
0.011524
0.011524
0.011524
0.0114634
0.0114634
0.0114634
0.0114634
0.0113222
0.0112845
0.0112845
0.0112845
0.0112845
0.0111529
0.0111529
0.0111529
0.0111529
0.0108731
0.0108731
0.0108731
0.0108731
0.0108731
0.0105207
0.0104418
0.0104418
0.0104418
0.0104418
0.0100988
0.0100988
0.0100988
0.0100988
0.0097143
0.0097143
0.0097143
0.0097143
0.00917793
0.00917793
0.00917793
0.00917793
0.00917793
0.0085846
0.00845954
0.00845954
0.00845954
0.00845954
0.00793934
