-0.323344
-0.323344
-0.323344
-0.323344
-0.323344
-0.323344
-0.323345
-0.323345
-0.323345
-0.323345
-0.323345
-0.32335
-0.32335
-0.32335
-0.32335
-0.323359
-0.323359
-0.323359
-0.323359
-0.323359
-0.323372
-0.323372
-0.323372
-0.323372
-0.323385
-0.323385
-0.323385
-0.323385
-0.323397
-0.3234
-0.323403
-0.323403
-0.323403
-0.323403
-0.323415
-0.323415
-0.323415
-0.323415
-0.323431
-0.323431
-0.323431
-0.323431
-0.323431
-0.323446
-0.323449
-0.323449
-0.323449
-0.323449
-0.32346
-0.32346
-0.32346
-0.32346
-0.32346
-0.323471
-0.323471
-0.323471
-0.323471
-0.323485
-0.323485
-0.323485
-0.323485
-0.323495
-0.3235
-0.3235
-0.3235
-0.3235
-0.3235
-0.323509
-0.323509
-0.323509
-0.323509
-0.32352
-0.32352
-0.32352
-0.32352
-0.32352
-0.32353
-0.323532
-0.323532
-0.323532
-0.323532
-0.323539
-0.323539
-0.323539
-0.323539
-0.323539
-0.323548
-0.323548
-0.323548
-0.323548
-0.323555
-0.323555
-0.323555
-0.323555
-0.323555
-0.323563
-0.323563
-0.323563
-0.323563
-0.323568
-0.323569
-0.32357
-0.32357
-0.32357
-0.32357
-0.323574
-0.323574
-0.323574
-0.323574
-0.323579
-0.323579
-0.323579
-0.323579
-0.323583
-0.323584
-0.323584
-0.323584
-0.323584
-0.323584
-0.323559
-0.323559
-0.323559
-0.323559
-0.323521
-0.323521
-0.323521
-0.323521
-0.323487
-0.323479
-0.32347
-0.32347
-0.32347
-0.32347
-0.323432
-0.323432
-0.323432
-0.323432
-0.323392
-0.323392
-0.323392
-0.323392
-0.323349
-0.323349
-0.323349
-0.323349
-0.323349
-0.323291
-0.323291
-0.323291
-0.323291
-0.323291
-0.323229
-0.323229
-0.323229
-0.323229
-0.323161
-0.323147
-0.323147
-0.323147
-0.323147
-0.323088
-0.323088
-0.323088
-0.323088
-0.323025
-0.323025
-0.323025
-0.323025
-0.323025
-0.322941
-0.322941
-0.322941
-0.322941
-0.322851
-0.322832
-0.322832
-0.322832
-0.322832
-0.322754
-0.322754
-0.322754
-0.322754
-0.322754
-0.322672
-0.322672
-0.322672
-0.322672
-0.322562
-0.322562
-0.322562
-0.322562
-0.322562
-0.322444
-0.322419
-0.322419
-0.322419
-0.322419
-0.322318
-0.322318
-0.322318
-0.322318
-0.322211
-0.322211
-0.322211
-0.322211
-0.322099
-0.322099
-0.322099
-0.322099
-0.322099
-0.321951
-0.321951
-0.321951
-0.321951
-0.321793
-0.321793
-0.321793
-0.321793
-0.321661
-0.321626
-0.321592
-0.321592
-0.321592
-0.321592
-0.32145
-0.32145
-0.32145
-0.32145
-0.3213
-0.3213
-0.3213
-0.3213
-0.3213
-0.321104
-0.321104
-0.321104
-0.321104
-0.320896
-0.320896
-0.320896
-0.320896
-0.320721
-0.320676
-0.320631
-0.320631
-0.320631
-0.320631
-0.320444
-0.320444
-0.320444
-0.320444
-0.320444
-0.320248
-0.320248
-0.320248
-0.320248
-0.31999
-0.31999
-0.31999
-0.31999
-0.319718
-0.319662
-0.319662
-0.319662
-0.319662
-0.31943
-0.31943
-0.31943
-0.31943
-0.31943
-0.319188
-0.319188
-0.319188
-0.319188
-0.31887
-0.31887
-0.31887
-0.31887
-0.31887
-0.318533
-0.318533
-0.318533
-0.318533
-0.318533
-0.318178
-0.318178
-0.318178
-0.318178
-0.317802
-0.317725
-0.317725
-0.317725
-0.317725
-0.317405
-0.317405
-0.317405
-0.317405
-0.317405
-0.317071
-0.317071
-0.317071
-0.317071
-0.31672
-0.31672
-0.31672
-0.31672
-0.31626
-0.31626
-0.31626
-0.31626
-0.315872
-0.315772
-0.315671
-0.315671
-0.315671
-0.315671
-0.315255
-0.315255
-0.315255
-0.315255
-0.314819
-0.314819
-0.314819
-0.314819
-0.314363
-0.314363
-0.314363
-0.314363
-0.314363
-0.313762
-0.313762
-0.313762
-0.313762
-0.313124
-0.313124
-0.313124
-0.313124
-0.312586
-0.312448
-0.312308
-0.312308
-0.312308
-0.312308
-0.31173
-0.31173
-0.31173
-0.31173
-0.310966
-0.310966
-0.310966
-0.310966
-0.310966
-0.310152
-0.309983
-0.309983
-0.309983
-0.309983
-0.309284
-0.309284
-0.309284
-0.309284
-0.308546
-0.308546
-0.308546
-0.308546
-0.308546
-0.307767
-0.307767
-0.307767
-0.307767
-0.306735
-0.306735
-0.306735
-0.306735
-0.305634
-0.305634
-0.305634
-0.305634
-0.305634
-0.304463
-0.304219
-0.304219
-0.304219
-0.304219
-0.303217
-0.303217
-0.303217
-0.303217
-0.303217
-0.302165
-0.302165
-0.302165
-0.302165
-0.300777
-0.300777
-0.300777
-0.300777
-0.300777
-0.2993
-0.2993
-0.2993
-0.2993
-0.297727
-0.297401
-0.297401
-0.297401
-0.297401
-0.296052
-0.296052
-0.296052
-0.296052
-0.296052
-0.294634
-0.294634
-0.294634
-0.294634
-0.293145
-0.293145
-0.293145
-0.293145
-0.291177
-0.291177
-0.291177
-0.291177
-0.291177
-0.289083
-0.288648
-0.288648
-0.288648
-0.288648
-0.286854
-0.286854
-0.286854
-0.286854
-0.286854
-0.284481
-0.284481
-0.284481
-0.284481
-0.281955
-0.281431
-0.281431
-0.281431
-0.281431
-0.279267
-0.279267
-0.279267
-0.279267
-0.276995
-0.276995
-0.276995
-0.276995
-0.276995
-0.273999
-0.273999
-0.273999
-0.273999
-0.270825
-0.270169
-0.270169
-0.270169
-0.270169
-0.267471
-0.267471
-0.267471
-0.267471
-0.267471
-0.264659
-0.264659
-0.264659
-0.264659
-0.261735
-0.261735
-0.261735
-0.261735
-0.257928
-0.257928
-0.257928
-0.257928
-0.254769
-0.253963
-0.253152
-0.253152
-0.253152
-0.253152
-0.24985
-0.24985
-0.24985
-0.24985
-0.24985
-0.245609
-0.245609
-0.245609
-0.245609
-0.241269
-0.240392
-0.240392
-0.240392
-0.240392
-0.236869
-0.236869
-0.236869
-0.236869
-0.233334
-0.233334
-0.233334
-0.233334
-0.233334
-0.229818
-0.229818
-0.229818
-0.229818
-0.225504
-0.225504
-0.225504
-0.225504
-0.221355
-0.220553
-0.220553
-0.220553
-0.220553
-0.218211
-0.218211
-0.218211
-0.218211
-0.214574
-0.214574
-0.214574
-0.214574
-0.214574
-0.211357
-0.211357
-0.211357
-0.211357
-0.209158
-0.208667
-0.208201
-0.208201
-0.208201
-0.208201
-0.206597
-0.206597
-0.206597
-0.206597
-0.205442
-0.205442
-0.205442
-0.205442
-0.205442
-0.204675
-0.204675
-0.204675
-0.204675
-0.204693
-0.204792
-0.204792
-0.204792
-0.204792
-0.205506
-0.205506
-0.205506
-0.205506
-0.205506
-0.207102
-0.207102
-0.207102
-0.207102
-0.208922
-0.210006
-0.210006
-0.210006
-0.210006
-0.210006
-0.212499
-0.212499
-0.212499
-0.212499
-0.215394
-0.215394
-0.215394
-0.215394
-0.218645
-0.218645
-0.218645
-0.218645
-0.223122
-0.223122
-0.223122
-0.223122
-0.223122
-0.227953
-0.228951
-0.228951
-0.228951
-0.228951
-0.233016
-0.233016
-0.233016
-0.233016
-0.233016
-0.238204
-0.238204
-0.238204
-0.238204
-0.24342
-0.244459
-0.244459
-0.244459
-0.244459
-0.248587
-0.248587
-0.248587
-0.248587
-0.252647
-0.252647
-0.252647
-0.252647
-0.252647
-0.256611
-0.256611
-0.256611
-0.256611
-0.261403
-0.261403
-0.261403
-0.261403
-0.265985
-0.266875
-0.266875
-0.266875
-0.266875
-0.266875
-0.270342
-0.270342
-0.270342
-0.270342
-0.273658
-0.273658
-0.273658
-0.273658
-0.277583
-0.277583
-0.277583
-0.277583
-0.280549
-0.281267
-0.281976
-0.281976
-0.281976
-0.281976
-0.28472
-0.28472
-0.28472
-0.28472
-0.287323
-0.287323
-0.287323
-0.287323
-0.287323
-0.290389
-0.290389
-0.290389
-0.290389
-0.290389
-0.293264
-0.293264
-0.293264
-0.293264
-0.295965
-0.295965
-0.295965
-0.295965
-0.298013
-0.298511
-0.299003
-0.299003
-0.299003
-0.299003
-0.30092
-0.30092
-0.30092
-0.30092
-0.30092
-0.303215
-0.303215
-0.303215
-0.303215
-0.305415
-0.305845
-0.305845
-0.305845
-0.305845
-0.305845
-0.307539
-0.307539
-0.307539
-0.307539
-0.309601
-0.309601
-0.309601
-0.309601
-0.311218
-0.311619
-0.312018
-0.312018
-0.312018
-0.312018
-0.313607
-0.313607
-0.313607
-0.313607
-0.315581
-0.315581
-0.315581
-0.315581
-0.315581
-0.317553
-0.317949
-0.317949
-0.317949
-0.317949
-0.317949
-0.319535
-0.319535
-0.319535
-0.319535
-0.321536
-0.321536
-0.321536
-0.321536
-0.323158
-0.323567
-0.323978
-0.323978
-0.323978
-0.323978
-0.325637
-0.325637
-0.325637
-0.325637
-0.327327
-0.327327
-0.327327
-0.327327
-0.329484
-0.329484
-0.329484
-0.329484
-0.329484
-0.331694
-0.332143
-0.332143
-0.332143
-0.332143
-0.333955
-0.333955
-0.333955
-0.333955
-0.335801
-0.335801
-0.335801
-0.335801
-0.337677
-0.337677
-0.337677
-0.337677
-0.337677
-0.340067
-0.340067
-0.340067
-0.340067
-0.342501
-0.342992
-0.342992
-0.342992
-0.342992
-0.342992
-0.344971
-0.344971
-0.344971
-0.344971
-0.347468
-0.347468
-0.347468
-0.347468
-0.349477
-0.34998
-0.350483
-0.350483
-0.350483
-0.350483
-0.352493
-0.352493
-0.352493
-0.352493
-0.352493
-0.354992
-0.354992
-0.354992
-0.354992
-0.357459
-0.357947
-0.357947
-0.357947
-0.357947
-0.357947
-0.359877
-0.359877
-0.359877
-0.359877
-0.362225
-0.362225
-0.362225
-0.362225
-0.364038
-0.364481
-0.364919
-0.364919
-0.364919
-0.364919
-0.366622
-0.366622
-0.366622
-0.366622
-0.36824
-0.36824
-0.36824
-0.36824
-0.370126
-0.370126
-0.370126
-0.370126
-0.370126
-0.371841
-0.371841
-0.371841
-0.371841
-0.371841
-0.373371
-0.373654
-0.373654
-0.373654
-0.373654
-0.374701
-0.374701
-0.374701
-0.374701
-0.375613
-0.375613
-0.375613
-0.375613
-0.375613
-0.376553
-0.376553
-0.376553
-0.376553
-0.377265
-0.37738
-0.37738
-0.37738
-0.37738
-0.377746
-0.377746
-0.377746
-0.377746
-0.377746
-0.377993
-0.377993
-0.377993
-0.377993
-0.378025
-0.37801
-0.377987
-0.377987
-0.377987
-0.377987
-0.377803
-0.377803
-0.377803
-0.377803
-0.37748
-0.37748
-0.37748
-0.37748
-0.37689
-0.37689
-0.37689
-0.37689
-0.376277
-0.376105
-0.375925
-0.375925
-0.375925
-0.375925
-0.375136
-0.375136
-0.375136
-0.375136
-0.374239
-0.374239
-0.374239
-0.374239
-0.374239
-0.37298
-0.37298
-0.37298
-0.37298
-0.371581
-0.371581
-0.371581
-0.371581
-0.371581
-0.370058
-0.36974
-0.36974
-0.36974
-0.36974
-0.368427
-0.368427
-0.368427
-0.368427
-0.367054
-0.367054
-0.367054
-0.367054
-0.367054
-0.365266
-0.365266
-0.365266
-0.365266
-0.365266
-0.363414
-0.363414
-0.363414
-0.363414
-0.361509
-0.361123
-0.361123
-0.361123
-0.361123
-0.359567
-0.359567
-0.359567
-0.359567
-0.359567
-0.3576
-0.3576
-0.3576
-0.3576
-0.356017
-0.35562
-0.355224
-0.355224
-0.355224
-0.35364
-0.35364
-0.35364
-0.35364
-0.35364
-0.35206
-0.35206
-0.35206
-0.35206
-0.350488
-0.350488
-0.350488
-0.350488
-0.348537
-0.348537
-0.348537
-0.348537
-0.346989
-0.346603
-0.346219
-0.346219
-0.346219
-0.346219
-0.344688
-0.344688
-0.344688
-0.344688
-0.343171
-0.343171
-0.343171
-0.343171
-0.341296
-0.341296
-0.341296
-0.341296
-0.341296
-0.339447
-0.339081
-0.339081
-0.339081
-0.339081
-0.339081
-0.33763
-0.33763
-0.33763
-0.33763
-0.335846
-0.335846
-0.335846
-0.335846
-0.334446
-0.3341
-0.333756
-0.333756
-0.333756
-0.333756
-0.332397
-0.332397
-0.332397
-0.332397
-0.331069
-0.331069
-0.331069
-0.331069
-0.331069
-0.329456
-0.329456
-0.329456
-0.329456
-0.327897
-0.327592
-0.327592
-0.327592
-0.327592
-0.327592
-0.326395
-0.326395
-0.326395
-0.326395
-0.324948
-0.324948
-0.324948
-0.324948
-0.323831
-0.323286
-0.323286
-0.323286
-0.323286
-0.323286
-0.32222
-0.32222
-0.32222
-0.32222
-0.321188
-0.321188
-0.321188
-0.321188
-0.321188
-0.319942
-0.319942
-0.319942
-0.319942
-0.318742
-0.318742
-0.318742
-0.318742
-0.318742
-0.317586
-0.317359
-0.317359
-0.317359
-0.317359
-0.31647
-0.31647
-0.31647
-0.31647
-0.315607
-0.315607
-0.315607
-0.315607
-0.315607
-0.314561
-0.314561
-0.314561
-0.314561
-0.313552
-0.313355
-0.313355
-0.313355
-0.313355
-0.31258
-0.31258
-0.31258
-0.31258
-0.311828
-0.311828
-0.311828
-0.311828
-0.311828
-0.310919
-0.310919
-0.310919
-0.310919
-0.310043
-0.309872
-0.309872
-0.309872
-0.309872
-0.3092
-0.3092
-0.3092
-0.3092
-0.308548
-0.308548
-0.308548
-0.308548
-0.308548
-0.307761
-0.307761
-0.307761
-0.307761
-0.307004
-0.306856
-0.306856
-0.306856
-0.306856
-0.306276
-0.306276
-0.306276
-0.306276
-0.306276
-0.305714
-0.305714
-0.305714
-0.305714
-0.305037
-0.305037
-0.305037
-0.305037
-0.304385
-0.304385
-0.304258
-0.304258
-0.304258
-0.304258
-0.303759
-0.303759
-0.303759
-0.303759
-0.303275
-0.303275
-0.303275
-0.303275
-0.302692
-0.302692
-0.302692
-0.302692
-0.302692
-0.302131
-0.302022
-0.302022
-0.302022
-0.302022
-0.301593
-0.301593
-0.301593
-0.301593
-0.301178
-0.301178
-0.301178
-0.301178
-0.301178
-0.300678
-0.300678
-0.300678
-0.300678
-0.300197
-0.300104
-0.300104
-0.300104
-0.300104
-0.299736
-0.299736
-0.299736
-0.299736
-0.299736
-0.29938
-0.29938
-0.29938
-0.29938
-0.298951
-0.298951
-0.298951
-0.298951
-0.29862
-0.298539
-0.298459
-0.298459
-0.298459
-0.298459
-0.298144
-0.298144
-0.298144
-0.298144
-0.297839
-0.297839
-0.297839
-0.297839
-0.297839
-0.29747
-0.29747
-0.29747
-0.29747
-0.297116
-0.297116
-0.297116
-0.297116
-0.297116
-0.296776
-0.296776
-0.296776
-0.296776
-0.296776
-0.29645
-0.296386
-0.296386
-0.296386
-0.296136
-0.296136
-0.296136
-0.296136
-0.296136
-0.295893
-0.295893
-0.295893
-0.295893
-0.295656
-0.295656
-0.295656
-0.295656
-0.295656
-0.29537
-0.29537
-0.29537
-0.29537
-0.295094
-0.295094
-0.295094
-0.295094
-0.295094
-0.294828
-0.294776
-0.294776
-0.294776
-0.294776
-0.294573
-0.294573
-0.294573
-0.294573
-0.294375
-0.294375
-0.294375
-0.294375
-0.294375
-0.294137
-0.294137
-0.294137
-0.294137
-0.29391
-0.29391
-0.29391
-0.29391
-0.293734
-0.293691
-0.293649
-0.293649
-0.293649
-0.293649
-0.293482
-0.293482
-0.293482
-0.293482
-0.29332
-0.29332
-0.29332
-0.29332
-0.29332
-0.293126
-0.293126
-0.293126
-0.293126
-0.292939
-0.292903
-0.292903
-0.292903
-0.292903
-0.29276
-0.29276
-0.29276
-0.29276
-0.292621
-0.292621
-0.292621
-0.292621
-0.292621
-0.292453
-0.292453
-0.292453
-0.292453
-0.292323
-0.292291
-0.292259
-0.292259
-0.292259
-0.292259
-0.292134
-0.292134
-0.292134
-0.292134
-0.291983
-0.291983
-0.291983
-0.291983
-0.291983
-0.291838
-0.29181
-0.29181
-0.29181
-0.29181
-0.291698
-0.291698
-0.291698
-0.291698
-0.291591
-0.291591
-0.291591
-0.291591
-0.291591
-0.291461
-0.291461
-0.291461
-0.291461
-0.291337
-0.291313
-0.291313
-0.291313
-0.291313
-0.291218
-0.291218
-0.291218
-0.291218
-0.291218
-0.291103
-0.291103
-0.291103
-0.291103
-0.290985
-0.290985
-0.290985
-0.290985
-0.290838
-0.290838
-0.290838
-0.290838
-0.290722
-0.290693
-0.290664
-0.290664
-0.290664
-0.290664
-0.29055
-0.29055
-0.29055
-0.29055
-0.29055
-0.290409
-0.290409
-0.290409
-0.290409
-0.290268
-0.29024
-0.29024
-0.29024
-0.29024
-0.290129
-0.290129
-0.290129
-0.290129
-0.290017
-0.290017
-0.290017
-0.290017
-0.290017
-0.289906
-0.289906
-0.289906
-0.289906
-0.289767
-0.289767
-0.289767
-0.289767
-0.289628
-0.2896
-0.2896
-0.2896
-0.2896
-0.289488
-0.289488
-0.289488
-0.289488
-0.289488
-0.289376
-0.289376
-0.289376
-0.289376
-0.289235
-0.289235
-0.289235
-0.289235
-0.28912
-0.289091
-0.289063
-0.289063
-0.289063
-0.289063
-0.288946
-0.288946
-0.288946
-0.288946
-0.288829
-0.288829
-0.288829
-0.288829
-0.288829
-0.288679
-0.288679
-0.288679
-0.288679
-0.288526
-0.288495
-0.288495
-0.288495
-0.288495
-0.288495
-0.288369
-0.288369
-0.288369
-0.288369
-0.288251
-0.288251
-0.288251
-0.288251
-0.288125
-0.288125
-0.288125
-0.288125
-0.288125
-0.287991
-0.287991
-0.287991
-0.287991
-0.28785
-0.287821
-0.287821
-0.287821
-0.287821
-0.2877
-0.2877
-0.2877
-0.2877
-0.2877
-0.287574
-0.287574
-0.287574
-0.287574
-0.287409
-0.287409
-0.287409
-0.287409
-0.287409
-0.287232
-0.287232
-0.287232
-0.287232
-0.287084
-0.287046
-0.287007
-0.287007
-0.287007
-0.287007
-0.286848
-0.286848
-0.286848
-0.286848
-0.28668
-0.28668
-0.28668
-0.28668
-0.286504
-0.286504
-0.286504
-0.286504
-0.286272
-0.286272
-0.286272
-0.286272
-0.286272
-0.286024
-0.285972
-0.285972
-0.285972
-0.285972
-0.285759
-0.285759
-0.285759
-0.285759
-0.285759
-0.285476
-0.285476
-0.285476
-0.285476
-0.285174
-0.285111
-0.285111
-0.285111
-0.285111
-0.28485
-0.28485
-0.28485
-0.28485
-0.28485
-0.284574
-0.284574
-0.284574
-0.284574
-0.284282
-0.284282
-0.284282
-0.284282
-0.283894
-0.283894
-0.283894
-0.283894
-0.283562
-0.283389
-0.283389
-0.283389
-0.283389
-0.283389
-0.283028
-0.283028
-0.283028
-0.283028
-0.282645
-0.282645
-0.282645
-0.282645
-0.282134
-0.282134
-0.282134
-0.282134
-0.281697
-0.281584
-0.281469
-0.281469
-0.281469
-0.281469
-0.28099
-0.28099
-0.28099
-0.28099
-0.280482
-0.280482
-0.280482
-0.280482
-0.279942
-0.279942
-0.279942
-0.279942
-0.279218
-0.279218
-0.279218
-0.279218
-0.279218
-0.278436
-0.278272
-0.278272
-0.278272
-0.278272
-0.277592
-0.277592
-0.277592
-0.277592
-0.276682
-0.276682
-0.276682
-0.276682
-0.276682
-0.275699
-0.275493
-0.275493
-0.275493
-0.275493
-0.274636
-0.274636
-0.274636
-0.274636
-0.273723
-0.273723
-0.273723
-0.273723
-0.272749
-0.272749
-0.272749
-0.272749
-0.272749
-0.271437
-0.271437
-0.271437
-0.271437
-0.27001
-0.27001
-0.27001
-0.27001
-0.268778
-0.268456
-0.268129
-0.268129
-0.268129
-0.268129
-0.266761
-0.266761
-0.266761
-0.266761
-0.265293
-0.265293
-0.265293
-0.265293
-0.265293
-0.263306
-0.263306
-0.263306
-0.263306
-0.261132
-0.260672
-0.260672
-0.260672
-0.260672
-0.258749
-0.258749
-0.258749
-0.258749
-0.258749
-0.256678
-0.256678
-0.256678
-0.256678
-0.253865
-0.253865
-0.253865
-0.253865
-0.250776
-0.250776
-0.250122
-0.250122
-0.250122
-0.250122
-0.247379
-0.247379
-0.247379
-0.247379
-0.244419
-0.244419
-0.244419
-0.244419
-0.241223
-0.241223
-0.241223
-0.241223
-0.236866
-0.236866
-0.236866
-0.236866
-0.236866
-0.232067
-0.23105
-0.23105
-0.23105
-0.23105
-0.22678
-0.22678
-0.22678
-0.22678
-0.22678
-0.220954
-0.220954
-0.220954
-0.220954
-0.214533
-0.213172
-0.213172
-0.213172
-0.213172
-0.207455
-0.207455
-0.207455
-0.207455
-0.207455
-0.201273
-0.201273
-0.201273
-0.201273
-0.201273
-0.192843
-0.192843
-0.192843
-0.192843
-0.183572
-0.183572
-0.183572
-0.183572
-0.175506
-0.173395
-0.171245
-0.171245
-0.171245
-0.171245
-0.162243
-0.162243
-0.162243
-0.162243
-0.152577
-0.152577
-0.152577
-0.152577
-0.142221
-0.142221
-0.142221
-0.142221
-0.128275
-0.128275
-0.128275
-0.128275
-0.128275
-0.113198
-0.110047
-0.110047
-0.110047
-0.110047
-0.0969969
-0.0969969
-0.0969969
-0.0969969
-0.0969969
-0.0797131
-0.0797131
-0.0797131
-0.0797131
-0.0614522
-0.0576972
-0.0576972
-0.0576972
-0.0576972
-0.0576972
-0.0423887
-0.0423887
-0.0423887
-0.0423887
-0.0227693
-0.0227693
-0.0227693
-0.0227693
-0.0227693
-0.00293708
0.00102278
0.00102278
0.00102278
0.00102278
0.0167343
0.0167343
0.0167343
0.0167343
0.0320687
0.0320687
0.0320687
0.0320687
0.0467553
0.0467553
0.0467553
0.0467553
0.0467553
0.0637333
0.0637333
0.0637333
0.0637333
0.0785894
0.0812518
0.0812518
0.0812518
0.0812518
0.0907252
0.0907252
0.0907252
0.0907252
0.0907252
0.0981187
0.0981187
0.0981187
0.0981187
0.104098
0.104098
0.104098
0.104098
0.104098
0.106174
0.106174
0.106174
0.106174
0.106174
0.104464
0.104464
0.104464
0.104464
0.100407
0.100407
0.100407
0.100407
0.0942246
0.0942246
0.0942246
0.0942246
0.0839473
0.0839473
0.0839473
0.0839473
0.0839473
0.0714275
0.0687122
0.0687122
0.0687122
0.0687122
0.0573182
0.0573182
0.0573182
0.0573182
0.0453071
0.0453071
0.0453071
0.0453071
0.0298825
0.0298825
0.0298825
0.0298825
0.0298825
0.0144292
0.0113652
0.0113652
0.0113652
0.0113652
-0.000724376
-0.000724376
-0.000724376
-0.000724376
-0.000724376
-0.0124538
-0.0124538
-0.0124538
-0.0124538
-0.0264274
-0.0264274
-0.0264274
-0.0264274
-0.036942
-0.0419571
-0.0419571
-0.0419571
-0.0419571
-0.0491618
-0.0491618
-0.0491618
-0.0491618
-0.0491618
-0.0602902
-0.0602902
-0.0602902
-0.0602902
-0.0602902
-0.0702978
-0.0702978
-0.0702978
-0.0702978
-0.0792098
-0.0792098
-0.0792098
-0.0792098
-0.0792098
-0.0870728
-0.0885233
-0.0885233
-0.0885233
-0.0885233
-0.0939255
-0.0939255
-0.0939255
-0.0939255
-0.0986972
-0.0986972
-0.0986972
-0.0986972
-0.0986972
-0.103791
-0.103791
-0.103791
-0.103791
-0.107944
-0.108665
-0.108665
-0.108665
-0.108665
-0.111193
-0.111193
-0.111193
-0.111193
-0.113162
-0.113162
-0.113162
-0.113162
-0.113162
-0.114584
-0.114584
-0.114584
-0.114584
-0.115599
-0.115599
-0.115599
-0.115599
-0.115599
-0.115771
-0.115771
-0.115771
-0.115771
-0.115094
-0.114856
-0.114856
-0.114856
-0.114856
-0.113563
-0.113563
-0.113563
-0.113563
-0.113563
-0.111721
-0.111721
-0.111721
-0.111721
-0.111721
-0.108643
-0.108643
-0.108643
-0.108643
-0.10469
-0.10469
-0.10469
-0.10469
-0.0998364
-0.0987545
-0.0987545
-0.0987545
-0.0987545
-0.094046
-0.094046
-0.094046
-0.094046
-0.094046
-0.0887179
-0.0887179
-0.0887179
-0.0887179
-0.081168
-0.081168
-0.081168
-0.081168
-0.081168
-0.0726001
-0.0707604
-0.0707604
-0.0707604
-0.0707604
-0.0629696
-0.0629696
-0.0629696
-0.0629696
-0.0544755
-0.0544755
-0.0544755
-0.0544755
-0.0544755
-0.0428542
-0.0428542
-0.0428542
-0.0428542
-0.0301092
-0.0274257
-0.0274257
-0.0274257
-0.0274257
-0.0162449
-0.0162449
-0.0162449
-0.0162449
-0.0162449
-0.00436185
-0.00436185
-0.00436185
-0.00436185
0.0114073
0.0114073
0.0114073
0.0114073
0.0114073
0.0280663
0.0280663
0.0280663
0.0280663
0.0454522
0.0454522
0.0489974
0.0489974
0.0489974
0.0489974
0.0633266
0.0633266
0.0633266
0.0633266
0.0777597
0.0777597
0.0777597
0.0777597
0.0956197
0.0956197
0.0956197
0.0956197
0.0956197
0.112844
0.116169
0.116169
0.116169
0.116169
0.128918
0.128918
0.128918
0.128918
0.128918
0.143267
0.143267
0.143267
0.143267
0.155295
0.157372
0.157372
0.157372
0.157372
0.164455
0.164455
0.164455
0.164455
0.164455
0.16943
0.16943
0.16943
0.16943
0.172139
0.172139
0.172139
0.172139
0.17224
0.17224
0.17224
0.17224
0.169729
0.168753
0.167642
0.167642
0.167642
0.167642
0.16191
0.16191
0.16191
0.16191
0.154287
0.154287
0.154287
0.154287
0.14251
0.14251
0.14251
0.14251
0.14251
0.128759
0.125821
0.125821
0.125821
0.125821
0.116714
0.116714
0.116714
0.116714
0.116714
0.100823
0.100823
0.100823
0.100823
0.0845019
0.0845019
0.0845019
0.0845019
0.0681767
0.0649404
0.0649404
0.0649404
0.0649404
0.0649404
0.0521663
0.0521663
0.0521663
0.0521663
0.0367529
0.0367529
0.0367529
0.0367529
0.0250218
0.0221839
0.0193858
0.0193858
0.0193858
0.0193858
0.00860943
0.00860943
0.00860943
0.00860943
0.00860943
-0.00386223
-0.00386223
-0.00386223
-0.00386223
-0.015157
-0.015157
-0.015157
-0.015157
-0.015157
-0.0252643
-0.0271463
-0.0271463
-0.0271463
-0.0271463
-0.0342196
-0.0342196
-0.0342196
-0.0342196
-0.0405825
-0.0405825
-0.0405825
-0.0405825
-0.0405825
-0.0462561
-0.0462561
-0.0462561
-0.0462561
-0.0524206
-0.0524206
-0.0524206
-0.0524206
-0.0524206
-0.0576094
-0.0576094
-0.0576094
-0.0576094
-0.0618751
-0.062621
-0.062621
-0.062621
-0.062621
-0.0652543
-0.0652543
-0.0652543
-0.0652543
-0.0652543
-0.0673332
-0.0673332
-0.0673332
-0.0673332
-0.0688591
-0.0688591
-0.0688591
-0.0688591
-0.0699909
-0.0699909
-0.0699909
-0.0699909
-0.0699909
-0.0702623
-0.0702623
-0.0702623
-0.0702623
-0.0696729
-0.0694515
-0.0694515
-0.0694515
-0.0694515
-0.0682199
-0.0682199
-0.0682199
-0.0682199
-0.0682199
-0.0664353
-0.0664353
-0.0664353
-0.0664353
-0.0634326
-0.0634326
-0.0634326
-0.0634326
-0.0604144
-0.0595744
-0.0586999
-0.0586999
-0.0586999
-0.0586999
-0.0548574
-0.0548574
-0.0548574
-0.0548574
-0.0504637
-0.0504637
-0.0504637
-0.0504637
-0.0442033
-0.0442033
-0.0442033
-0.0442033
-0.0442033
-0.0370932
-0.0355696
-0.0355696
-0.0355696
-0.0355696
-0.0291394
-0.0291394
-0.0291394
-0.0291394
-0.0291394
-0.0221777
-0.0221777
-0.0221777
-0.0221777
-0.0127536
-0.0127536
-0.0127536
-0.0127536
-0.0127536
-0.00257542
-0.00257542
-0.00257542
-0.00257542
0.00830001
0.0105521
0.0105521
0.0105521
0.0105521
0.0197954
0.0197954
0.0197954
0.0197954
0.0197954
0.0293726
0.0293726
0.0293726
0.0293726
0.0416973
0.0416973
0.0416973
0.0416973
0.0416973
0.0542452
0.0542452
0.0542452
0.0542452
0.0643172
0.0668257
0.0693272
0.0693272
0.0693272
0.0693272
0.0792211
0.0792211
0.0792211
0.0792211
0.0911802
0.0911802
0.0911802
0.0911802
0.0911802
0.10242
0.10242
0.10242
0.10242
0.110703
0.112657
0.114559
0.114559
0.114559
0.114559
0.121611
0.121611
0.121611
0.121611
0.127669
0.127669
0.127669
0.127669
0.127669
0.133645
0.133645
0.133645
0.133645
0.137671
0.138232
0.138232
0.138232
0.138232
0.138232
0.139647
0.139647
0.139647
0.139647
0.139537
0.139537
0.139537
0.139537
0.139537
0.137368
0.137368
0.137368
0.137368
0.134219
0.132195
0.132195
0.132195
0.132195
0.132195
0.1273
0.1273
0.1273
0.1273
0.121364
0.121364
0.121364
0.121364
0.11453
0.11453
0.11453
0.11453
0.11453
0.104954
0.104954
0.104954
0.104954
0.0945058
0.0945058
0.0945058
0.0945058
0.0945058
0.0812178
0.0812178
0.0812178
0.0812178
0.0812178
0.0721215
0.0721215
0.0721215
0.0721215
0.0629903
0.0629903
0.0629903
0.0629903
0.0517177
0.0517177
0.0517177
0.0517177
0.0517177
0.0407806
0.0386466
0.0386466
0.0386466
0.0386466
0.0303219
0.0303219
0.0303219
0.0303219
0.0223736
0.0223736
0.0223736
0.0223736
0.0223736
0.0130397
0.0130397
0.0130397
0.0130397
0.00443349
0.00280291
0.00280291
0.00280291
0.00280291
-0.00341557
-0.00341557
-0.00341557
-0.00341557
-0.00341557
-0.00914474
-0.00914474
-0.00914474
-0.00914474
-0.0156041
-0.0156041
-0.0156041
-0.0156041
-0.0202028
-0.0212736
-0.022313
-0.022313
-0.022313
-0.022313
-0.0261562
-0.0261562
-0.0261562
-0.0261562
-0.0261562
-0.0302523
-0.0302523
-0.0302523
-0.0302523
-0.0335625
-0.0341311
-0.0341311
-0.0341311
-0.0341311
-0.0360997
-0.0360997
-0.0360997
-0.0360997
-0.0375846
-0.0375846
-0.0375846
-0.0375846
-0.0375846
-0.0385902
-0.0385902
-0.0385902
-0.0385902
-0.0391754
-0.0391754
-0.0391754
-0.0391754
-0.0391754
-0.0390194
-0.0390194
-0.0390194
-0.0390194
-0.0381343
-0.037871
-0.037871
-0.037871
-0.037871
-0.037871
-0.0365329
-0.0365329
-0.0365329
-0.0365329
-0.0347443
-0.0347443
-0.0347443
-0.0347443
-0.0347443
-0.0318901
-0.0318901
-0.0318901
-0.0318901
-0.0283636
-0.0283636
-0.0283636
-0.0283636
-0.02418
-0.02418
-0.0232658
-0.0232658
-0.0232658
-0.0193561
-0.0193561
-0.0193561
-0.0193561
-0.0193561
-0.0150527
-0.0150527
-0.0150527
-0.0150527
-0.00914888
-0.00914888
-0.00914888
-0.00914888
-0.00914888
-0.00269915
-0.00134722
-0.00134722
-0.00134722
-0.00134722
0.00425136
0.00425136
0.00425136
0.00425136
0.00425136
0.0116333
0.0116333
0.0116333
0.0116333
0.0193582
0.020936
0.020936
0.020936
0.020936
0.027333
0.027333
0.027333
0.027333
0.027333
0.0338199
0.0338199
0.0338199
0.0338199
0.0419398
0.0419398
0.0419398
0.0419398
0.0419398
0.0499375
0.0515112
0.0515112
0.0515112
0.0515112
0.0576846
0.0576846
0.0576846
0.0576846
0.0636137
0.0636137
0.0636137
0.0636137
0.0705737
0.0705737
0.0705737
0.0705737
0.0705737
0.0769074
0.0780883
0.0780883
0.0780883
0.0780883
0.0824935
0.0824935
0.0824935
0.0824935
0.0824935
0.087216
0.087216
0.087216
0.087216
0.0902965
0.0909628
0.0915864
0.0915864
0.0915864
0.0915864
0.0936395
0.0936395
0.0936395
0.0936395
0.0949634
0.0949634
0.0949634
0.0949634
0.0955565
0.0955565
0.0955565
0.0955565
0.0955565
0.0949576
0.0946956
0.0946956
0.0946956
0.0946956
0.0931819
0.0931819
0.0931819
0.0931819
0.0931819
0.0909461
0.0909461
0.0909461
0.0909461
0.0871935
0.0871935
0.0871935
0.0871935
0.0824567
0.0824567
0.0824567
0.0824567
0.0824567
0.0768261
0.0756009
0.0756009
0.0756009
0.0756009
0.0756009
0.0704009
0.0704009
0.0704009
0.0704009
0.0633037
0.0633037
0.0633037
0.0633037
0.0633037
0.0556737
0.0556737
0.0556737
0.0556737
0.0492802
0.0460137
0.0460137
0.0460137
0.0460137
0.0393914
0.0393914
0.0393914
0.0393914
0.0393914
0.0327139
0.0327139
0.0327139
0.0327139
0.0244037
0.0244037
0.0244037
0.0244037
0.0244037
0.0162482
0.0146442
0.0146442
0.0146442
0.0146442
0.00834196
0.00834196
0.00834196
0.00834196
0.00224835
0.00224835
0.00224835
0.00224835
0.00224835
-0.00502597
-0.00502597
-0.00502597
-0.00502597
-0.0118767
-0.0131935
-0.0131935
-0.0131935
-0.0131935
-0.0131935
-0.0182839
-0.0182839
-0.0182839
-0.0182839
-0.0242481
-0.0242481
-0.0242481
-0.0242481
-0.028694
-0.0297595
-0.0308066
-0.0308066
-0.0308066
-0.0308066
-0.0348064
-0.0348064
-0.0348064
-0.0348064
-0.038497
-0.038497
-0.038497
-0.038497
-0.0426582
-0.0426582
-0.0426582
-0.0426582
-0.0426582
-0.0463063
-0.0469746
-0.0469746
-0.0469746
-0.0469746
-0.0494452
-0.0494452
-0.0494452
-0.0494452
-0.0494452
-0.0515959
-0.0515959
-0.0515959
-0.0515959
-0.0538397
-0.0538397
-0.0538397
-0.0538397
-0.0555991
-0.0558941
-0.0558941
-0.0558941
-0.0558941
-0.0558941
-0.056888
-0.056888
-0.056888
-0.056888
-0.0575907
-0.0575907
-0.0575907
-0.0575907
-0.0580727
-0.0580727
-0.0580727
-0.0580727
-0.0580727
-0.0581327
-0.0580962
-0.0580962
-0.0580962
-0.0580962
-0.0577956
-0.0577956
-0.0577956
-0.0577956
-0.0572614
-0.0572614
-0.0572614
-0.0572614
-0.0572614
-0.0562923
-0.0562923
-0.0562923
-0.0562923
-0.0550226
-0.0550226
-0.0550226
-0.0550226
-0.0550226
-0.0534914
-0.0531576
-0.0531576
-0.0531576
-0.0531576
-0.0517441
-0.0517441
-0.0517441
-0.0517441
-0.0502238
-0.0502238
-0.0502238
-0.0502238
-0.0486231
-0.0486231
-0.0486231
-0.0486231
-0.0486231
-0.0465496
-0.0465496
-0.0465496
-0.0465496
-0.0444499
-0.0440325
-0.0440325
-0.0440325
-0.0440325
-0.0440325
-0.0423871
-0.0423871
-0.0423871
-0.0423871
-0.0408041
-0.0408041
-0.0408041
-0.0408041
-0.0389607
-0.0389607
-0.0389607
-0.0389607
-0.0389607
-0.0373211
-0.0370226
-0.0370226
-0.0370226
-0.0370226
-0.0359431
-0.0359431
-0.0359431
-0.0359431
-0.0359431
-0.0348856
-0.0348856
-0.0348856
-0.0348856
-0.0342067
-0.0341211
-0.0341211
-0.0341211
-0.0341211
-0.0341211
-0.0339585
-0.0339585
-0.0339585
-0.0339585
-0.0341012
-0.0341012
-0.0341012
-0.0341012
-0.0341012
-0.0347425
-0.0347425
-0.0347425
-0.0347425
-0.0359273
-0.0359273
-0.0359273
-0.0359273
-0.0376761
-0.0380947
-0.0380947
-0.0380947
-0.0380947
-0.0380947
-0.0400013
-0.0400013
-0.0400013
-0.0400013
-0.042907
-0.042907
-0.042907
-0.042907
-0.042907
-0.0463864
-0.0463864
-0.0463864
-0.0463864
-0.0495713
-0.0504217
-0.0512933
-0.0512933
-0.0512933
-0.0512933
-0.054987
-0.054987
-0.054987
-0.054987
-0.0589986
-0.0589986
-0.0589986
-0.0589986
-0.0589986
-0.0644276
-0.0644276
-0.0644276
-0.0644276
-0.0702723
-0.0702723
-0.0702723
-0.0702723
-0.0702723
-0.0764838
-0.0777661
-0.0777661
-0.0777661
-0.0777661
-0.0830134
-0.0830134
-0.0830134
-0.0830134
-0.0830134
-0.0884282
-0.0884282
-0.0884282
-0.0884282
-0.0953835
-0.0953835
-0.0953835
-0.0953835
-0.102489
-0.103923
-0.103923
-0.103923
-0.103923
-0.109693
-0.109693
-0.109693
-0.109693
-0.115495
-0.115495
-0.115495
-0.115495
-0.115495
-0.122755
-0.122755
-0.122755
-0.122755
-0.129977
-0.131413
-0.131413
-0.131413
-0.131413
-0.13712
-0.13712
-0.13712
-0.13712
-0.13712
-0.142759
-0.142759
-0.142759
-0.142759
-0.148312
-0.148312
-0.148312
-0.148312
-0.148312
-0.155115
-0.155115
-0.155115
-0.155115
-0.161756
-0.161756
-0.161756
-0.161756
-0.168234
-0.16951
-0.16951
-0.16951
-0.16951
-0.174549
-0.174549
-0.174549
-0.174549
-0.174549
-0.179478
-0.179478
-0.179478
-0.179478
-0.184293
-0.184293
-0.184293
-0.184293
-0.190147
-0.190147
-0.190147
-0.190147
-0.194702
-0.195823
-0.196937
-0.196937
-0.196937
-0.196937
-0.201324
-0.201324
-0.201324
-0.201324
-0.205603
-0.205603
-0.205603
-0.205603
-0.210801
-0.210801
-0.210801
-0.210801
-0.210801
-0.215837
-0.216825
-0.216825
-0.216825
-0.216825
-0.22072
-0.22072
-0.22072
-0.22072
-0.224525
-0.224525
-0.224525
-0.224525
-0.224525
-0.228249
-0.228249
-0.228249
-0.228249
-0.232797
-0.232797
-0.232797
-0.232797
-0.237239
-0.238116
-0.238116
-0.238116
-0.238116
-0.241589
-0.241589
-0.241589
-0.241589
-0.241589
-0.245012
-0.245012
-0.245012
-0.245012
-0.249225
-0.249225
-0.249225
-0.249225
-0.252549
-0.253374
-0.254196
-0.254196
-0.254196
-0.254196
-0.257468
-0.257468
-0.257468
-0.257468
-0.260711
-0.260711
-0.260711
-0.260711
-0.260711
-0.264732
-0.264732
-0.264732
-0.264732
-0.268721
-0.269516
-0.269516
-0.269516
-0.269516
-0.272688
-0.272688
-0.272688
-0.272688
-0.272688
-0.276639
-0.276639
-0.276639
-0.276639
-0.279791
-0.281365
-0.281365
-0.281365
-0.281365
-0.281365
-0.284513
-0.284513
-0.284513
-0.284513
-0.28766
-0.28766
-0.28766
-0.28766
-0.291597
-0.291597
-0.291597
-0.291597
-0.291597
-0.295541
-0.296332
-0.296332
-0.296332
-0.296332
-0.299502
-0.299502
-0.299502
-0.299502
-0.299502
-0.303484
-0.303484
-0.303484
-0.303484
-0.307488
-0.308291
-0.308291
-0.308291
-0.308291
-0.311508
-0.311508
-0.311508
-0.311508
-0.311508
-0.314729
-0.314729
-0.314729
-0.314729
-0.318756
-0.318756
-0.318756
-0.318756
-0.321974
-0.322779
-0.323583
-0.323583
-0.323583
-0.323583
-0.326795
-0.326795
-0.326795
-0.326795
-0.33
-0.33
-0.33
-0.33
-0.333986
-0.333986
-0.333986
-0.333986
-0.333986
-0.337938
-0.338724
-0.338724
-0.338724
-0.338724
-0.341842
-0.341842
-0.341842
-0.341842
-0.344918
-0.344918
-0.344918
-0.344918
-0.344918
-0.348695
-0.348695
-0.348695
-0.348695
-0.352388
-0.353116
-0.353116
-0.353116
-0.353116
-0.353116
-0.355965
-0.355965
-0.355965
-0.355965
-0.355965
-0.35943
-0.35943
-0.35943
-0.35943
-0.362793
-0.362793
-0.362793
-0.362793
-0.365408
-0.366051
-0.366689
-0.366689
-0.366689
-0.366689
-0.369198
-0.369198
-0.369198
-0.369198
-0.37223
-0.37223
-0.37223
-0.37223
-0.37223
-0.375141
-0.375709
-0.375709
-0.375709
-0.375709
-0.377381
-0.377381
-0.377381
-0.377381
-0.377381
-0.380066
-0.380066
-0.380066
-0.380066
-0.382623
-0.382623
-0.382623
-0.382623
-0.382623
-0.385052
-0.385052
-0.385052
-0.385052
-0.387356
-0.387801
-0.387801
-0.387801
-0.387801
-0.389531
-0.389531
-0.389531
-0.389531
-0.389531
-0.391174
-0.391174
-0.391174
-0.391174
-0.392728
-0.392728
-0.392728
-0.392728
-0.392728
-0.394544
-0.394544
-0.394544
-0.394544
-0.39622
-0.396539
-0.396539
-0.396539
-0.396539
-0.782748
-0.782748
-0.782748
-0.782748
-0.771469
-0.771469
-0.771469
-0.771469
-0.760079
-0.760079
-0.760079
-0.760079
-0.760079
-0.745288
-0.745288
-0.745288
-0.745288
-0.729178
-0.729178
-0.729178
-0.729178
-0.715009
-0.711275
-0.707465
-0.707465
-0.707465
-0.707465
-0.691481
-0.691481
-0.691481
-0.691481
-0.691481
-0.669996
-0.669996
-0.669996
-0.669996
-0.647165
-0.642472
-0.642472
-0.642472
-0.642472
-0.623368
-0.623368
-0.623368
-0.623368
-0.603867
-0.603867
-0.603867
-0.603867
-0.603867
-0.584124
-0.584124
-0.584124
-0.584124
-0.55928
-0.55928
-0.55928
-0.55928
-0.55928
-0.534373
-0.534373
-0.534373
-0.534373
-0.534373
-0.509453
-0.509453
-0.509453
-0.509453
-0.484565
-0.484565
-0.484565
-0.484565
-0.484565
-0.459775
-0.454832
-0.454832
-0.454832
-0.454832
-0.435128
-0.435128
-0.435128
-0.435128
-0.415552
-0.415552
-0.415552
-0.415552
-0.415552
-0.391322
-0.391322
-0.391322
-0.391322
-0.367416
-0.367416
-0.367416
-0.367416
-0.367416
-0.343898
-0.343898
-0.343898
-0.343898
-0.325402
-0.320826
-0.31627
-0.31627
-0.31627
-0.31627
-0.298258
-0.298258
-0.298258
-0.298258
-0.280606
-0.280606
-0.280606
-0.280606
-0.280606
-0.259107
-0.259107
-0.259107
-0.259107
-0.238308
-0.234239
-0.234239
-0.234239
-0.234239
-0.218276
-0.218276
-0.218276
-0.218276
-0.20284
-0.20284
-0.20284
-0.20284
-0.20284
-0.184332
-0.184332
-0.184332
-0.184332
-0.16675
-0.163349
-0.163349
-0.163349
-0.163349
-0.163349
-0.150143
-0.150143
-0.150143
-0.150143
-0.137587
-0.137587
-0.137587
-0.137587
-0.122839
-0.122839
-0.122839
-0.122839
-0.111813
-0.109165
-0.106561
-0.106561
-0.106561
-0.106561
-0.0965806
-0.0965806
-0.0965806
-0.0965806
-0.0873037
-0.0873037
-0.0873037
-0.0873037
-0.0767021
-0.0767021
-0.0767021
-0.0767021
-0.0690143
-0.0672018
-0.0654327
-0.0654327
-0.0654327
-0.0654327
-0.0587885
-0.0587885
-0.0587885
-0.0587885
-0.0587885
-0.0528284
-0.0528284
-0.0528284
-0.0528284
-0.0463239
-0.0463239
-0.0463239
-0.0463239
-0.0463239
-0.0408417
-0.0408417
-0.0408417
-0.0408417
-0.036343
-0.0355575
-0.0355575
-0.0355575
-0.0355575
-0.0327833
-0.0327833
-0.0327833
-0.0327833
-0.0305804
-0.0305804
-0.0305804
-0.0305804
-0.0305804
-0.0289262
-0.0289262
-0.0289262
-0.0289262
-0.0275943
-0.0275943
-0.0275943
-0.0275943
-0.027035
-0.027035
-0.027035
-0.027035
-0.0271098
-0.0271098
-0.0271098
-0.0271098
-0.0276237
-0.0276237
-0.0276237
-0.0276237
-0.0276237
-0.0288494
-0.0288494
-0.0288494
-0.0288494
-0.0288494
-0.0306739
-0.0306739
-0.0306739
-0.0306739
-0.0330336
-0.0335634
-0.0335634
-0.0335634
-0.0335634
-0.0358576
-0.0358576
-0.0358576
-0.0358576
-0.0358576
-0.0384067
-0.0384067
-0.0384067
-0.0384067
-0.0384067
-0.0418997
-0.0418997
-0.0418997
-0.0418997
-0.0456716
-0.0456716
-0.0456716
-0.0456716
-0.0488529
-0.0496677
-0.0504897
-0.0504897
-0.0504897
-0.0504897
-0.0538397
-0.0538397
-0.0538397
-0.0538397
-0.0538397
-0.058137
-0.058137
-0.058137
-0.058137
-0.0625053
-0.0625053
-0.0625053
-0.0625053
-0.0660142
-0.06689
-0.0677645
-0.0677645
-0.0677645
-0.0677645
-0.0712406
-0.0712406
-0.0712406
-0.0712406
-0.0712406
-0.074662
-0.074662
-0.074662
-0.074662
-0.0788211
-0.0788211
-0.0788211
-0.0788211
-0.082807
-0.0835799
-0.0835799
-0.0835799
-0.0835799
-0.0865821
-0.0865821
-0.0865821
-0.0865821
-0.0865821
-0.0894285
-0.0894285
-0.0894285
-0.0894285
-0.0927423
-0.0927423
-0.0927423
-0.0927423
-0.095179
-0.0957566
-0.0963211
-0.0963211
-0.0963211
-0.0963211
-0.0984454
-0.0984454
-0.0984454
-0.0984454
-0.100347
-0.100347
-0.100347
-0.100347
-0.102395
-0.102395
-0.102395
-0.102395
-0.102395
-0.104066
-0.104354
-0.104354
-0.104354
-0.104354
-0.105352
-0.105352
-0.105352
-0.105352
-0.106099
-0.106099
-0.106099
-0.106099
-0.106099
-0.106676
-0.106676
-0.106676
-0.106676
-0.106853
-0.106841
-0.106841
-0.106841
-0.106841
-0.106631
-0.106631
-0.106631
-0.106631
-0.106631
-0.10617
-0.10617
-0.10617
-0.10617
-0.10546
-0.10546
-0.10546
-0.10546
-0.104235
-0.104235
-0.104235
-0.104235
-0.104235
-0.102644
-0.102644
-0.102644
-0.102644
-0.100702
-0.100272
-0.100272
-0.100272
-0.100272
-0.0984204
-0.0984204
-0.0984204
-0.0984204
-0.0984204
-0.0963684
-0.0963684
-0.0963684
-0.0963684
-0.0941325
-0.0941325
-0.0941325
-0.0941325
-0.0911009
-0.0911009
-0.0911009
-0.0911009
-0.0884989
-0.0878251
-0.0871424
-0.0871424
-0.0871424
-0.0871424
-0.0843248
-0.0843248
-0.0843248
-0.0843248
-0.0806185
-0.0806185
-0.0806185
-0.0806185
-0.0806185
-0.0767246
-0.0759248
-0.0759248
-0.0759248
-0.0759248
-0.0726611
-0.0726611
-0.0726611
-0.0726611
-0.0693038
-0.0693038
-0.0693038
-0.0693038
-0.0693038
-0.0658652
-0.0658652
-0.0658652
-0.0658652
-0.0614707
-0.0614707
-0.0614707
-0.0614707
-0.0569926
-0.0560891
-0.0560891
-0.0560891
-0.0560891
-0.0524556
-0.0524556
-0.0524556
-0.0524556
-0.0524556
-0.0487993
-0.0487993
-0.0487993
-0.0487993
-0.0442156
-0.0442156
-0.0442156
-0.0442156
-0.0442156
-0.0396406
-0.038729
-0.038729
-0.038729
-0.038729
-0.0351006
-0.0351006
-0.0351006
-0.0351006
-0.0315114
-0.0315114
-0.0315114
-0.0315114
-0.0271024
-0.0271024
-0.0271024
-0.0271024
-0.0271024
-0.0228055
-0.0219617
-0.0219617
-0.0219617
-0.0219617
-0.0186441
-0.0186441
-0.0186441
-0.0186441
-0.015426
-0.015426
-0.015426
-0.015426
-0.015426
-0.0115578
-0.0115578
-0.0115578
-0.0115578
-0.00787789
-0.00716576
-0.00716576
-0.00716576
-0.00716576
-0.00716576
-0.00439975
-0.00439975
-0.00439975
-0.00439975
-0.00113421
-0.00113421
-0.00113421
-0.00113421
-0.00113421
0.00190829
0.00248925
0.00248925
0.00248925
0.00248925
0.00471903
0.00471903
0.00471903
0.00471903
0.00471903
0.00729038
0.00729038
0.00729038
0.00729038
0.00729038
0.00961578
0.00961578
0.00961578
0.00961578
0.0116906
0.0120752
0.0120752
0.0120752
0.0120752
0.0120752
0.0135122
0.0135122
0.0135122
0.0135122
0.0150798
0.0150798
0.0150798
0.0150798
0.0150798
0.0163932
0.0166256
0.0166256
0.0166256
0.0166256
0.0174548
0.0174548
0.0174548
0.0174548
0.0181257
0.0181257
0.0181257
0.0181257
0.0186414
0.0186414
0.0186414
0.0186414
0.019074
0.019074
0.019074
0.019074
0.019074
0.0192794
0.019294
0.019294
0.019294
0.019294
0.0192667
0.0192667
0.0192667
0.0192667
0.0191063
0.0191063
0.0191063
0.0191063
0.0191063
0.0188189
0.0188189
0.0188189
0.0188189
0.0182903
0.0182903
0.0182903
0.0182903
0.0175848
0.0174235
0.0174235
0.0174235
0.0174235
0.0174235
0.0167145
0.0167145
0.0167145
0.0167145
0.0167145
0.0156937
0.0156937
0.0156937
0.0156937
0.0145374
0.0142912
0.0142912
0.0142912
0.0142912
0.0132599
0.0132599
0.0132599
0.0132599
0.0121597
0.0121597
0.0121597
0.0121597
0.0121597
0.0106989
0.0106989
0.0106989
0.0106989
0.00915771
0.00915771
0.00915771
0.00915771
0.00915771
0.00755168
0.00722397
0.00722397
0.00722397
0.00722397
0.00589512
0.00589512
0.00589512
0.00589512
0.00589512
0.00420229
0.00420229
0.00420229
0.00420229
0.00420229
0.00248877
0.00248877
0.00248877
0.00248877
0.000769194
0.000425749
0.000425749
0.000425749
0.000425749
0.000425749
-0.000942972
-0.000942972
-0.000942972
-0.000942972
-0.00229848
-0.00229848
-0.00229848
-0.00229848
-0.00396349
-0.00396349
-0.00396349
-0.00396349
-0.00526414
-0.00558412
-0.00590187
-0.00590187
-0.00590187
-0.00590187
-0.00714871
-0.00714871
-0.00714871
-0.00714871
-0.00714871
-0.00864692
-0.00864692
-0.00864692
-0.00864692
-0.0100696
-0.0103444
-0.0103444
-0.0103444
-0.0103444
-0.0114099
-0.0114099
-0.0114099
-0.0114099
-0.0114099
-0.0124183
-0.0124183
-0.0124183
-0.0124183
-0.0135923
-0.0135923
-0.0135923
-0.0135923
-0.0135923
-0.014664
-0.014664
-0.014664
-0.014664
-0.0156286
-0.0158083
-0.0158083
-0.0158083
-0.0158083
-0.0164828
-0.0164828
-0.0164828
-0.0164828
-0.0170853
-0.0170853
-0.0170853
-0.0170853
-0.0170853
-0.017615
-0.017615
-0.017615
-0.017615
-0.0181737
-0.0181737
-0.0181737
-0.0181737
-0.018617
-0.018617
-0.018617
-0.018617
-0.018617
-0.0189452
-0.0189972
-0.0189972
-0.0189972
-0.0189972
-0.0191596
-0.0191596
-0.0191596
-0.0191596
-0.0192503
-0.0192503
-0.0192503
-0.0192503
-0.0192503
-0.0192706
-0.0192706
-0.0192706
-0.0192706
-0.0191991
-0.0191991
-0.0191991
-0.0191991
-0.0191991
-0.019022
-0.019022
-0.019022
-0.019022
-0.0187413
-0.0186731
-0.0186731
-0.0186731
-0.0186731
-0.0183611
-0.0183611
-0.0183611
-0.0183611
-0.0179894
-0.0179894
-0.0179894
-0.0179894
-0.0179894
-0.0174466
-0.0174466
-0.0174466
-0.0174466
-0.0169545
-0.0168239
-0.0166904
-0.0166904
-0.0166904
-0.0166904
-0.0161284
-0.0161284
-0.0161284
-0.0161284
-0.0155241
-0.0155241
-0.0155241
-0.0155241
-0.0155241
-0.0147151
-0.0147151
-0.0147151
-0.0147151
-0.0138536
-0.0136757
-0.0136757
-0.0136757
-0.0136757
-0.0129465
-0.0129465
-0.0129465
-0.0129465
-0.0129465
-0.0121922
-0.0121922
-0.0121922
-0.0121922
-0.0112191
-0.0112191
-0.0112191
-0.0112191
-0.010219
-0.010219
-0.010219
-0.010219
-0.010219
-0.0091994
-0.0089938
-0.0089938
-0.0089938
-0.0089938
-0.0089938
-0.00816746
-0.00816746
-0.00816746
-0.00816746
-0.00712902
-0.00712902
-0.00712902
-0.00712902
-0.0062975
-0.00608991
-0.00588255
-0.00588255
-0.00588255
-0.00588255
-0.00505648
-0.00505648
-0.00505648
-0.00505648
-0.00423863
-0.00423863
-0.00423863
-0.00423863
-0.00423863
-0.00323376
-0.00323376
-0.00323376
-0.00323376
-0.00225523
-0.00206329
-0.00206329
-0.00206329
-0.00206329
-0.00149587
-0.00149587
-0.00149587
-0.00149587
-0.000580731
-0.000580731
-0.000580731
-0.000580731
-0.000580731
0.000291609
0.000460518
0.000460518
0.000460518
0.000460518
0.00111642
0.00111642
0.00111642
0.00111642
0.0017393
0.0017393
0.0017393
0.0017393
0.00246868
0.00246868
0.00246868
0.00246868
0.00246868
0.0031408
0.00326816
0.00326816
0.00326816
0.00326816
0.00375351
