0
0.219783
0.19886
0.179928
0.162799
0.1473
0.133278
0.12059
0.10911
0.0987228
0.0893244
0.0808207
0.07313
0.066168
0.0598688
0.0541693
0.0490166
0.0443502
0.0401281
0.0363079
0.0328514
0.0297282
0.0268981
0.0243374
0.0220205
0.0199274
0.0180303
0.0163138
0.0147608
0.0133576
0.0120864
0.0109362
0.00989512
0.0089531
0.00810077
0.00733125
0.00663331
0.00600182
0.00543045
0.00491547
0.00444752
0.00402411
0.00364102
0.00329439
0.002983
0.00269952
0.00244253
0.00221
0.00199961
0.00181154
0.00163908
0.00148304
0.00134186
0.00121411
0.00110127
0.000996425
0.000901566
0.000815737
0.000742082
0.000671435
0.000607515
0.000549679
0.000501087
0.00045542
0.000412064
0.000372836
0.000337342
0.000305227
0.00028058
0.000253869
0.000229701
0.000207833
0.000194176
0.000175691
0.000158965
0.000143832
0.000130139
0.000124349
0.000113872
0.000103032
9.32231e-05
8.43483e-05
8.18842e-05
7.40888e-05
6.70356e-05
6.06538e-05
5.48796e-05
5.68833e-05
5.1468e-05
4.65683e-05
4.2135e-05
4.55158e-05
4.11827e-05
3.72621e-05
3.37148e-05
3.05051e-05
3.51552e-05
3.18084e-05
2.87802e-05
2.60404e-05
2.97231e-05
2.84494e-05
2.73068e-05
2.47072e-05
2.2355e-05
2.02268e-05
2.30389e-05
2.08456e-05
1.88611e-05
1.70655e-05
2.34209e-05
2.11912e-05
1.91738e-05
1.73484e-05
2.37065e-05
2.3072e-05
2.08756e-05
1.88882e-05
1.709e-05
1.54631e-05
-7.08474e-06
-6.41027e-06
-5.80001e-06
-5.24785e-06
-3.8211e-05
-3.45733e-05
-3.12819e-05
-2.83039e-05
-5.49279e-05
-5.73899e-05
-5.97675e-05
-5.40777e-05
-4.89295e-05
-4.42714e-05
-7.2964e-05
-6.60178e-05
-5.97329e-05
-5.40464e-05
-8.44646e-05
-7.64235e-05
-6.9148e-05
-6.25651e-05
-9.50042e-05
-8.59598e-05
-7.77765e-05
-7.03721e-05
-6.36727e-05
-0.00010986
-9.94017e-05
-8.99386e-05
-8.13765e-05
-7.36294e-05
-0.000123936
-0.000112138
-0.000101462
-9.18029e-05
-0.000145803
-0.000145157
-0.000131338
-0.000118835
-0.000107522
-0.000152645
-0.000138114
-0.000124965
-0.000113069
-0.000161649
-0.00014626
-0.000132336
-0.000119738
-0.000108339
-0.00017827
-0.000161299
-0.000145943
-0.000132049
-0.000206896
-0.000205593
-0.000186021
-0.000168312
-0.000152288
-0.000214591
-0.000194162
-0.000175677
-0.000158953
-0.000143821
-0.000212285
-0.000192075
-0.00017379
-0.000157245
-0.000252923
-0.000228844
-0.000207058
-0.000187347
-0.000169511
-0.000273377
-0.000272525
-0.000246581
-0.000223106
-0.000201867
-0.000287406
-0.000260045
-0.000235289
-0.000212889
-0.000304099
-0.000275149
-0.000248955
-0.000225254
-0.000322299
-0.000291616
-0.000263854
-0.000238735
-0.000216008
-0.000353882
-0.000320192
-0.00028971
-0.000262129
-0.000407487
-0.000368694
-0.000333595
-0.000301836
-0.000418303
-0.000416069
-0.000414572
-0.000375105
-0.000339395
-0.000307084
-0.000435734
-0.000394252
-0.000356719
-0.000322759
-0.000458909
-0.000415221
-0.000375692
-0.000339926
-0.000307565
-0.000500214
-0.000452594
-0.000409507
-0.000370522
-0.000572884
-0.000518346
-0.000468999
-0.00042435
-0.000586083
-0.000582547
-0.000580059
-0.000524837
-0.000474873
-0.000429665
-0.000607877
-0.000550007
-0.000497646
-0.00045027
-0.000407405
-0.00059978
-0.000542681
-0.000491018
-0.000444273
-0.000708887
-0.000641401
-0.000580339
-0.000525091
-0.000803235
-0.000795068
-0.000719377
-0.000650893
-0.000588928
-0.000815255
-0.000737643
-0.000667419
-0.000603881
-0.000546392
-0.000792023
-0.000716622
-0.0006484
-0.000586672
-0.000925469
-0.000837364
-0.000757647
-0.000685519
-0.000620258
-0.000982449
-0.00088892
-0.000804295
-0.000727726
-0.000658446
-0.00104533
-0.000945816
-0.000855774
-0.000774305
-0.00118063
-0.00116811
-0.0010569
-0.000956285
-0.000865246
-0.0011959
-0.00108205
-0.000979041
-0.000885836
-0.000801505
-0.00116088
-0.00105037
-0.000950373
-0.000859898
-0.00123771
-0.00111988
-0.00101327
-0.000916803
-0.00143999
-0.00130291
-0.00117887
-0.00106664
-0.00148395
-0.00147681
-0.00147217
-0.00133202
-0.00120521
-0.00109047
-0.00154918
-0.0014017
-0.00126826
-0.00114752
-0.00163217
-0.00147678
-0.00133619
-0.00120899
-0.00172114
-0.00155729
-0.00140904
-0.0012749
-0.00115353
-0.00187791
-0.00169913
-0.00153738
-0.00139102
-0.00215247
-0.00194755
-0.00176215
-0.00159439
-0.00220362
-0.0021908
-0.00218198
-0.00197425
-0.00178631
-0.00161625
-0.00229012
-0.0020721
-0.00187483
-0.00169635
-0.00263903
-0.0023878
-0.00216048
-0.0019548
-0.0017687
-0.0027901
-0.00277352
-0.00250948
-0.00227058
-0.00205442
-0.00289435
-0.0026188
-0.00236949
-0.00214392
-0.00304195
-0.00275235
-0.00249033
-0.00225325
-0.00203874
-0.00301789
-0.00273059
-0.00247064
-0.00223543
-0.00359545
-0.00325316
-0.00294346
-0.00266324
-0.00410761
-0.00371657
-0.00336275
-0.00304262
-0.00275296
-0.00432106
-0.00429228
-0.00388366
-0.00351393
-0.00317941
-0.00446444
-0.00403942
-0.00365487
-0.00330692
-0.00299211
-0.00439059
-0.00397261
-0.00359441
-0.00325223
-0.0051912
-0.004697
-0.00424985
-0.00384526
-0.00347919
-0.00557246
-0.00504196
-0.00456197
-0.00412767
-0.00635426
-0.00629818
-0.00569859
-0.00515609
-0.00466523
-0.00650358
-0.00588444
-0.00532424
-0.00481737
-0.00435876
-0.00637164
-0.00576506
-0.00521622
-0.00471964
-0.00685232
-0.00619998
-0.00560974
-0.00507569
-0.00805326
-0.00728659
-0.00659291
-0.00596526
-0.00539737
-0.00862644
-0.00859001
-0.00777224
-0.00703232
-0.00636285
-0.00902448
-0.00816535
-0.00738801
-0.00668467
-0.00604829
-0.00986356
-0.00892454
-0.00807493
-0.00730619
-0.0113721
-0.0112891
-0.0102144
-0.00924201
-0.00836217
-0.0117318
-0.0106149
-0.00960435
-0.00869002
-0.0123089
-0.0111371
-0.0100769
-0.00911753
-0.00824954
-0.0134412
-0.0121616
-0.0110038
-0.00995626
-0.0154812
-0.0153645
-0.0139018
-0.0125783
-0.0113809
-0.0159435
-0.0144257
-0.0130524
-0.0118098
-0.0106855
-0.0156736
-0.0141815
-0.0128314
-0.0116099
-0.0168811
-0.015274
-0.0138199
-0.0125043
-0.0198241
-0.0179368
-0.0162292
-0.0146842
-0.0205412
-0.0204631
-0.0204184
-0.0184746
-0.0167158
-0.0151244
-0.0215595
-0.019507
-0.0176499
-0.0159697
-0.0144494
-0.0235116
-0.0212733
-0.0192481
-0.0174157
-0.0268467
-0.0265848
-0.0240539
-0.021764
-0.019692
-0.0272391
-0.0246459
-0.0222996
-0.0201767
-0.0280559
-0.025385
-0.0229683
-0.0207817
-0.0188033
-0.0271585
-0.024573
-0.0222336
-0.020117
-0.0312921
-0.028313
-0.0256176
-0.0231788
-0.0343978
-0.0338363
-0.0306151
-0.0277006
-0.0250635
-0.0308511
-0.0279141
-0.0252566
-0.0228522
-0.0343239
-0.0310563
-0.0280997
-0.0254246
-0.0230042
-0.0342923
-0.0310277
-0.0280738
-0.0254012
-0.0334654
-0.0328402
-0.0322464
-0.0291766
-0.026399
-0.0238858
-0.0314181
-0.0284271
-0.0257208
-0.0232722
-0.0302436
-0.0273644
-0.0247593
-0.0224022
-0.0202695
-0.0287561
-0.0260185
-0.0235416
-0.0213004
-0.0283056
-0.0272355
-0.0246427
-0.0222967
-0.0201741
-0.0241044
-0.0218097
-0.0197334
-0.0178548
-0.016155
-0.0203974
-0.0184555
-0.0166986
-0.0151089
-0.0170013
-0.0166039
-0.0150233
-0.013593
-0.012299
-0.0111281
-0.0116131
-0.0105075
-0.00950718
-0.0086021
-0.00813632
-0.00736174
-0.00666091
-0.00602679
-0.00464542
-0.00420318
-0.00380303
-0.00344099
-0.000561006
-0.000507599
-0.000459275
-0.000415552
-0.000375992
0.00377183
0.00440411
0.00398484
0.00360549
0.00326224
0.0074207
0.00671425
0.00607505
0.00549671
0.00497342
0.0110794
0.0100247
0.0090703
0.00820681
0.0148891
0.0150513
0.0136185
0.012322
0.0111489
0.016644
0.0150595
0.0136258
0.0123287
0.0180218
0.0163061
0.0147538
0.0133492
0.0120784
0.0180099
0.0162953
0.014744
0.0133404
0.0210871
0.0190796
0.0172633
0.0156198
0.0231972
0.0227971
0.0206268
0.0186631
0.0168864
0.0152788
0.021015
0.0190144
0.0172042
0.0155664
0.0211675
0.0191523
0.017329
0.0156793
0.0228128
0.020641
0.018676
0.016898
0.0219625
0.0215047
0.0210757
0.0190693
0.0172539
0.0156113
0.0204424
0.0184963
0.0167354
0.0151422
0.0197522
0.0178718
0.0161704
0.014631
0.0132381
0.0191438
0.0173213
0.0156724
0.0141803
0.0128304
0.0183232
0.0165788
0.0150005
0.0135725
0.0185432
0.0167778
0.0151806
0.0137354
0.0171169
0.0166156
0.0161446
0.0146076
0.013217
0.0119587
0.0150889
0.0136525
0.0123527
0.0111768
0.0101127
0.0140961
0.0127542
0.01154
0.0104414
0.0139681
0.0134928
0.0122083
0.011046
0.00999445
0.00904298
0.0114405
0.0103513
0.00936589
0.00847425
0.0113938
0.0103091
0.00932771
0.00843971
0.0103516
0.0100095
0.00968603
0.00876392
0.00792959
0.0071747
0.00887436
0.00802952
0.00726511
0.00657347
0.00863526
0.00781318
0.00706937
0.00639636
0.00578743
0.00762228
0.00733977
0.00664102
0.0060088
0.00543676
0.00491918
0.00611682
0.0055345
0.00500762
0.00453089
0.00595749
0.00539034
0.00487718
0.00441287
0.0053153
0.0051189
0.00493325
0.0044636
0.00403867
0.00365419
0.00443796
0.00401547
0.00363319
0.00328731
0.00399644
0.00361598
0.00327174
0.00296027
0.00382314
0.00345918
0.00312987
0.0028319
0.00256231
0.0033434
0.00321845
0.00291206
0.00263483
0.00238399
0.00289931
0.0026233
0.00237356
0.0021476
0.00264633
0.0023944
0.00216645
0.00196021
0.00245215
0.0022187
0.00200748
0.00181637
0.00164345
0.00232252
0.00210141
0.00190136
0.00172035
0.00240615
0.00235136
0.00212751
0.00192497
0.00174172
0.0015759
0.00214558
0.00194132
0.00175651
0.00158929
0.00240548
0.00217648
0.00196928
0.0017818
0.00245844
0.00244789
0.00244356
0.00221094
0.00200045
0.00181001
0.00260888
0.00236052
0.00213579
0.00193247
0.0017485
0.00293812
0.00265841
0.00240533
0.00217634
0.00350526
0.0035023
0.00316888
0.0028672
0.00259424
0.00234727
0.0035305
0.0031944
0.00289029
0.00261514
0.00432329
0.00391171
0.00353932
0.00320237
0.00463117
0.00464783
0.00467273
0.00422788
0.00382539
0.00346121
0.00510079
0.0046152
0.00417583
0.00377829
0.00554931
0.00502101
0.00454301
0.00411052
0.00661067
0.00598133
0.00541191
0.0048967
0.00443053
0.00715096
0.00647019
0.00585423
0.00529691
0.00479264
0.00772308
0.00769367
0.00696123
0.00629852
0.0056989
0.00807156
0.00730315
0.00660789
0.00597882
0.00846602
0.00766006
0.00693082
0.006271
0.005674
0.00913748
0.00826759
0.00748052
0.00676837
0.0103106
0.0101862
0.00921651
0.0083391
0.00754522
0.0103156
0.00933355
0.008445
0.00764103
0.00691361
0.0107347
0.00971278
0.00878813
0.0079515
0.010854
0.0107441
0.0106476
0.00963397
0.00871682
0.00788698
0.0108671
0.00983256
0.0088965
0.00804955
0.0110447
0.00999323
0.00904188
0.00818109
0.0121243
0.0109701
0.00992571
0.00898078
0.0119028
0.0117123
0.0115389
0.0104404
0.00944644
0.00854713
0.0114864
0.0103929
0.00940346
0.00850825
0.0114212
0.0103339
0.00935013
0.00846
0.00765461
0.0115211
0.0104243
0.00943188
0.00853397
0.0122354
0.0110706
0.0100167
0.00906312
0.00820031
0.0118354
0.0115787
0.0104764
0.00947905
0.00857665
0.0111931
0.0101275
0.00916335
0.00829099
0.010855
0.00982157
0.00888655
0.00804055
0.00727509
0.010655
0.0096406
0.00872282
0.00789241
0.00714105
0.0103956
0.00940592
0.00851048
0.00770028
0.0107567
0.0104725
0.00947555
0.00857348
0.00775728
0.0099172
0.00897308
0.00811884
0.00734593
0.0066466
0.00949653
0.00859246
0.00777446
0.00703433
0.00903698
0.00882893
0.0086344
0.0078124
0.00706866
0.00891733
0.0080684
0.00730029
0.0066053
0.00597648
0.00783099
0.00708548
0.00641095
0.00580062
0.00757618
0.00685493
0.00620234
0.00561188
0.00785761
0.00710956
0.00643273
0.00582034
0.00739193
0.00720655
0.00703368
0.00636407
0.00575821
0.00521003
0.00671638
0.00607698
0.00549845
0.004975
0.00642445
0.00581285
0.00525946
0.00475876
0.00660027
0.00597192
0.0054034
0.00488899
0.00442356
0.0061783
0.00601139
0.00543911
0.0049213
0.00445279
0.00402889
0.00528503
0.00478189
0.00432666
0.00391476
0.00549139
0.00496861
0.0044956
0.00406762
0.00516038
0.00502818
0.00490423
0.00443735
0.00401491
0.00363269
0.00466295
0.00421904
0.00381739
0.00345397
0.00443334
0.00401129
0.00362941
0.00328389
0.00297127
0.00422896
0.00382636
0.00346209
0.0031325
0.00427203
0.00414093
0.00374671
0.00339003
0.0030673
0.00277529
0.00357543
0.00323505
0.00292707
0.00264841
0.00364447
0.00329752
0.00298359
0.00269955
0.00337876
0.00350531
0.00317161
0.00286967
0.00259648
0.00234929
0.00298418
0.00270009
0.00244304
0.00221046
0.00281063
0.00254306
0.00230096
0.00208191
0.00188371
0.00265504
0.00240228
0.00217358
0.00196666
0.00266557
0.00241181
0.0021822
0.00197446
0.00178649
0.00244236
0.00236817
0.00214272
0.00193873
0.00175416
0.00219881
0.00198948
0.00180008
0.00162871
0.0020519
0.00185656
0.00167982
0.0015199
0.0013752
0.0019223
0.00173929
0.00157371
0.0014239
0.00191922
0.00185726
0.00168045
0.00152047
0.00137572
0.00171029
0.00154747
0.00140015
0.00126686
0.00158488
0.001434
0.00129749
0.00117397
0.0010622
0.00147336
0.0013331
0.00120619
0.00109136
0.00146166
0.00141298
0.00127846
0.00115675
0.00104663
0.00129502
0.00117174
0.00106019
0.000959258
0.00119461
0.00108088
0.000977981
0.000884877
0.000800637
0.00110386
0.000998776
0.000903693
0.000817661
0.0010889
0.00105155
0.000951446
0.000860868
0.000778913
0.000959035
0.000867735
0.000785127
0.000710383
0.000642754
0.00081879
0.000740841
0.000670313
0.000606499
0.000822713
0.00074439
0.000673524
0.000609405
0.000801856
0.000725519
0.000703854
0.000636847
0.00057622
0.000521363
0.000652946
0.000590785
0.000534543
0.000483654
0.000605917
0.000548234
0.000496042
0.000448819
0.000599088
0.000542055
0.000490451
0.00044376
0.000401514
0.000538194
0.000519863
0.000470372
0.000425592
0.000385076
0.000473609
0.000428522
0.000387726
0.000350815
0.000432743
0.000391545
0.00035427
0.000320544
0.000290028
0.000393403
0.000355951
0.000322064
0.000291404
0.000381177
0.000366861
0.000331936
0.000300336
0.000271744
0.000329037
0.000297713
0.000269371
0.000243727
0.000220524
0.000275443
0.000249221
0.000225495
0.000204028
0.000269757
0.000244076
0.00022084
0.000199816
0.000241724
0.000233
0.000224732
0.000203337
0.000183979
0.000166465
0.000202881
0.000183567
0.000166091
0.000150279
0.000182999
0.000165578
0.000149815
0.000135552
0.000122648
0.000163041
0.000147519
0.000133475
0.000120769
0.000154347
0.000139653
0.000126358
0.000114329
0.000103445
0.000132393
0.000119789
0.000108385
9.80667e-05
8.87308e-05
0.000113447
0.00010862
9.82792e-05
8.8923e-05
0.000102179
9.24517e-05
8.36503e-05
7.56868e-05
6.84814e-05
8.07604e-05
7.3072e-05
6.61155e-05
5.98213e-05
7.03026e-05
6.36098e-05
5.75541e-05
5.2075e-05
4.71174e-05
5.93436e-05
5.36941e-05
4.85824e-05
4.39574e-05
5.31185e-05
4.80616e-05
4.34861e-05
3.93463e-05
3.56005e-05
4.25883e-05
4.03023e-05
3.64655e-05
3.2994e-05
2.9853e-05
3.30128e-05
2.987e-05
2.70264e-05
2.44535e-05
2.66262e-05
2.40913e-05
2.17979e-05
1.97227e-05
1.78451e-05
2.00758e-05
1.81645e-05
1.64353e-05
1.48706e-05
1.57395e-05
1.42411e-05
1.28853e-05
1.16587e-05
1.14243e-05
1.04414e-05
9.49569e-06
8.5917e-06
7.77377e-06
7.0337e-06
6.21665e-06
5.62483e-06
5.08934e-06
4.60484e-06
3.42077e-06
3.09511e-06
2.80046e-06
2.53385e-06
2.29263e-06
4.53366e-07
4.10206e-07
3.71154e-07
3.3582e-07
-1.90614e-06
-2.22851e-06
-2.01636e-06
-1.8244e-06
-1.65072e-06
-3.87844e-06
-3.50922e-06
-3.17514e-06
-2.87287e-06
-5.36977e-06
-4.85857e-06
-4.39603e-06
-3.97753e-06
-3.59887e-06
-7.11686e-06
-6.43933e-06
-5.82631e-06
-5.27164e-06
-7.97758e-06
-8.03051e-06
-8.09314e-06
-7.32268e-06
-6.62556e-06
-5.9948e-06
-8.61796e-06
-7.79753e-06
-7.05521e-06
-6.38355e-06
-9.59377e-06
-8.68044e-06
-7.85407e-06
-7.10636e-06
-6.42983e-06
-9.53405e-06
-9.3617e-06
-8.47046e-06
-7.66407e-06
-6.93445e-06
-9.00068e-06
-8.14382e-06
-7.36853e-06
-6.66704e-06
-8.54894e-06
-7.73508e-06
-6.9987e-06
-6.33242e-06
-5.72957e-06
-8.20711e-06
-7.42579e-06
-6.71886e-06
-6.07922e-06
-8.21353e-06
-7.9552e-06
-7.19787e-06
-6.51263e-06
-5.89263e-06
-7.11428e-06
-6.437e-06
-5.8242e-06
-5.26973e-06
-4.76805e-06
-2.53266e-05
-2.29155e-05
-2.0734e-05
-1.87601e-05
-4.44866e-05
-4.02515e-05
-3.64195e-05
-3.29524e-05
-6.57824e-05
-5.95199e-05
-5.38536e-05
-4.87268e-05
-7.40813e-05
-7.46972e-05
-7.53364e-05
-6.81644e-05
-6.16752e-05
-5.58037e-05
-8.2231e-05
-7.44026e-05
-6.73195e-05
-6.09107e-05
-5.5112e-05
-9.13143e-05
-8.26212e-05
-7.47557e-05
-6.76389e-05
-0.000104793
-0.000103801
-9.39194e-05
-8.49783e-05
-7.68883e-05
-0.000106372
-9.62458e-05
-8.70832e-05
-7.87929e-05
-0.000109744
-9.92959e-05
-8.9843e-05
-8.12899e-05
-7.35511e-05
-0.000106731
-9.65704e-05
-8.73769e-05
-7.90586e-05
-0.000124264
-0.000112434
-0.00010173
-9.20454e-05
-0.000139072
-0.000137363
-0.000124286
-0.000112454
-0.000101748
-0.00013948
-0.000126202
-0.000114187
-0.000103317
-9.34808e-05
-0.000134154
-0.000121382
-0.000109827
-9.93711e-05
-0.000155197
-0.000140422
-0.000127054
-0.000114959
-0.000159143
-0.000158212
-0.000157521
-0.000142525
-0.000128957
-0.00011668
-0.000164788
-0.0001491
-0.000134906
-0.000122063
-0.000172557
-0.00015613
-0.000141266
-0.000127818
-0.000115649
-0.000186648
-0.000168879
-0.000152802
-0.000138255
-0.000212435
-0.00021033
-0.000190306
-0.000172189
-0.000155797
-0.000140965
-0.000202318
-0.000183058
-0.000165631
-0.000149862
-0.000211648
-0.000191499
-0.000173269
-0.000156773
-0.000236761
-0.000214221
-0.000193827
-0.000175375
-0.000158679
-0.000245561
-0.000222183
-0.000201031
-0.000181893
-0.000273968
-0.000270705
-0.000244934
-0.000221616
-0.000200518
-0.000275938
-0.000249668
-0.0002259
-0.000204394
-0.000184936
-0.000267205
-0.000241767
-0.000218751
-0.000197926
-0.000311937
-0.00028224
-0.000255371
-0.00023106
-0.000209063
-0.00033153
-0.000299968
-0.000271411
-0.000245573
-0.000343181
-0.000341811
-0.000340975
-0.000308514
-0.000279144
-0.000252569
-0.000359663
-0.000325423
-0.000294442
-0.000266412
-0.000379578
-0.000343442
-0.000310746
-0.000281163
-0.000400766
-0.000362613
-0.000328093
-0.000296858
-0.000463182
-0.000419087
-0.00037919
-0.000343091
-0.000310428
-0.00048926
-0.000486135
-0.000439855
-0.000397981
-0.000360093
-0.000505823
-0.000457668
-0.000414098
-0.000374676
-0.000339007
-0.000546359
-0.000494345
-0.000447284
-0.000404702
-0.000623287
-0.000617605
-0.000558809
-0.000505611
-0.000457477
-0.000636317
-0.000575739
-0.000520929
-0.000471337
-0.000426465
-0.00062128
-0.000562135
-0.000508619
-0.000460199
-0.000665656
-0.000602286
-0.000544948
-0.000493069
-0.000778351
-0.000704252
-0.000637207
-0.000576545
-0.00080513
-0.000876458
-0.000793019
-0.000717523
-0.000649215
-0.00058741
-0.00084066
-0.000760629
-0.000688217
-0.000622699
-0.000891313
-0.00080646
-0.000729685
-0.000660219
-0.00103515
-0.000936603
-0.000847439
-0.000766763
-0.00106794
-0.00106332
-0.00106059
-0.000959618
-0.000868263
-0.000785604
-0.00111982
-0.00101321
-0.000916755
-0.00082948
-0.00118493
-0.00107212
-0.000970058
-0.000877709
-0.00125569
-0.00113615
-0.00102798
-0.000930121
-0.00145945
-0.00132051
-0.0011948
-0.00108105
-0.000978138
-0.00155156
-0.00154331
-0.00139639
-0.00126345
-0.00114317
-0.00161348
-0.00145988
-0.0013209
-0.00119515
-0.00185554
-0.0016789
-0.00151907
-0.00137445
-0.0012436
-0.0019598
-0.0019479
-0.00176246
-0.00159467
-0.00144286
-0.00203174
-0.00183832
-0.00166331
-0.00150496
-0.00213485
-0.00193161
-0.00174772
-0.00158134
-0.0022549
-0.00204023
-0.001846
-0.00167026
-0.00151126
-0.00247565
-0.00223997
-0.00202672
-0.00183378
-0.00286278
-0.00259025
-0.00234365
-0.00212054
-0.00295697
-0.00294625
-0.00294123
-0.00266122
-0.00240787
-0.00217864
-0.00312141
-0.00282425
-0.00255538
-0.00231211
-0.00332426
-0.00300779
-0.00272145
-0.00246236
-0.00222795
-0.00368212
-0.00333159
-0.00301442
-0.00272745
-0.00428853
-0.00426442
-0.00385845
-0.00349113
-0.00315877
-0.00446593
-0.00404077
-0.00365609
-0.00330803
-0.00299311
-0.00443657
-0.00401421
-0.00363206
-0.00328629
-0.00531837
-0.00481206
-0.00435395
-0.00393946
-0.00613499
-0.00555094
-0.00556588
-0.00503601
-0.00455658
-0.00412279
-0.00600855
-0.00543654
-0.00491898
-0.00445069
-0.00648305
-0.00586586
-0.00530743
-0.00480216
-0.00699319
-0.00632744
-0.00572507
-0.00518004
-0.00829135
-0.00750201
-0.00678782
-0.00614162
-0.00555694
-0.00899118
-0.00897424
-0.00811989
-0.00734688
-0.00664745
-0.00953531
-0.00862755
-0.00780621
-0.00706306
-0.00639066
-0.0105778
-0.00957082
-0.00865968
-0.00783528
-0.0123649
-0.0123048
-0.0111334
-0.0100735
-0.0091145
-0.0129357
-0.0117042
-0.01059
-0.00958183
-0.00866964
-0.0129063
-0.0116776
-0.0105659
-0.00956004
-0.00864993
-0.014718
-0.0133168
-0.0120491
-0.010902
-0.0174293
-0.01577
-0.0142687
-0.0129103
-0.0182517
-0.0182322
-0.0182456
-0.0165086
-0.014937
-0.013515
-0.019543
-0.0176825
-0.0159991
-0.014476
-0.0209394
-0.018946
-0.0171423
-0.0155104
-0.0224208
-0.0202863
-0.0183551
-0.0166077
-0.0262988
-0.0237952
-0.0215299
-0.0194802
-0.0176257
-0.0281048
-0.0279664
-0.025304
-0.0228951
-0.0207154
-0.0292385
-0.026455
-0.0239365
-0.0216577
-0.0195959
-0.0315974
-0.0285893
-0.0258676
-0.023405
-0.0357866
-0.0353786
-0.0320105
-0.0289631
-0.0262058
-0.023711
-0.0336599
-0.0304555
-0.0275561
-0.0249328
-0.038154
-0.0345218
-0.0312353
-0.0282617
-0.0255712
-0.0388404
-0.0382704
-0.034627
-0.0313306
-0.0283479
-0.0380298
-0.0344094
-0.0311336
-0.0281697
-0.0375223
-0.0339502
-0.0307181
-0.0277937
-0.0366195
-0.0331333
-0.029979
-0.027125
-0.0245427
-0.035382
-0.0320136
-0.0289659
-0.0262084
-0.0351334
-0.0338198
-0.0306002
-0.027687
-0.0250512
-0.0298347
-0.0269944
-0.0244246
-0.0220993
-0.0199955
-0.0235795
-0.0213347
-0.0193036
-0.0174659
-0.0200451
-0.0181368
-0.0164102
-0.0148479
-0.0134344
-0.0131874
-0.0119319
-0.010796
-0.00976824
-0.0088383
-0.00623895
-0.005645
-0.00510759
-0.00462135
-0.000581539
-0.000526177
-0.000476085
-0.000430761
0.00486602
0.00440278
0.00398363
0.00360439
0.0118004
0.010677
0.00966054
0.00874086
0.00790873
0.0174057
0.0179576
0.016248
0.0147012
0.0133016
0.0212642
0.0192398
0.0174082
0.0157509
0.0239234
0.0216459
0.0195852
0.0177207
0.0283873
0.0256848
0.0232396
0.0210272
0.0190254
0.0295273
0.0291508
0.0263756
0.0238647
0.0215927
0.0291219
0.0263495
0.023841
0.0215714
0.0195178
0.0269282
0.0243646
0.0220451
0.0199464
0.0290516
0.0262858
0.0237834
0.0215193
0.0277244
0.0290139
0.0262518
0.0237526
0.0214914
0.0250807
0.022693
0.0205326
0.0185779
0.0168093
0.0238925
0.0216179
0.0195599
0.0176978
0.016013
0.0222756
0.0201549
0.0182362
0.0165001
0.0218459
0.0197662
0.0178844
0.0161818
0.0146413
0.0193359
0.0186169
0.0168446
0.015241
0.01379
0.0166517
0.0150665
0.0136321
0.0123344
0.014844
0.0134308
0.0121522
0.0109953
0.00994858
0.0129331
0.0117019
0.0105879
0.00957992
0.011878
0.0113055
0.0102292
0.00925536
0.00837425
0.00953992
0.00863172
0.00780998
0.00706647
0.0079346
0.00717923
0.00649576
0.00587737
0.00531784
0.00594081
0.00537525
0.00486352
0.00440052
0.00482527
0.00436591
0.00395027
0.00357421
0.00323394
0.00314486
0.00284547
0.00257458
0.00232948
0.00170362
0.00138593
0.00125399
0.00113461
0.00102659
5.83065e-05
5.27558e-05
4.77334e-05
4.31892e-05
3.90776e-05
-0.0012317
-0.00111445
-0.00100835
-0.000912355
-0.000825499
-0.00288702
-0.00261218
-0.0023635
-0.00213849
-0.00469838
-0.00425109
-0.00384639
-0.00348021
-0.00654898
-0.00668373
-0.00604744
-0.00547172
-0.00495081
-0.00777871
-0.00703817
-0.00636814
-0.00576189
-0.00521336
-0.00844772
-0.0076435
-0.00691584
-0.00625745
-0.0109403
-0.00989875
-0.00895639
-0.00810374
-0.00733226
-0.0126112
-0.0126921
-0.0114838
-0.0103905
-0.00940135
-0.0139253
-0.0125996
-0.0114001
-0.0103148
-0.0152265
-0.0137769
-0.0124654
-0.0112787
-0.0102049
-0.017272
-0.0156277
-0.0141399
-0.0127938
-0.0203582
-0.0202648
-0.0183356
-0.01659
-0.0150106
-0.0212506
-0.0192276
-0.0173971
-0.0157409
-0.0142424
-0.0210072
-0.0190073
-0.0171978
-0.0155606
-0.0248063
-0.0224447
-0.020308
-0.0183747
-0.0166254
-0.026311
-0.0238062
-0.0215399
-0.0194893
-0.0293189
-0.0265277
-0.026375
-0.0238641
-0.0215923
-0.0195367
-0.0272294
-0.0246372
-0.0222917
-0.0201696
-0.0278053
-0.0251582
-0.0227632
-0.0205961
-0.0303528
-0.0274632
-0.0248487
-0.0224831
-0.0203427
-0.0295679
-0.0288884
-0.0261382
-0.0236499
-0.0213984
-0.0274778
-0.0248619
-0.022495
-0.0203535
-0.0184159
-0.0256186
-0.0231797
-0.020973
-0.0189764
-0.0244331
-0.0233239
-0.0211035
-0.0190945
-0.0172767
-0.0196325
-0.0177634
-0.0160724
-0.0145423
-0.0131579
-0.0144275
-0.013054
-0.0118113
-0.0106868
-0.0106235
-0.0096121
-0.00869703
-0.00786907
-0.00606842
-0.00549071
-0.00496799
-0.00449504
-0.00148156
-0.000462366
0.00054883
0.000496581
0.000449307
0.000406533
0.00508255
0.00459869
0.0041609
0.00376478
0.00934558
0.00845588
0.00765088
0.00692252
0.0151133
0.0136745
0.0123727
0.0111948
0.0101291
0.0192272
0.0195205
0.0176622
0.0159807
0.0144594
0.0196209
0.017753
0.0160629
0.0145337
0.0131501
0.023172
0.020966
0.0189701
0.0171641
0.0269692
0.0244017
0.0220787
0.0199768
0.029401
0.0288349
0.0260898
0.0236061
0.0213588
0.0193254
0.0262622
0.023762
0.0214999
0.0194531
0.0281178
0.025441
0.023019
0.0208276
0.0268001
0.0261672
0.0255655
0.0231316
0.0209295
0.018937
0.0243908
0.0220688
0.0199678
0.0180669
0.0163469
0.023153
0.0209489
0.0189545
0.0171501
0.0230633
0.0208677
0.0188811
0.0170836
0.0154573
0.0207215
0.0200017
0.0180975
0.0163746
0.0148158
0.018112
0.0163877
0.0148276
0.013416
0.0163728
0.0148141
0.0134038
0.0121278
0.0109732
0.0137086
0.0124035
0.0112227
0.0101543
0.0133087
0.0120417
0.0108953
0.00985811
0.00891962
0.0115643
0.0104634
0.00946727
0.00856599
0.0106593
0.010159
0.00919186
0.0083168
0.00752504
0.00864953
0.0078261
0.00708105
0.00640693
0.00579699
0.00674546
0.00610329
0.00552226
0.00499654
0.00568644
0.00514509
0.00465528
0.00421209
0.00480533
0.00434786
0.00393394
0.00355943
0.00322057
0.00340341
0.0030794
0.00278624
0.00252099
0.00227473
0.00199813
0.0018079
0.00163579
0.00148006
0.000904962
0.00081881
0.000740859
0.000670329
0.000606514
-0.000191893
-0.000173625
-0.000157096
-0.00014214
-0.00147517
-0.00133474
-0.00120767
-0.0010927
-0.0023958
-0.00256468
-0.00273553
-0.00247511
-0.00223948
-0.00202628
-0.00367234
-0.00332273
-0.00300641
-0.0027202
-0.00458269
-0.00414642
-0.00375168
-0.00339452
-0.00610906
-0.00552748
-0.00500126
-0.00452514
-0.00409435
-0.00715943
-0.00721778
-0.00653065
-0.00590893
-0.0053464
-0.00795611
-0.00719869
-0.00651337
-0.0058933
-0.00533226
-0.00819036
-0.00741064
-0.00670515
-0.00606682
-0.0100216
-0.00906752
-0.00820429
-0.00742324
-0.00671655
-0.0109351
-0.00989407
-0.00895216
-0.00809991
-0.0124715
-0.0123424
-0.0111674
-0.0101043
-0.00914237
-0.0125897
-0.0113912
-0.0103068
-0.00932556
-0.00843777
-0.0120622
-0.0109138
-0.00987484
-0.00893476
-0.0137053
-0.0124005
-0.01122
-0.0101518
-0.00918539
-0.0139334
-0.012607
-0.0114068
-0.0103209
-0.0137679
-0.0135476
-0.0133396
-0.0120697
-0.0109207
-0.00988101
-0.0131606
-0.0119077
-0.0107741
-0.00974842
-0.0137758
-0.0124643
-0.0112777
-0.0102041
-0.00923267
-0.012823
-0.0116022
-0.0104977
-0.00949831
-0.0117297
-0.0113271
-0.010933
-0.00989217
-0.00895043
-0.00809835
-0.00974669
-0.0088188
-0.00797925
-0.00721963
-0.00839982
-0.00760015
-0.00687662
-0.00622197
-0.00562963
-0.00657135
-0.00594576
-0.00537972
-0.00486757
-0.00486836
-0.00437375
-0.00395737
-0.00358063
-0.00323975
-0.00293133
-0.00211576
-0.00191434
-0.0017321
-0.0015672
0.000166152
0.000150334
0.000136022
0.000123073
0.000111357
0.00265778
0.00240476
0.00217582
0.00196869
0.00447352
0.00559336
0.00506088
0.00457908
0.00414315
0.00374872
0.00685227
0.00619993
0.0056097
0.00507565
0.00849255
0.00768406
0.00695253
0.00629065
0.00995359
0.00900601
0.00814864
0.00737289
0.00667099
0.0117507
0.010632
0.00961986
0.00870405
0.0138789
0.0125576
0.0113621
0.0102804
0.00930175
0.0158047
0.0143001
0.0129388
0.011707
0.0105925
0.0145193
0.0131371
0.0118864
0.0107549
0.0146043
0.013214
0.011956
0.0108178
0.0157106
0.014215
0.0128617
0.0116373
0.0105294
0.0151897
0.0148401
0.0134273
0.012149
0.0109924
0.0141997
0.0128479
0.0116248
0.0105181
0.0135478
0.012258
0.0110911
0.0100352
0.00907984
0.0129204
0.0116904
0.0105775
0.0095705
0.0129812
0.0125636
0.0113676
0.0102854
0.00930622
0.0115423
0.0104435
0.00944924
0.00854967
0.00773574
0.00988356
0.00894264
0.0080913
0.00732101
0.00989953
0.00895709
0.00810438
0.00733284
0.00899678
0.00869585
0.00840986
0.00760924
0.00688484
0.0062294
0.00766887
0.00693879
0.00627822
0.00568053
0.00513974
0.00689569
0.00623922
0.00564525
0.00510782
0.00655156
0.00627749
0.00567987
0.00513915
0.0046499
0.00548965
0.00496704
0.00449418
0.00406633
0.00478254
0.00432724
0.00391529
0.00354255
0.0032053
0.0038322
0.00346738
0.00313728
0.00283861
0.00350348
0.00316995
0.00286817
0.00259512
0.00234807
0.00281794
0.00254967
0.00230694
0.00208732
0.00235672
0.00220041
0.00199093
0.0018014
0.0016299
0.00147474
0.00152553
0.0013803
0.00124889
0.00113
0.00109039
0.000986582
0.00089266
0.000807679
0.000730788
0.00058688
0.000531009
0.000480457
0.000434717
0.000158055
0.000143008
0.000129394
0.000117075
-0.000273303
-0.000247285
-0.000315346
-0.000285325
-0.000258162
-0.00064743
-0.000585795
-0.000530027
-0.000479569
-0.000433914
-0.000874465
-0.000791216
-0.000715892
-0.000647739
-0.00126692
-0.00114631
-0.00103718
-0.000938441
-0.000849101
-0.00151557
-0.00152676
-0.00138141
-0.0012499
-0.00113091
-0.00165804
-0.0015002
-0.00135738
-0.00122816
-0.00111124
-0.0018099
-0.00163759
-0.0014817
-0.00134064
-0.00199866
-0.00196031
-0.00177369
-0.00160484
-0.00145205
-0.00189594
-0.00171545
-0.00155214
-0.00140437
-0.00127068
-0.00167776
-0.00151804
-0.00137352
-0.00124276
-0.00167938
-0.0015195
-0.00137484
-0.00124396
-0.00112553
-0.00142405
-0.00134905
-0.00122062
-0.00110442
-0.000999278
-0.00107022
-0.000968337
-0.000876152
-0.000792742
-0.000750906
-0.00067942
-0.000614739
-0.000556216
-0.000337384
-0.000305265
-0.000276204
-0.000249909
-0.000226118
0.000214369
0.000309626
0.000280149
0.000253479
0.000229348
0.000779915
0.000705668
0.000638488
0.000577704
0.000522706
0.0014392
0.00130219
0.00117822
0.00106605
0.00194097
0.00202861
0.00211913
0.00191739
0.00173485
0.0015697
0.00266605
0.00241224
0.0021826
0.00197481
0.00320527
0.00290012
0.00262403
0.00237423
0.00415027
0.00375516
0.00339767
0.00307421
0.00278155
0.00474939
0.00476887
0.00431487
0.00390409
0.00353242
0.00515742
0.00466643
0.00422219
0.00382024
0.00345655
0.00519385
0.00469939
0.00425201
0.00384722
0.00618207
0.00559353
0.00506103
0.00457922
0.00694067
0.00627992
0.00568207
0.00514114
0.0046517
0.00706767
0.00697124
0.00630758
0.0057071
0.00516378
0.00467219
0.00653935
0.00591681
0.00535353
0.00484387
0.00726626
0.00657451
0.00594862
0.00538231
0.00486991
0.00725113
0.00656082
0.00593623
0.0053711
0.00708788
0.00750639
0.00679178
0.0061452
0.00556018
0.00716816
0.00648575
0.00586831
0.00530964
0.00480417
0.00641072
0.00580042
0.00524822
0.00474859
0.00676264
0.00611884
0.00553633
0.00500927
0.00453238
0.00643431
0.00627226
0.00567514
0.00513487
0.00464603
0.00595188
0.00538526
0.00487258
0.00440871
0.00565264
0.00511451
0.00462761
0.00418706
0.00378845
0.00539418
0.00488065
0.00441601
0.00399561
0.00546453
0.00530079
0.00479615
0.00433956
0.00392643
0.00355264
0.00459719
0.00415954
0.00376355
0.00340526
0.00471685
0.0042678
0.00386151
0.00349389
0.00440185
0.00428433
0.00417479
0.00377735
0.00341774
0.00309237
0.00396163
0.00358448
0.00324324
0.00293448
0.0037776
0.00341797
0.00309258
0.00279816
0.00388979
0.00351948
0.00318442
0.00288127
0.00260697
0.00368144
0.00359245
0.00325045
0.00294101
0.00266102
0.00344686
0.00311872
0.00282182
0.00255318
0.00231012
0.00312363
0.00282626
0.0025572
0.00231376
0.00338823
0.00306567
0.00277382
0.00250975
0.0035818
0.00350618
0.00317239
0.00287038
0.00259712
0.00234987
0.00320192
0.0028971
0.00262129
0.00237175
0.00324989
0.0029405
0.00266057
0.00240728
0.00360806
0.00326457
0.00295379
0.00267259
0.00241816
0.0036856
0.00364345
0.0032966
0.00298276
0.0026988
0.00371027
0.00335705
0.00303746
0.00274829
0.00381177
0.00344889
0.00312056
0.00282348
0.00255468
0.004054
0.00366806
0.00331886
0.00300291
0.00456206
0.00412775
0.00373479
0.00337924
0.00305754
0.0047198
0.00467438
0.00422938
0.00382674
0.00346244
0.00479282
0.00433654
0.0039237
0.00355017
0.0049434
0.00447279
0.00404698
0.00366171
0.00511531
0.00462834
0.00418772
0.00378905
0.00342833
0.00545375
0.00493456
0.00446479
0.00403974
0.00611182
0.00603295
0.00545861
0.00493895
0.00446877
0.00404334
0.00570573
0.00516255
0.00467107
0.00422639
0.00592278
0.00535893
0.00484876
0.00438716
0.00665476
0.00602123
0.00544801
0.00492936
0.00446008
0.00677652
0.00668488
0.00604848
0.00547267
0.00495167
0.00670658
0.00606812
0.00549043
0.00496774
0.00449481
0.00686565
0.00621204
0.00562066
0.00508557
0.0073975
0.0072501
0.00655989
0.00593539
0.00537034
0.00485909
0.00660918
0.00597998
0.00541069
0.00489559
0.00660749
0.00597846
0.00540931
0.00489434
0.0044284
0.00665719
0.00602343
0.00545
0.00493116
0.00700221
0.0063356
0.00573245
0.00518672
0.00709353
0.00687919
0.00622429
0.00563174
0.0050956
0.0046105
0.00594509
0.00537912
0.00486703
0.00440369
0.00602937
0.00545537
0.00493602
0.00446611
0.00404094
0.0054915
0.00496871
0.00449569
0.0040677
0.00498588
0.00481405
0.00464896
0.00420638
0.00380593
0.00344361
0.0041911
0.00379211
0.0034311
0.00310446
0.00372584
0.00337114
0.0030502
0.00275982
0.00249709
0.00318036
0.00287759
0.00260365
0.00235578
0.00280033
0.00253374
0.00229252
0.00207428
0.00187681
0.0021139
0.00196557
0.00177845
0.00160914
0.00145595
0.00143008
0.00129394
0.00117075
0.0010593
0.000958452
0.000825604
0.000747006
0.000675891
0.000611546
0.000295729
0.000267575
0.000242102
0.000219054
-0.000273083
-0.000365731
-0.000330914
-0.000299411
-0.000270907
-0.000796697
-0.000720852
-0.000652227
-0.000590135
-0.00120171
-0.0010873
-0.000983792
-0.000890135
-0.000805395
-0.00171028
-0.00154746
-0.00140014
-0.00126685
-0.00227155
-0.00229589
-0.00207732
-0.00187956
-0.00170063
-0.00254771
-0.00230517
-0.00208572
-0.00188716
-0.0017075
-0.00262179
-0.00237219
-0.00214636
-0.00194203
-0.00289143
-0.00261617
-0.00236711
-0.00214176
-0.00193786
-0.00323629
-0.00292819
-0.00264943
-0.00239721
-0.00371242
-0.003359
-0.00303922
-0.00274989
-0.00408215
-0.00401771
-0.00363522
-0.00328915
-0.00297602
-0.00400362
-0.00362247
-0.00327761
-0.00296558
-0.00268326
-0.00375535
-0.00339784
-0.00307436
-0.00278169
-0.00385188
-0.00348518
-0.0031534
-0.00285319
-0.0042487
-0.00384423
-0.00347826
-0.00314713
-0.00417487
-0.00410797
-0.00404687
-0.00366161
-0.00331303
-0.00299763
-0.0040251
-0.00364191
-0.0032952
-0.0029815
-0.00399594
-0.00361553
-0.00327133
-0.0029599
-0.00427247
-0.00386573
-0.00349771
-0.00316473
-0.00286345
-0.00414653
-0.0040581
-0.00367176
-0.00332221
-0.00300594
-0.00392911
-0.00355505
-0.00321661
-0.00291039
-0.00381805
-0.00345457
-0.00312569
-0.00282813
-0.00255889
-0.00347754
-0.00314648
-0.00284694
-0.00257591
-0.00375592
-0.00339836
-0.00307484
-0.00278211
-0.00391784
-0.00382273
-0.0034588
-0.00312953
-0.00283159
-0.00366853
-0.00331929
-0.00300329
-0.00271738
-0.00245868
-0.00332634
-0.00300968
-0.00272315
-0.00246391
-0.00360366
-0.0032606
-0.00295019
-0.00266933
-0.00351513
-0.00345597
-0.00340276
-0.00307882
-0.00278571
-0.00252051
-0.0033881
-0.00306555
-0.00277371
-0.00250965
-0.00338806
-0.00306552
-0.00277368
-0.00250963
-0.00227071
-0.00346967
-0.00313936
-0.00284049
-0.00257008
-0.00376908
-0.00370326
-0.00335071
-0.00303172
-0.0027431
-0.00367132
-0.00332181
-0.00300557
-0.00271944
-0.00246055
-0.0037588
-0.00340096
-0.00307719
-0.00278424
-0.00378743
-0.00407655
-0.00368846
-0.00333732
-0.00301961
-0.00273214
-0.00380581
-0.0034435
-0.00311568
-0.00281907
-0.00393512
-0.0035605
-0.00322154
-0.00291485
-0.00444698
-0.00402363
-0.00364058
-0.003294
-0.00298041
-0.0046036
-0.0045595
-0.00412544
-0.0037327
-0.00337734
-0.00467882
-0.0042334
-0.00383038
-0.00346573
-0.00313579
-0.00497889
-0.0045049
-0.00407603
-0.003688
-0.00561632
-0.00555513
-0.00502629
-0.00454778
-0.00411483
-0.00567859
-0.00513799
-0.00464885
-0.00420628
-0.00380584
-0.00550007
-0.00497647
-0.00450271
-0.00407405
-0.00640104
-0.00579166
-0.0052403
-0.00474142
-0.00657833
-0.00654072
-0.00651348
-0.0058934
-0.00533235
-0.00482471
-0.00681611
-0.00616722
-0.0055801
-0.00504887
-0.0071314
-0.00645249
-0.00583821
-0.00528242
-0.00814296
-0.00736775
-0.00666634
-0.00603171
-0.00545749
-0.00847796
-0.00839949
-0.00759986
-0.00687635
-0.00622172
-0.00860937
-0.00778976
-0.00704818
-0.00637719
-0.0088495
-0.00800703
-0.00724476
-0.00655506
-0.00593101
-0.00934422
-0.00845465
-0.00764977
-0.00692151
-0.0103741
-0.0102244
-0.009251
-0.00837031
-0.00757345
-0.00685246
-0.00961492
-0.00869958
-0.00787138
-0.00712203
-0.00644401
-0.0102179
-0.00924516
-0.00836502
-0.00756867
-0.0113569
-0.0102757
-0.00929745
-0.00841234
-0.0113035
-0.011162
-0.0110387
-0.00998785
-0.00903701
-0.00817668
-0.0112006
-0.0101343
-0.00916954
-0.0082966
-0.0123542
-0.0111781
-0.010114
-0.00915112
-0.00827993
-0.0124321
-0.0122468
-0.0110809
-0.010026
-0.00907153
-0.0112214
-0.0101531
-0.00918657
-0.00831201
-0.0075207
-0.0118852
-0.0107537
-0.00972996
-0.00880367
-0.0131099
-0.0118619
-0.0107326
-0.00971087
-0.00878639
-0.0131551
-0.0119028
-0.0107696
-0.00974435
-0.0140851
-0.0138048
-0.0124906
-0.0113015
-0.0102256
-0.0135124
-0.012226
-0.0110621
-0.010009
-0.00905612
-0.0124725
-0.0112851
-0.0102108
-0.00923869
-0.012642
-0.0114385
-0.0103496
-0.0093643
-0.00847281
-0.0130101
-0.0117715
-0.0106509
-0.0096369
-0.0140412
-0.0137656
-0.0124552
-0.0112694
-0.0101966
-0.0598769
-0.0541766
-0.049019
-0.0443524
-0.0447675
-0.0405057
-0.0366495
-0.0331605
-0.0344891
-0.0312057
-0.0282349
-0.025547
-0.0231149
-0.0262376
-0.0237398
-0.0214797
-0.0194349
-0.0225142
-0.0203708
-0.0184315
-0.0166768
-0.0187429
-0.0178348
-0.0169993
-0.015381
-0.0139167
-0.0125919
-0.014717
-0.013316
-0.0120483
-0.0109013
-0.00986349
-0.0128408
-0.0116183
-0.0105123
-0.00951151
-0.0123192
-0.0118693
-0.0107394
-0.00971698
-0.00879193
-0.0107894
-0.00976221
-0.00883284
-0.00799196
-0.0099779
-0.009028
-0.00816854
-0.00739089
-0.00668728
-0.00870413
-0.0078755
-0.00712575
-0.00644738
-0.0089974
-0.00814085
-0.00736584
-0.00666461
-0.00603014
-0.00842048
-0.00761885
-0.00689354
-0.00623727
-0.00564348
-0.00784402
-0.00709727
-0.00642161
-0.00581027
-0.0077416
-0.0070046
-0.00633776
-0.00573441
-0.00518849
-0.00689994
-0.00664877
-0.00601581
-0.0054431
-0.00492492
-0.00595645
-0.00538939
-0.00487632
-0.0044121
-0.00529267
-0.00478881
-0.00433291
-0.00392042
-0.00354719
-0.00454831
-0.00411531
-0.00372353
-0.00336905
-0.00406685
-0.00367968
-0.00332938
-0.00301242
-0.00272564
-0.00317166
-0.00286972
-0.00259652
-0.00234933
-0.00247243
-0.00229413
-0.00212117
-0.00191924
-0.00173653
-0.00157121
-0.00148837
-0.00134667
-0.00121847
-0.00110247
-0.000883968
-0.000799814
-0.000723672
-0.000654778
-0.000592443
-0.000150366
-0.000136051
-0.000123099
-0.00011138
0.000541595
0.000647987
0.000586299
0.000530483
0.000479981
0.00116
0.00104957
0.000949653
0.000859246
0.00164792
0.00149103
0.00134909
0.00122065
0.00110445
0.00228145
0.00206426
0.00186774
0.00168993
0.00301485
0.00304803
0.00275786
0.00249531
0.00225776
0.00204282
0.00320067
0.00289597
0.00262027
0.00237082
0.00360518
0.00326197
0.00295143
0.00267045
0.00438141
0.0039643
0.0035869
0.00324543
0.00461156
0.00460461
0.0046034
0.00416516
0.00376864
0.00340986
0.00488247
0.00441766
0.0039971
0.00361657
0.00514196
0.00465245
0.00420953
0.00380879
0.00587483
0.00531554
0.0048095
0.00435164
0.00594437
0.00588804
0.00583996
0.00528399
0.00478096
0.00432581
0.00599015
0.00541989
0.00490391
0.00443706
0.00401465
0.00574476
0.00519786
0.00470303
0.0042553
0.00652889
0.00590734
0.00534496
0.00483612
0.00437572
0.00666612
0.0060315
0.0054573
0.00493777
0.0071876
0.00704736
0.00637645
0.00576941
0.00522017
0.00689435
0.00623801
0.00564415
0.00510683
0.00677672
0.00613158
0.00554785
0.0050197
0.00454182
0.00624066
0.00564655
0.005109
0.00462262
0.00679744
0.00615032
0.00556481
0.00503504
0.00710098
0.00642497
0.00581331
0.00525988
0.00673668
0.00609535
0.00551507
0.00499003
0.00643479
0.0058222
0.00526793
0.00476642
0.00431266
0.00621146
0.00562013
0.00508509
0.00460099
0.00416298
0.00596184
0.00539428
0.00488074
0.00441609
0.00606042
0.00587942
0.0053197
0.00481326
0.00435504
0.00546447
0.00494425
0.00447356
0.00404768
0.00366234
0.00473821
0.00428714
0.003879
0.00350972
0.00317559
0.00450563
0.00407669
0.00368859
0.00333744
0.00447864
0.00405227
0.0036665
0.00331745
0.00404017
0.00389712
0.00376046
0.00340246
0.00307855
0.00278547
0.00338489
0.00306265
0.00277108
0.00250728
0.00226858
0.00296888
0.00268624
0.00243051
0.00219913
0.00272325
0.002464
0.00222943
0.00201719
0.00228139
0.00216025
0.00204347
0.00184893
0.00167291
0.00151365
0.0016534
0.00149599
0.00135357
0.00122471
0.00110812
0.00117237
0.00106076
0.000959774
0.000868404
0.000838501
0.000758676
0.00068645
0.0006211
0.000439374
0.000352207
0.000318677
0.000288339
0.000260889
-1.36426e-05
-1.23439e-05
-1.11687e-05
-1.01055e-05
-9.14342e-06
-0.000365368
-0.000330585
-0.000299113
-0.000270638
-0.000837776
-0.000758019
-0.000685856
-0.000620563
-0.00114815
-0.00120049
-0.00125368
-0.00113433
-0.00102634
-0.000928635
-0.00156693
-0.00141776
-0.00128279
-0.00116067
-0.00186425
-0.00168677
-0.00152619
-0.0013809
-0.00238261
-0.00215578
-0.00195055
-0.00176486
-0.00159684
-0.00269708
-0.00270411
-0.00244668
-0.00221376
-0.00200301
-0.00290922
-0.00263226
-0.00238167
-0.00215494
-0.00310963
-0.00281359
-0.00254574
-0.00230339
-0.0020841
-0.0034161
-0.00309089
-0.00279664
-0.0025304
-0.00389957
-0.0038589
-0.00349153
-0.00315914
-0.00285839
-0.00393383
-0.00355933
-0.00322048
-0.00291389
-0.00263649
-0.00376839
-0.00340964
-0.00308504
-0.00279135
-0.00393619
-0.00356147
-0.00322241
-0.00291564
-0.0044276
-0.00400609
-0.00362471
-0.00327964
-0.00296742
-0.00449006
-0.0040626
-0.00367584
-0.0033259
-0.0048169
-0.00471908
-0.00426983
-0.00386334
-0.00349555
-0.00459982
-0.00416192
-0.00376571
-0.00340721
-0.00308284
-0.00421053
-0.00380969
-0.003447
-0.00311885
-0.00421858
-0.00381697
-0.00345359
-0.00312481
-0.00452733
-0.00409633
-0.00370636
-0.00335351
-0.00435095
-0.0042593
-0.0041736
-0.00377627
-0.00341677
-0.00309149
-0.00404718
-0.00366189
-0.00331328
-0.00299785
-0.00420478
-0.00380449
-0.0034423
-0.00311459
-0.00281808
-0.00395747
-0.00385161
-0.00348494
-0.00315317
-0.00285299
-0.00362795
-0.00328257
-0.00297007
-0.00268732
-0.00341665
-0.00309138
-0.00279708
-0.0025308
-0.00228987
-0.0029925
-0.00270762
-0.00244985
-0.00221663
-0.00306131
-0.00276987
-0.00250618
-0.00226759
-0.00299736
-0.00288761
-0.00261271
-0.00236398
-0.00213893
-0.00259193
-0.00234518
-0.00212192
-0.00191991
-0.00173714
-0.00215455
-0.00194943
-0.00176385
-0.00159593
-0.00206665
-0.0018699
-0.00169189
-0.00153082
-0.00138509
-0.00175586
-0.00167464
-0.00151522
-0.00137097
-0.00124045
-0.00141693
-0.00128204
-0.00115999
-0.00104956
-0.00116462
-0.00105375
-0.000953431
-0.000862664
-0.000936049
-0.000846937
-0.000766309
-0.000693356
-0.000627349
-0.000596956
-0.00053088
-0.00048034
-0.000434612
-0.000393237
-0.000268625
-0.000243052
-0.000219913
-0.000198977
-1.29544e-05
-1.17212e-05
-1.06053e-05
-9.59568e-06
-8.68217e-06
0.000311611
0.000281946
0.000255104
0.000230818
0.000648088
0.000688293
0.000622767
0.00056348
0.000509837
0.0004613
0.000870705
0.000787814
0.000712814
0.000644954
0.00125011
0.0011311
0.00102342
0.000925988
0.000837834
0.00153072
0.00155168
0.00140396
0.0012703
0.00114937
0.0017453
0.00157915
0.00142881
0.00129279
0.00116972
0.00202299
0.0018304
0.00165615
0.00149848
0.00135583
0.00227736
0.00206055
0.00186439
0.0016869
0.00265452
0.00263571
0.00238479
0.00215776
0.00195234
0.00176648
0.00255828
0.00231473
0.00209437
0.00189498
0.00296296
0.00268088
0.00242566
0.00219474
0.0019858
0.00309093
0.00306037
0.00276902
0.00250541
0.00226689
0.00312022
0.00282318
0.00255441
0.00231123
0.00318052
0.00287773
0.00260377
0.00235589
0.00323696
0.0029288
0.00264998
0.0023977
0.00356707
0.00322748
0.00292023
0.00264222
0.00239068
0.00357123
0.00351353
0.00317904
0.0028764
0.00260257
0.00348425
0.00315255
0.00285243
0.00258088
0.00346223
0.00313262
0.0028344
0.00256456
0.00232042
0.00321989
0.00291336
0.00263601
0.00238506
0.00354261
0.00320535
0.0029002
0.00262411
0.00373418
0.00364709
0.00329989
0.00298574
0.0027015
0.00244431
0.00327149
0.00296004
0.00267825
0.00242328
0.00219258
0.00327303
0.00296144
0.00267951
0.00242442
0.00343562
0.00335067
0.00303169
0.00274307
0.00248193
0.00319171
0.00288786
0.00261293
0.00236418
0.00304704
0.00275697
0.0024945
0.00225703
0.00204216
0.00292436
0.00264596
0.00239407
0.00216615
0.0029664
0.002684
0.00242848
0.00219729
0.00198811
0.00273061
0.00264773
0.00239567
0.0021676
0.00196125
0.00245103
0.0022177
0.00200657
0.00181555
0.00164271
0.00225848
0.00204347
0.00184893
0.00167291
0.00151365
0.00205723
0.00186138
0.00168418
0.00152384
0.00197967
0.00190082
0.00171987
0.00155613
0.00140799
0.00127395
0.00155592
0.00140779
0.00127377
0.00115251
0.00138987
0.00125756
0.00113784
0.00102952
0.00128679
0.00116429
0.00105345
0.000953161
0.00108427
0.00102791
0.000973485
0.000880809
0.000796956
0.000721086
0.000791953
0.000716559
0.000648343
0.00058662
0.000530774
0.000577764
0.00052276
0.000472994
0.000427965
0.000399585
0.000353879
0.00032019
0.000289708
0.000262128
0.000173203
0.000156714
0.000141795
0.000128296
0.000116083
-1.13001e-05
-1.02243e-05
-9.25096e-06
-8.37027e-06
-0.000224423
-0.000203058
-0.000183726
-0.000166236
-0.00015041
-0.00042942
-0.000388539
-0.00035155
-0.000318083
-0.000654115
-0.000673522
-0.000609403
-0.000551388
-0.000498896
-0.000804924
-0.000728296
-0.000658962
-0.000596229
-0.000933741
-0.000844849
-0.000764419
-0.000691646
-0.000625802
-0.000998123
-0.000903102
-0.000817127
-0.000739336
-0.00125723
-0.00113754
-0.00102925
-0.000931262
-0.0014795
-0.00133865
-0.00121121
-0.0010959
-0.000991572
-0.00157752
-0.00156817
-0.00141888
-0.0012838
-0.00116159
-0.00162866
-0.00147361
-0.00133332
-0.00120639
-0.0016897
-0.00152884
-0.0013833
-0.00125161
-0.00113245
-0.00163982
-0.00148371
-0.00134246
-0.00121466
-0.00188687
-0.00170724
-0.00154471
-0.00139765
-0.0012646
-0.00194864
-0.00176313
-0.00159528
-0.00144341
-0.0021235
-0.00208606
-0.00188747
-0.00170778
-0.0015452
-0.00205974
-0.00186365
-0.00168623
-0.0015257
-0.00204408
-0.00184948
-0.00167341
-0.0015141
-0.00136996
-0.00206618
-0.00186948
-0.0016915
-0.00153047
-0.00203934
-0.00200746
-0.00197796
-0.00178965
-0.00161928
-0.00146512
-0.00196464
-0.00177761
-0.00160838
-0.00145526
-0.0019417
-0.00175685
-0.0015896
-0.00143827
-0.00130134
-0.00193459
-0.00175042
-0.00158378
-0.001433
-0.00202243
-0.00197094
-0.00178331
-0.00161354
-0.00145993
-0.00187052
-0.00169245
-0.00153133
-0.00138555
-0.00125364
-0.00165929
-0.00150132
-0.0013584
-0.00122908
-0.00173112
-0.00156631
-0.0014172
-0.00128228
-0.00173505
-0.00156987
-0.00142042
-0.00128519
-0.00116284
-0.00158015
-0.00152949
-0.00138388
-0.00125214
-0.00113294
-0.00102508
-0.00130651
-0.00118213
-0.00106959
-0.000967768
-0.00130307
-0.00117901
-0.00106677
-0.000965215
-0.00117712
-0.00113562
-0.00109591
-0.000991581
-0.000897183
-0.000811771
-0.000986241
-0.000892351
-0.000807399
-0.000730535
-0.000877329
-0.000793807
-0.000718237
-0.000649861
-0.000587994
-0.000751744
-0.000680178
-0.000615425
-0.000556837
-0.000666742
-0.000629041
-0.000569157
-0.000514973
-0.000465947
-0.000485357
-0.000439151
-0.000397344
-0.000359517
-0.000386669
-0.000349858
-0.000316551
-0.000286416
-0.000259149
-0.000240186
-0.00021186
-0.000191691
-0.000173442
-0.000156931
-9.85212e-05
-8.9142e-05
-8.06557e-05
-7.29772e-05
1.1484e-05
1.03907e-05
9.40152e-06
8.5065e-06
0.000151205
0.00013681
0.000123786
0.000112002
0.000101339
0.000285235
0.000302584
0.000273778
0.000247714
0.000224132
