0
-0.0436674
-0.039511
-0.0357496
-0.0323462
-0.0292669
-0.0264732
-0.0239458
-0.0216661
-0.0196035
-0.0177373
-0.0160487
-0.0144675
-0.0130902
-0.011844
-0.0107164
-0.00961747
-0.00870188
-0.00787347
-0.00712391
-0.00644571
-0.00572454
-0.00517956
-0.00468647
-0.00424032
-0.00372715
-0.00337233
-0.00305128
-0.0027608
-0.00240932
-0.00215758
-0.00192962
-0.00174592
-0.00157971
-0.00142932
-0.00120091
-0.00108659
-0.000983143
-0.000889548
-0.000689756
-0.000624091
-0.000564678
-0.00051092
-0.000462281
-0.00030489
-0.000253321
-0.000229205
-0.000207385
-0.000187642
-7.8648e-05
-7.11607e-05
-6.43862e-05
-5.82566e-05
-5.27106e-05
4.35369e-05
3.93922e-05
3.56421e-05
3.22489e-05
0.00014144
0.000127975
0.000115792
0.000104768
0.000183595
0.000210005
0.000190012
0.000171923
0.000155556
0.000140747
0.000214287
0.000193887
0.000175429
0.000158728
0.00025117
0.000227259
0.000205624
0.000186048
0.000168336
0.000256751
0.000252732
0.000228672
0.000206902
0.000187205
0.000249641
0.000225876
0.000204372
0.000184916
0.000167312
0.000249129
0.000225412
0.000203952
0.000184536
0.000260452
0.000235657
0.000213223
0.000192924
0.000174557
0.00024756
0.000223992
0.000202668
0.000183374
0.000234967
0.000229483
0.000224427
0.000203062
0.00018373
0.000166239
0.000199949
0.000180914
0.000163691
0.000148107
0.000213065
0.000192781
0.000174428
0.000157823
0.000216483
0.000210261
0.000190244
0.000172133
0.000155746
0.000140919
0.000183667
0.000166182
0.000150362
0.000136047
0.00018879
0.000170817
0.000154555
0.000139842
0.000174637
0.000169607
0.000164876
0.00014918
0.000134978
0.000122128
0.000154562
0.000139848
0.000126534
0.000114488
0.000144035
0.000130323
0.000117916
0.000106691
0.000133275
0.000120587
0.000109107
9.87202e-05
8.93221e-05
0.000121864
0.000110262
9.97653e-05
9.02676e-05
8.16741e-05
0.00010998
9.951e-05
9.00367e-05
8.14652e-05
0.000105331
0.000101054
9.14338e-05
8.27293e-05
7.48535e-05
8.81552e-05
7.97628e-05
7.21694e-05
6.52988e-05
7.56966e-05
6.84903e-05
6.197e-05
5.60704e-05
5.07325e-05
5.88928e-05
5.32862e-05
4.82134e-05
4.36235e-05
4.54951e-05
4.16835e-05
3.77152e-05
3.41248e-05
3.08761e-05
2.73555e-05
2.47513e-05
2.23949e-05
2.02629e-05
1.83339e-05
1.22348e-05
1.10701e-05
1.00162e-05
9.06266e-06
-1.85868e-06
-1.68173e-06
-1.52163e-06
-1.37677e-06
-1.2457e-06
-1.57181e-05
-1.76377e-05
-1.59586e-05
-1.44394e-05
-1.30647e-05
-2.69753e-05
-2.44072e-05
-2.20837e-05
-1.99813e-05
-3.54095e-05
-3.20385e-05
-2.89885e-05
-2.62288e-05
-4.30303e-05
-3.89338e-05
-3.52273e-05
-3.18737e-05
-2.88393e-05
-5.44447e-05
-4.92615e-05
-4.45718e-05
-4.03286e-05
-6.86177e-05
-6.20853e-05
-5.61748e-05
-5.08269e-05
-7.43586e-05
-7.46869e-05
-7.50291e-05
-6.78863e-05
-6.14235e-05
-5.5576e-05
-8.17696e-05
-7.39852e-05
-6.69418e-05
-6.05689e-05
-8.90362e-05
-8.056e-05
-7.28907e-05
-6.59515e-05
-5.96729e-05
-0.0001002
-9.06606e-05
-8.20297e-05
-7.42205e-05
-0.000116183
-0.000105122
-9.51146e-05
-8.60597e-05
-0.000120102
-0.000119499
-0.000119135
-0.000107794
-9.75317e-05
-8.82467e-05
-0.000124582
-0.000112722
-0.000101991
-9.2281e-05
-8.34959e-05
-0.000121612
-0.000110034
-9.9559e-05
-9.0081e-05
-0.000140938
-0.000127521
-0.000115381
-0.000104396
-0.000154783
-0.000152455
-0.000137941
-0.000124809
-0.000112927
-0.000152103
-0.000137622
-0.000124521
-0.000112666
-0.000101941
-0.000143038
-0.000129421
-0.0001171
-0.000105952
-0.000159323
-0.000144155
-0.000130432
-0.000118015
-0.00010678
-0.000161095
-0.000145759
-0.000131882
-0.000119327
-0.000107967
-0.000162834
-0.000147332
-0.000133306
-0.000120615
-0.000174738
-0.000171278
-0.000154972
-0.000140219
-0.00012687
-0.000166717
-0.000150846
-0.000136485
-0.000123492
-0.000111735
-0.000152583
-0.000138057
-0.000124914
-0.000113022
-0.000153146
-0.000138566
-0.000125375
-0.000113439
-0.000164955
-0.000149251
-0.000135042
-0.000122186
-0.000160248
-0.000157337
-0.000154684
-0.000139958
-0.000126634
-0.000114578
-0.000152568
-0.000138044
-0.000124902
-0.000113011
-0.000150546
-0.000136214
-0.000123246
-0.000111513
-0.000147931
-0.000133848
-0.000121106
-0.000109577
-9.91448e-05
-0.000146081
-0.000132174
-0.000119591
-0.000108206
-0.000152268
-0.000137772
-0.000124656
-0.000112789
-0.000144306
-0.000140884
-0.000137719
-0.000124608
-0.000112746
-0.000102012
-0.000133314
-0.000120622
-0.000109139
-9.8749e-05
-0.000140374
-0.00012701
-0.000114919
-0.000103978
-9.40797e-05
-0.00013424
-0.000131053
-0.000118576
-0.000107288
-9.7074e-05
-0.000125421
-0.000113481
-0.000102677
-9.29024e-05
-0.000119372
-0.000108008
-9.77258e-05
-8.84223e-05
-8.00045e-05
-0.000105658
-9.55996e-05
-8.64985e-05
-7.82639e-05
-0.000108831
-9.84701e-05
-8.90958e-05
-8.06138e-05
-0.000106571
-9.64256e-05
-8.72459e-05
-7.894e-05
-7.1425e-05
-9.41001e-05
-9.06623e-05
-8.20313e-05
-7.42219e-05
-6.7156e-05
-8.18817e-05
-7.40866e-05
-6.70335e-05
-6.06519e-05
-5.48779e-05
-6.84748e-05
-6.1956e-05
-5.60578e-05
-5.07211e-05
-6.6528e-05
-6.01945e-05
-5.4464e-05
-4.9279e-05
-4.45876e-05
-5.79027e-05
-5.23903e-05
-4.74028e-05
-4.289e-05
-5.08606e-05
-4.78864e-05
-4.33276e-05
-3.92028e-05
-3.54707e-05
-3.83887e-05
-3.47341e-05
-3.14274e-05
-2.84355e-05
-2.57285e-05
-2.75464e-05
-2.4924e-05
-2.25512e-05
-2.04044e-05
-2.08964e-05
-1.8907e-05
-1.71071e-05
-1.54785e-05
-1.3758e-05
-1.24482e-05
-1.12631e-05
-1.01909e-05
-9.22071e-06
-4.89212e-06
-3.50389e-06
-3.17032e-06
-2.8685e-06
-2.59542e-06
2.04104e-06
1.84674e-06
1.67093e-06
1.51186e-06
1.36793e-06
9.28397e-06
8.40014e-06
7.60045e-06
6.87688e-06
1.67567e-05
1.76579e-05
1.59769e-05
1.44559e-05
1.30797e-05
2.28476e-05
2.06725e-05
1.87045e-05
1.69238e-05
2.85163e-05
2.58016e-05
2.33452e-05
2.11228e-05
1.91119e-05
3.61594e-05
3.27171e-05
2.96024e-05
2.67843e-05
4.5465e-05
4.57114e-05
4.13597e-05
3.74223e-05
3.38597e-05
4.95362e-05
4.48204e-05
4.05535e-05
3.66928e-05
3.31996e-05
4.98678e-05
4.51204e-05
4.08249e-05
3.69384e-05
5.47544e-05
4.95418e-05
4.48254e-05
4.05581e-05
6.5619e-05
5.93721e-05
5.37198e-05
4.86057e-05
6.86403e-05
6.85704e-05
6.85865e-05
6.20571e-05
5.61493e-05
5.08039e-05
7.36211e-05
6.66124e-05
6.02709e-05
5.45331e-05
4.93416e-05
8.24444e-05
7.45957e-05
6.74942e-05
6.10687e-05
9.50878e-05
9.43292e-05
8.5349e-05
7.72238e-05
6.98721e-05
9.76944e-05
8.83939e-05
7.99788e-05
7.23648e-05
0.000102449
9.26961e-05
8.38714e-05
7.58869e-05
6.86624e-05
0.000100604
9.10261e-05
8.23604e-05
7.45197e-05
0.000118537
0.000107252
9.70417e-05
8.78033e-05
0.000134884
0.000133721
0.000120991
0.000109472
9.90505e-05
0.000125666
0.000113702
0.000102878
9.30838e-05
0.000148687
0.000134532
0.000121724
0.000110136
9.96513e-05
0.000158994
0.000143858
0.000130162
0.000117771
0.000164694
0.000163966
0.000163494
0.00014793
0.000133847
0.000121105
0.000171966
0.000155595
0.000140782
0.00012738
0.000180111
0.000162965
0.000147451
0.000133413
0.000120712
0.000192774
0.000174422
0.000157817
0.000142792
0.000215092
0.000212017
0.000191833
0.00017357
0.000157046
0.000212882
0.000192616
0.000174279
0.000157687
0.000142676
0.000219379
0.000198494
0.000179598
0.0001625
0.000220025
0.000235749
0.000213306
0.000192999
0.000174626
0.000158001
0.000216919
0.000196269
0.000177584
0.000160678
0.000220415
0.000199432
0.000180446
0.000163268
0.000223445
0.000202173
0.000182927
0.000165512
0.00024543
0.000222065
0.000200924
0.000181796
0.000164489
0.000247256
0.000243712
0.000220511
0.000199518
0.000180524
0.000244476
0.000221202
0.000200144
0.00018109
0.00016385
0.000251203
0.000227288
0.000205651
0.000186073
0.000272281
0.000267284
0.000241839
0.000218816
0.000197985
0.000262864
0.00023784
0.000215197
0.000194711
0.000261327
0.000236449
0.000213939
0.000193572
0.000175144
0.000243685
0.000220486
0.000199496
0.000180504
0.000269551
0.000243889
0.000220671
0.000199663
0.000287374
0.000281475
0.000254679
0.000230433
0.000208496
0.000188647
0.000256446
0.000232033
0.000209943
0.000189957
0.000257102
0.000232626
0.00021048
0.000190442
0.000278092
0.000251617
0.000227663
0.00020599
0.000270207
0.00026536
0.000260997
0.00023615
0.000213669
0.000193327
0.000257544
0.000233026
0.000210842
0.00019077
0.000252778
0.000228714
0.00020694
0.000187239
0.000169414
0.000250254
0.000226429
0.000204873
0.000185369
0.000167722
0.000246133
0.000222701
0.0002015
0.000182317
0.000255583
0.000231251
0.000209236
0.000189317
0.000241164
0.000235274
0.000229831
0.000207951
0.000188154
0.000170242
0.000220165
0.000199205
0.000180241
0.000163082
0.000147557
0.000212617
0.000192376
0.000174062
0.000157491
0.000217246
0.000211035
0.000190944
0.000172766
0.000156319
0.000141437
0.000183619
0.000166138
0.000150322
0.000136011
0.000187989
0.000170092
0.000153899
0.000139248
0.00017464
0.000169661
0.000165107
0.000149389
0.000135167
0.000122299
0.000155625
0.000140809
0.000127404
0.000115275
0.000156348
0.000141464
0.000127996
0.000115811
0.000104786
0.000141928
0.000137399
0.000124319
0.000112483
0.000101775
9.2086e-05
0.00011768
0.000106477
9.63401e-05
8.71685e-05
0.000118894
0.000107575
9.73341e-05
8.80679e-05
0.000109758
0.000106674
0.000103822
9.39383e-05
8.49954e-05
7.69038e-05
9.74916e-05
8.82104e-05
7.98128e-05
7.22146e-05
9.17989e-05
8.30597e-05
7.51524e-05
6.79979e-05
9.41662e-05
8.52016e-05
7.70904e-05
6.97514e-05
6.3111e-05
8.7975e-05
8.54462e-05
7.73117e-05
6.99516e-05
6.32922e-05
7.95096e-05
7.19402e-05
6.50915e-05
5.88948e-05
7.43616e-05
6.72824e-05
6.08771e-05
5.50816e-05
6.94738e-05
6.28599e-05
5.68756e-05
5.14611e-05
4.6562e-05
6.5593e-05
5.93486e-05
5.36986e-05
4.85865e-05
6.43623e-05
6.2058e-05
5.61501e-05
5.08046e-05
4.5968e-05
4.15919e-05
5.19061e-05
4.69646e-05
4.24936e-05
3.84482e-05
5.15752e-05
4.66653e-05
4.22227e-05
3.82031e-05
4.65052e-05
4.47961e-05
4.32111e-05
3.90974e-05
3.53753e-05
3.20076e-05
3.87734e-05
3.50822e-05
3.17424e-05
2.87205e-05
2.59863e-05
3.41186e-05
3.08705e-05
2.79316e-05
2.52725e-05
3.21672e-05
3.09413e-05
2.79956e-05
2.53305e-05
2.2919e-05
2.07371e-05
2.609e-05
2.36063e-05
2.13589e-05
1.93256e-05
2.62823e-05
2.37803e-05
2.15164e-05
1.9468e-05
2.4083e-05
2.32857e-05
2.24352e-05
2.02994e-05
1.83669e-05
1.66184e-05
2.12976e-05
1.92701e-05
1.74355e-05
1.57757e-05
2.0439e-05
1.84932e-05
1.67326e-05
1.51397e-05
1.89158e-05
1.7115e-05
1.54857e-05
1.40114e-05
1.26775e-05
1.55799e-05
1.40967e-05
1.27547e-05
1.15404e-05
1.04418e-05
1.39138e-05
1.3444e-05
1.21641e-05
1.10061e-05
9.95831e-06
1.33937e-05
1.21186e-05
1.09649e-05
9.92105e-06
1.31529e-05
1.19007e-05
1.07678e-05
9.74269e-06
8.81519e-06
1.12251e-05
1.01565e-05
9.18958e-06
8.31473e-06
1.08058e-05
1.0356e-05
9.37011e-06
8.47808e-06
7.67096e-06
1.01239e-05
9.16013e-06
8.28808e-06
7.49906e-06
6.78515e-06
1.13698e-05
1.02874e-05
9.30802e-06
8.4219e-06
1.25381e-05
1.25333e-05
1.24231e-05
1.12405e-05
1.01704e-05
9.20215e-06
1.36313e-05
1.23336e-05
1.11595e-05
1.00971e-05
1.44525e-05
1.30766e-05
1.18318e-05
1.07054e-05
1.43208e-05
1.29574e-05
1.17239e-05
1.06078e-05
1.26461e-05
1.23489e-05
1.20401e-05
1.08939e-05
9.85679e-06
8.91843e-06
1.22415e-05
1.10761e-05
1.00217e-05
9.06759e-06
1.31072e-05
1.18594e-05
1.07304e-05
9.70888e-06
8.78459e-06
1.35556e-05
1.22651e-05
1.10974e-05
1.0041e-05
1.49744e-05
1.35488e-05
1.22589e-05
1.10919e-05
1.00359e-05
1.3892e-05
1.34954e-05
1.22106e-05
1.10482e-05
9.99638e-06
1.26002e-05
1.14006e-05
1.03153e-05
9.33328e-06
1.21156e-05
1.09622e-05
9.91863e-06
8.97437e-06
8.12001e-06
1.14035e-05
1.03179e-05
9.33563e-06
8.44688e-06
7.64274e-06
1.13121e-05
1.02352e-05
9.26084e-06
8.37921e-06
1.02534e-05
9.68814e-06
8.76582e-06
7.93132e-06
7.17626e-06
8.81687e-06
7.9775e-06
7.21804e-06
6.53089e-06
5.90915e-06
7.49797e-06
6.78417e-06
6.13831e-06
5.55395e-06
5.2158e-06
4.66653e-06
4.03823e-06
3.65379e-06
3.30595e-06
2.46584e-06
2.23109e-06
2.01869e-06
1.82651e-06
1.65263e-06
-4.05633e-07
-3.67016e-07
-3.32076e-07
-3.00463e-07
-4.42481e-06
-4.00357e-06
-3.62243e-06
-3.27757e-06
-1.32896e-05
-1.20245e-05
-1.08797e-05
-9.84398e-06
-1.88434e-05
-1.96014e-05
-2.04131e-05
-1.84698e-05
-1.67114e-05
-1.51205e-05
-2.41525e-05
-2.18532e-05
-1.97728e-05
-1.78904e-05
-2.70936e-05
-2.45143e-05
-2.21805e-05
-2.00689e-05
-3.35073e-05
-3.03174e-05
-2.74312e-05
-2.48197e-05
-2.24569e-05
-3.9419e-05
-3.97111e-05
-3.59306e-05
-3.251e-05
-2.9415e-05
-2.66147e-05
-4.0342e-05
-3.65014e-05
-3.30265e-05
-2.98824e-05
-4.57723e-05
-4.14148e-05
-3.74721e-05
-3.39048e-05
-4.61085e-05
-4.5531e-05
-4.51e-05
-4.08065e-05
-3.69217e-05
-3.34068e-05
-4.43955e-05
-4.0169e-05
-3.63449e-05
-3.28849e-05
-4.08222e-05
-3.69359e-05
-3.34196e-05
-3.02381e-05
-2.73594e-05
-3.81287e-05
-3.44989e-05
-3.12146e-05
-2.8243e-05
-3.97642e-05
-3.88854e-05
-3.51835e-05
-3.18341e-05
-2.88035e-05
-2.60614e-05
-3.39502e-05
-3.07181e-05
-2.77938e-05
-2.51478e-05
-3.33273e-05
-3.01546e-05
-2.72838e-05
-2.46864e-05
-2.8801e-05
-2.97282e-05
-2.68981e-05
-2.43374e-05
-2.20205e-05
-1.99241e-05
-2.54726e-05
-2.30476e-05
-2.08535e-05
-1.88683e-05
-2.56906e-05
-2.32448e-05
-2.10319e-05
-1.90297e-05
-1.7218e-05
-2.61209e-05
-2.36342e-05
-2.13842e-05
-1.93484e-05
-2.83383e-05
-2.56405e-05
-2.31995e-05
-2.09909e-05
-1.89926e-05
-3.04147e-05
-3.05023e-05
-2.75985e-05
-2.49711e-05
-2.25939e-05
-3.13475e-05
-2.83632e-05
-2.5663e-05
-2.32199e-05
-3.21239e-05
-2.90657e-05
-2.62987e-05
-2.3795e-05
-2.15297e-05
-3.63738e-05
-3.2911e-05
-2.97779e-05
-2.6943e-05
-4.18206e-05
-4.12714e-05
-3.73424e-05
-3.37874e-05
-3.05708e-05
-4.15939e-05
-3.76341e-05
-3.40514e-05
-3.08097e-05
-4.14759e-05
-3.75274e-05
-3.39548e-05
-3.07223e-05
-2.77975e-05
-4.24994e-05
-3.84535e-05
-3.47927e-05
-3.14804e-05
-4.77587e-05
-4.73553e-05
-4.2847e-05
-3.8768e-05
-3.50773e-05
-4.72081e-05
-4.27139e-05
-3.86475e-05
-3.49683e-05
-4.55407e-05
-4.12053e-05
-3.72825e-05
-3.37332e-05
-3.05218e-05
-4.60543e-05
-4.16699e-05
-3.7703e-05
-3.41136e-05
-5.0178e-05
-4.94849e-05
-4.4774e-05
-4.05115e-05
-3.66548e-05
-4.82202e-05
-4.36297e-05
-3.94761e-05
-3.5718e-05
-3.23176e-05
-4.42424e-05
-4.00306e-05
-3.62197e-05
-3.27715e-05
-4.83027e-05
-4.37043e-05
-3.95437e-05
-3.57791e-05
-5.07302e-05
-4.59006e-05
-4.54157e-05
-4.10921e-05
-3.71802e-05
-3.36406e-05
-4.51125e-05
-4.08178e-05
-3.6932e-05
-3.3416e-05
-4.36842e-05
-3.95255e-05
-3.57626e-05
-3.2358e-05
-4.69834e-05
-4.25106e-05
-3.84636e-05
-3.48018e-05
-3.14887e-05
-4.60834e-05
-4.54239e-05
-4.10996e-05
-3.71869e-05
-3.36467e-05
-4.40547e-05
-3.98607e-05
-3.6066e-05
-3.26325e-05
-4.18949e-05
-3.79065e-05
-3.42978e-05
-3.10327e-05
-2.80784e-05
-4.15688e-05
-3.76114e-05
-3.40308e-05
-3.07911e-05
-4.30684e-05
-4.20206e-05
-3.80203e-05
-3.44007e-05
-3.11258e-05
-3.89208e-05
-3.52156e-05
-3.1863e-05
-2.88297e-05
-2.60851e-05
-3.28247e-05
-2.96998e-05
-2.68724e-05
-2.43141e-05
-3.44883e-05
-3.1205e-05
-2.82343e-05
-2.55464e-05
-3.30998e-05
-3.2502e-05
-3.21512e-05
-2.90904e-05
-2.6321e-05
-2.38153e-05
-3.12573e-05
-2.82816e-05
-2.55892e-05
-2.31531e-05
-3.04371e-05
-2.75395e-05
-2.49177e-05
-2.25456e-05
-2.03992e-05
-2.9145e-05
-2.63704e-05
-2.386e-05
-2.15885e-05
-3.09771e-05
-2.80281e-05
-2.53598e-05
-2.29455e-05
-2.07611e-05
-2.99954e-05
-2.71398e-05
-2.45561e-05
-2.22184e-05
-2.01032e-05
-2.90368e-05
-2.89121e-05
-2.61596e-05
-2.36692e-05
-3.5393e-05
-3.20236e-05
-2.89749e-05
-2.62165e-05
-2.37207e-05
-3.63743e-05
-3.29114e-05
-2.97783e-05
-2.69434e-05
-3.95756e-05
-3.5808e-05
-3.2399e-05
-2.93147e-05
-2.65239e-05
-4.51455e-05
-4.08476e-05
-3.69589e-05
-3.34404e-05
-5.10477e-05
-4.6188e-05
-4.17909e-05
-3.78124e-05
-3.42126e-05
-5.08342e-05
-4.96154e-05
-4.4892e-05
-4.06183e-05
-3.67514e-05
-4.84949e-05
-4.38782e-05
-3.9701e-05
-3.59215e-05
-4.77744e-05
-4.32263e-05
-3.91112e-05
-3.53878e-05
-3.20189e-05
-4.59321e-05
-4.15594e-05
-3.76029e-05
-3.40231e-05
-4.61925e-05
-4.1795e-05
-3.78161e-05
-3.4216e-05
-4.17352e-05
-4.02461e-05
-3.90215e-05
-3.53067e-05
-3.19455e-05
-2.89043e-05
-3.52159e-05
-3.18633e-05
-2.88299e-05
-2.60853e-05
-3.23489e-05
-2.92693e-05
-2.64828e-05
-2.39617e-05
-2.16805e-05
-3.00618e-05
-2.71999e-05
-2.46105e-05
-2.22675e-05
-2.98452e-05
-2.89267e-05
-2.61729e-05
-2.36812e-05
-2.14268e-05
-2.98694e-05
-2.70258e-05
-2.4453e-05
-2.21251e-05
-3.28638e-05
-2.97351e-05
-2.69044e-05
-2.43431e-05
-2.20256e-05
-3.85734e-05
-3.49013e-05
-3.15787e-05
-2.85724e-05
-4.09225e-05
-4.08106e-05
-4.08818e-05
-3.69899e-05
-3.34685e-05
-3.02823e-05
-4.14676e-05
-3.75199e-05
-3.3948e-05
-3.07161e-05
-4.31628e-05
-3.90537e-05
-3.53358e-05
-3.19718e-05
-2.89281e-05
-4.119e-05
-4.03667e-05
-3.65238e-05
-3.30467e-05
-2.99007e-05
-3.73384e-05
-3.37838e-05
-3.05676e-05
-2.76575e-05
-3.40405e-05
-3.07999e-05
-2.78677e-05
-2.52147e-05
-2.28143e-05
-3.28467e-05
-2.97197e-05
-2.68904e-05
-2.43304e-05
-3.30348e-05
-3.2215e-05
-2.91481e-05
-2.63732e-05
-2.38625e-05
-2.78371e-05
-2.5187e-05
-2.27892e-05
-2.06197e-05
-1.86567e-05
-2.10393e-05
-1.90364e-05
-1.72241e-05
-1.55844e-05
-1.6613e-05
-1.50315e-05
-1.36005e-05
-1.23057e-05
-1.55904e-05
-1.41062e-05
-1.27633e-05
-1.15482e-05
-1.35763e-05
-1.28954e-05
-1.23768e-05
-1.11985e-05
-1.01324e-05
-9.16781e-06
-1.05455e-05
-9.54154e-06
-8.63319e-06
-7.81131e-06
-7.06767e-06
-7.91801e-06
-7.16422e-06
-6.48218e-06
-5.86508e-06
-5.31732e-06
-4.53457e-06
-4.10288e-06
-3.71229e-06
-3.35888e-06
-1.25322e-07
-1.13391e-07
-1.02596e-07
-9.28292e-08
2.71446e-06
2.45604e-06
2.22223e-06
2.01067e-06
1.81925e-06
4.31954e-06
3.90832e-06
3.53624e-06
3.19959e-06
7.42896e-06
6.72173e-06
6.08182e-06
5.50283e-06
1.02206e-05
1.06029e-05
9.59347e-06
8.68017e-06
7.85382e-06
1.36631e-05
1.23624e-05
1.11855e-05
1.01206e-05
9.15714e-06
1.66127e-05
1.50311e-05
1.36002e-05
1.23054e-05
2.2154e-05
2.0045e-05
1.81367e-05
1.64101e-05
2.26549e-05
2.20696e-05
2.17992e-05
1.97239e-05
1.78462e-05
1.61472e-05
2.22144e-05
2.00996e-05
1.81861e-05
1.64548e-05
2.31783e-05
2.09717e-05
1.89752e-05
1.71688e-05
1.55343e-05
2.54984e-05
2.3071e-05
2.08746e-05
1.88874e-05
2.69913e-05
2.6452e-05
2.39337e-05
2.16552e-05
1.95937e-05
1.77283e-05
2.37719e-05
2.15088e-05
1.94612e-05
1.76085e-05
2.40562e-05
2.17661e-05
1.96939e-05
1.78191e-05
2.56113e-05
2.31731e-05
2.0967e-05
1.8971e-05
1.71649e-05
2.20398e-05
1.99416e-05
1.80432e-05
1.63255e-05
2.05651e-05
1.96265e-05
1.77581e-05
1.60675e-05
1.45379e-05
1.74878e-05
1.5823e-05
1.43167e-05
1.29537e-05
1.17205e-05
1.58069e-05
1.43021e-05
1.29405e-05
1.17086e-05
1.80542e-05
1.63355e-05
1.47803e-05
1.33732e-05
1.21001e-05
1.69067e-05
1.52972e-05
1.38409e-05
1.25233e-05
1.63989e-05
1.573e-05
1.54011e-05
1.39349e-05
1.26083e-05
1.1408e-05
1.56428e-05
1.41536e-05
1.28062e-05
1.1587e-05
1.46333e-05
1.32402e-05
1.19797e-05
1.08393e-05
1.21845e-05
1.10246e-05
9.97502e-06
9.0254e-06
1.00877e-05
9.12738e-06
8.25845e-06
7.47225e-06
6.76089e-06
8.27513e-06
7.57882e-06
6.85731e-06
6.2045e-06
5.61383e-06
4.44587e-06
4.02263e-06
3.63967e-06
3.29318e-06
2.97966e-06
1.02042e-06
9.23277e-07
8.35381e-07
7.55853e-07
-1.52374e-06
-1.93981e-06
-1.75514e-06
-1.58805e-06
-1.43687e-06
-2.66746e-06
-2.41352e-06
-2.18375e-06
-1.97586e-06
-1.78776e-06
-1.97407e-06
-1.78614e-06
-1.6161e-06
-1.46224e-06
-2.65012e-06
-2.39783e-06
-2.16955e-06
-1.96301e-06
-3.59773e-06
-3.25523e-06
-2.94533e-06
-2.66494e-06
-4.15533e-06
-4.1582e-06
-3.76234e-06
-3.40417e-06
-3.08009e-06
-2.78686e-06
-2.67921e-06
-2.42415e-06
-2.19337e-06
-1.98456e-06
-3.90483e-06
-3.53309e-06
-3.19674e-06
-2.89241e-06
-5.28559e-06
-4.7824e-06
-4.32712e-06
-3.91518e-06
-5.75189e-06
-5.66247e-06
-5.22588e-06
-4.72837e-06
-4.27823e-06
-3.87094e-06
-3.56627e-06
-3.22676e-06
-2.91958e-06
-2.64163e-06
-4.13851e-06
-3.74453e-06
-3.38805e-06
-3.0655e-06
-5.24741e-06
-4.74785e-06
-4.29586e-06
-3.88689e-06
-6.10097e-06
-5.52016e-06
-4.99464e-06
-4.51915e-06
-4.08893e-06
-3.82436e-10
8.28229e-07
7.49382e-07
6.78041e-07
6.13491e-07
3.95178e-06
3.57557e-06
3.23517e-06
2.92718e-06
6.93623e-06
6.2759e-06
5.67843e-06
5.13785e-06
4.64872e-06
8.1727e-06
8.18127e-06
7.40241e-06
6.6977e-06
6.06008e-06
9.71696e-06
8.7919e-06
7.95492e-06
7.19761e-06
1.18785e-05
1.07477e-05
9.72451e-06
8.79874e-06
1.14076e-05
1.03216e-05
9.33897e-06
8.4499e-06
7.64547e-06
9.76654e-06
8.83676e-06
7.9955e-06
7.23433e-06
9.11185e-06
8.2444e-06
7.45954e-06
6.74939e-06
8.77913e-06
8.11846e-06
7.16112e-06
6.47938e-06
5.86254e-06
5.30443e-06
3.77169e-06
3.41263e-06
3.08775e-06
2.79379e-06
9.74693e-07
8.81903e-07
7.97945e-07
7.21981e-07
6.53248e-07
-9.41055e-07
-8.51466e-07
-7.70407e-07
-6.97064e-07
-1.73041e-06
-1.71508e-06
-1.55181e-06
-1.40408e-06
-1.27041e-06
-2.72327e-06
-2.46402e-06
-2.22944e-06
-2.0172e-06
-1.82516e-06
-3.45259e-06
-3.1239e-06
-2.8265e-06
-2.55742e-06
-3.15495e-06
-2.8546e-06
-2.58284e-06
-2.33695e-06
-3.20197e-07
-2.89714e-07
4.44315e-07
4.02016e-07
3.63744e-07
3.29115e-07
1.49978e-06
1.357e-06
1.22782e-06
1.11093e-06
1.28335e-06
1.16117e-06
1.05063e-06
9.5061e-07
2.14425e-06
1.94011e-06
1.75541e-06
1.5883e-06
3.10352e-06
2.80807e-06
2.54074e-06
2.29886e-06
2.08001e-06
6.91325e-06
8.09707e-06
7.32622e-06
6.62877e-06
5.99771e-06
1.4177e-05
1.28274e-05
1.16062e-05
1.05013e-05
9.50158e-06
2.30026e-05
2.08128e-05
1.88314e-05
1.70387e-05
3.42796e-05
3.54778e-05
3.21003e-05
2.90444e-05
2.62794e-05
4.22166e-05
3.81976e-05
3.45612e-05
3.1271e-05
2.8294e-05
4.82244e-05
4.36335e-05
3.94796e-05
3.57211e-05
3.23205e-05
6.49525e-05
5.8769e-05
5.31742e-05
4.8112e-05
8.34102e-05
7.54696e-05
6.82849e-05
6.17842e-05
9.14424e-05
9.25465e-05
9.37893e-05
8.48606e-05
7.67818e-05
6.94722e-05
0.000105883
9.58027e-05
8.66823e-05
7.84301e-05
0.000117653
0.000106452
9.63181e-05
8.71486e-05
0.000128066
0.000115874
0.000104843
9.48615e-05
0.000148475
0.00013434
0.000121551
0.000109979
9.95093e-05
0.000159901
0.000159956
0.000144729
0.00013095
0.000118484
0.000171117
0.000154827
0.000140087
0.000126751
0.000114684
0.000193989
0.000175522
0.000158812
0.000143693
0.000234116
0.000234121
0.000211832
0.000191666
0.000173419
0.00015691
0.000239864
0.000217029
0.000196368
0.000177674
0.000305152
0.000276102
0.000249817
0.000226034
0.000204516
0.000346973
0.0003489
0.000315685
0.000285632
0.000258439
0.000382546
0.000346128
0.000313176
0.000283362
0.000420574
0.000380535
0.000344308
0.00031153
0.000459607
0.000415852
0.000376263
0.000340443
0.000308033
0.000516557
0.00046738
0.000422886
0.000382627
0.000600729
0.000596505
0.000539718
0.000488337
0.000441847
0.000617691
0.000558887
0.000505681
0.00045754
0.000413982
0.000605303
0.000547678
0.000495539
0.000448364
0.000705227
0.000638089
0.000577343
0.00052238
0.000472649
0.000798487
0.000722471
0.000653692
0.00059146
0.000535153
0.000740865
0.000670335
0.000606519
0.000548779
0.000760471
0.000688074
0.000622569
0.000563301
0.000777304
0.000703305
0.00063635
0.000575769
0.000859058
0.000777276
0.000703279
0.000636327
0.000575749
0.000860882
0.000846994
0.00076636
0.000693403
0.000627391
0.00084246
0.000762258
0.000689691
0.000624032
0.000843224
0.000762949
0.000690316
0.000624598
0.000914647
0.000827572
0.000748787
0.000677503
0.000613004
0.000899991
0.000883051
0.000798984
0.000722921
0.000654099
0.000866971
0.000784435
0.000709757
0.000642188
0.000581052
0.000799483
0.000723372
0.000654507
0.000592198
0.000871017
0.000788096
0.000713069
0.000645185
0.000844961
0.000892456
0.000807495
0.000730621
0.000661066
0.000787542
0.000712568
0.000644731
0.000583353
0.000527818
0.000784471
0.000709789
0.000642217
0.000581078
0.00052576
0.000766543
0.000693568
0.000627541
0.000567799
0.000788863
0.000713763
0.000645813
0.000584332
0.000528703
0.000737998
0.000717672
0.00064935
0.000587532
0.000531599
0.000674045
0.000609876
0.000551816
0.000499283
0.000633566
0.00057325
0.000518677
0.000469299
0.000424622
0.000593192
0.00053672
0.000485625
0.000439393
0.000586723
0.000566461
0.000512534
0.00046374
0.000419592
0.000514944
0.000465921
0.000421566
0.000381433
0.000467869
0.000423328
0.000383027
0.000346563
0.00031357
0.000393739
0.000356255
0.00032234
0.000291653
0.000383205
0.000346723
0.000313715
0.00028385
0.000256827
0.000334863
0.000302984
0.00027414
0.000248042
0.000312356
0.000298816
0.000270368
0.000244629
0.000221341
0.000261151
0.000236289
0.000213795
0.000193441
0.000175026
0.000212955
0.000192681
0.000174338
0.000157741
0.000142724
0.00018998
0.000171894
0.000155529
0.000140723
0.000181455
0.000164181
0.000148551
0.000134409
0.000169648
0.000162523
0.00014705
0.000133051
0.000120385
0.000144028
0.000130316
0.00011791
0.000106685
9.65287e-05
0.000119862
0.000108451
9.81266e-05
8.8785e-05
0.000119163
0.000107819
9.75544e-05
8.82672e-05
7.98642e-05
0.000110163
0.000107243
9.70339e-05
8.77962e-05
7.9438e-05
0.000103359
9.35194e-05
8.46163e-05
7.65609e-05
0.000102009
9.22976e-05
8.35109e-05
7.55606e-05
6.83673e-05
0.000105588
9.55356e-05
8.64406e-05
7.82114e-05
0.000117134
0.000116035
0.000104988
9.49932e-05
8.59499e-05
0.000121363
0.000109809
9.93555e-05
8.98969e-05
8.13387e-05
0.000123592
0.000111826
0.00010118
9.15478e-05
0.00015503
0.000140272
0.000126918
0.000114835
0.000103903
0.000177017
0.000160165
0.000144917
0.000131121
0.000214809
0.000194359
0.000196644
0.000177923
0.000160985
0.000145659
0.000222385
0.000201214
0.000182058
0.000164726
0.000250392
0.000226554
0.000204986
0.000185472
0.000309199
0.000279764
0.00025313
0.000229032
0.000207228
0.000346939
0.000348235
0.000315083
0.000285087
0.000257947
0.000379654
0.000343511
0.000310809
0.00028122
0.000254448
0.000433835
0.000392534
0.000355165
0.000321353
0.000514229
0.000512113
0.00046336
0.000419248
0.000379335
0.00053839
0.000487135
0.00044076
0.0003988
0.000360834
0.000534152
0.000483301
0.000437291
0.00039566
0.000576302
0.000521438
0.000471797
0.000426882
0.00066948
0.000605746
0.000548079
0.000495902
0.000681814
0.000676181
0.000671414
0.000607495
0.000549662
0.000497334
0.00069144
0.000625615
0.000566057
0.000512168
0.00070858
0.000641123
0.000580088
0.000524864
0.000788061
0.000713037
0.000645156
0.000583737
0.000528165
0.000795825
0.000784281
0.000709617
0.000642062
0.000580937
0.000720028
0.000651481
0.00058946
0.000533344
0.000482569
0.000766539
0.000693565
0.000627537
0.000567796
0.000846895
0.000766271
0.000693322
0.000627318
0.000904021
0.000885575
0.000801268
0.000724988
0.000655969
0.000593521
0.000807569
0.000730688
0.000661127
0.000598187
0.000881882
0.000797927
0.000721964
0.000653233
0.000862074
0.000847327
0.000833866
0.000754482
0.000682655
0.000617666
0.000825695
0.000747089
0.000675966
0.000611614
0.000553388
0.000826884
0.000748165
0.00067694
0.000612495
0.000871978
0.000788965
0.000713856
0.000645897
0.000584407
0.000837009
0.000817944
0.000740076
0.00066962
0.000605872
0.000786375
0.000711512
0.000643776
0.000582489
0.000757966
0.000685808
0.000620519
0.000561445
0.000507996
0.000680644
0.000615846
0.000557218
0.000504171
0.00071715
0.000648878
0.000587104
0.000531212
0.000480641
0.000678299
0.000613725
0.000555298
0.000502434
0.000681543
0.0006599
0.000597077
0.000540236
0.000488805
0.000608268
0.000550361
0.000497967
0.00045056
0.000407667
0.000523559
0.000473716
0.000428618
0.000387814
0.000493929
0.000446907
0.000404362
0.000365866
0.000492943
0.000446015
0.000403554
0.000365136
0.000330375
0.000443408
0.000401195
0.000363002
0.000328444
0.000425375
0.000408626
0.000369725
0.000334527
0.00030268
0.000363658
0.000329038
0.000297713
0.000269371
0.000243727
0.000302505
0.000273706
0.000247649
0.000224073
0.000293798
0.000265828
0.000240521
0.000217624
0.000262541
0.000252822
0.000243849
0.000220634
0.00019963
0.000180625
0.000221265
0.0002002
0.000181141
0.000163897
0.000201484
0.000182303
0.000164947
0.000149244
0.00019493
0.000176373
0.000159582
0.00014439
0.000130644
0.000173382
0.000167546
0.000151596
0.000137164
0.000124106
0.000154853
0.000140111
0.000126772
0.000114704
0.000103784
0.000137097
0.000124046
0.000112237
0.000101552
0.000147007
0.000133012
0.000120349
0.000108892
9.85254e-05
0.000144241
0.00013051
0.000118085
0.000106843
0.000155064
0.000152481
0.000137965
0.000124831
0.000112947
0.000152367
0.000137861
0.000124737
0.000112862
0.000102118
0.000146813
0.000132836
0.00012019
0.000108748
0.000171676
0.000155332
0.000140545
0.000127165
0.000115059
0.00018098
0.000163751
0.000148162
0.000134057
0.000187407
0.000186578
0.000186225
0.000168496
0.000152455
0.000137942
0.00019731
0.000178526
0.00016153
0.000146153
0.000226457
0.000204898
0.000185392
0.000167743
0.000151774
0.000234672
0.000212331
0.000192118
0.000173828
0.000238535
0.000236609
0.000235012
0.000212639
0.000192396
0.00017408
0.000242278
0.000219213
0.000198344
0.000179462
0.000247518
0.000223955
0.000202634
0.000183343
0.000165889
0.00025616
0.000231774
0.000209709
0.000189745
0.000276672
0.00027091
0.000245119
0.000221784
0.00020067
0.000181566
0.000245709
0.000222318
0.000201153
0.000182003
0.000264509
0.000239327
0.000216543
0.000195929
0.000177276
0.000257947
0.000233391
0.000211172
0.000191068
0.000248084
0.000261461
0.00023657
0.000214049
0.000193671
0.000175234
0.000234282
0.000211979
0.000191798
0.000173539
0.000235591
0.000213163
0.00019287
0.000174509
0.000238615
0.000215899
0.000195345
0.000176748
0.000159922
0.000249685
0.000225915
0.000204408
0.000184948
0.000278084
0.000251611
0.000227657
0.000205984
0.000186375
0.000312132
0.000282417
0.000255531
0.000231204
0.000209194
0.000290345
0.000262704
0.000237694
0.000215066
0.000299957
0.000271402
0.000245564
0.000222186
0.000336772
0.000304712
0.000275703
0.000249456
0.000225708
0.000344411
0.000340087
0.000307711
0.000278417
0.000251911
0.000342871
0.00031023
0.000280696
0.000253974
0.000346691
0.000313686
0.000283823
0.000256803
0.000232356
0.000355702
0.00032184
0.0002912
0.000263478
0.00038123
0.000372973
0.000337466
0.000305339
0.000276271
0.00036196
0.000327502
0.000296323
0.000268113
0.000242589
0.000330582
0.000299111
0.000270636
0.000244871
0.000356735
0.000322774
0.000292046
0.000264243
0.000343745
0.00033667
0.000330048
0.000298627
0.000270198
0.000244475
0.0003215
0.000290893
0.0002632
0.000238143
0.000215472
0.000316405
0.000286284
0.000259029
0.00023437
0.000327676
0.000318979
0.000288613
0.000261137
0.000236277
0.000301138
0.000272469
0.00024653
0.000223061
0.00028516
0.000258013
0.00023345
0.000211226
0.000191117
0.000251792
0.000227821
0.000206132
0.000186509
0.000262588
0.00023759
0.000214971
0.000194506
0.000175989
0.000247464
0.000223906
0.00020259
0.000183303
0.000247291
0.000239248
0.000216472
0.000195864
0.000177217
0.000160346
0.000206177
0.000186549
0.00016879
0.000152721
0.000197087
0.000178324
0.000161348
0.000145987
0.000132089
0.000189381
0.000171352
0.000155039
0.00014028
0.000194375
0.000175871
0.000159128
0.000143979
0.000196435
0.000177735
0.000173979
0.000157416
0.00014243
0.000182121
0.000164783
0.000149096
0.000134902
0.000122059
0.000164174
0.000148545
0.000134403
0.000121608
0.000176882
0.000160043
0.000144807
0.000131021
0.000118548
0.000175201
0.000172435
0.000156019
0.000141166
0.000127727
0.000171501
0.000155174
0.000140401
0.000127035
0.000114941
0.000174294
0.000157701
0.000142688
0.000129104
0.000189395
0.000186177
0.000168453
0.000152416
0.000137906
0.000187547
0.000169693
0.000153538
0.000138921
0.000125696
0.000181395
0.000164126
0.000148502
0.000134364
0.000209178
0.000189264
0.000171246
0.000154943
0.000140193
0.00021745
0.000215415
0.000194907
0.000176352
0.000159563
0.000219634
0.000198724
0.000179806
0.000162688
0.000223266
0.000202011
0.000182779
0.000165379
0.00024619
0.000222753
0.000201547
0.00018236
0.000164999
0.000248497
0.000244987
0.000221664
0.000200562
0.000181468
0.000246429
0.000222969
0.000201742
0.000182537
0.000165159
0.000252879
0.000228804
0.000207022
0.000187314
0.000252416
0.000249329
0.000246539
0.000223069
0.000201833
0.000182618
0.000249688
0.000225918
0.00020441
0.000184951
0.000250514
0.000226665
0.000205087
0.000185562
0.000270632
0.000244867
0.000221556
0.000200464
0.00018138
0.000265773
0.000260911
0.000236072
0.000213598
0.000193264
0.00025682
0.000232371
0.000210249
0.000190233
0.000172123
0.000236273
0.00021378
0.000193428
0.000175014
0.000257766
0.000233227
0.000211023
0.000190934
0.000271701
0.000245835
0.000222431
0.000201256
0.000182096
0.000260932
0.000255257
0.000230956
0.000208969
0.000189075
0.000171075
0.000231251
0.000209236
0.000189317
0.000171294
0.00025181
0.000227838
0.000206148
0.000186523
0.000168766
0.000251266
0.000227345
0.000205702
0.000186119
0.000250378
0.000268091
0.000242569
0.000219476
0.000198582
0.00026341
0.000238334
0.000215644
0.000195115
0.00017654
0.000244385
0.00022112
0.000200069
0.000181022
0.000270547
0.000244791
0.000221486
0.000200401
0.000181323
0.000272339
0.000268093
0.000242571
0.000219478
0.000198584
0.000266518
0.000241145
0.000218188
0.000197417
0.000265865
0.000240555
0.000217654
0.000196933
0.000178185
0.000270826
0.000245043
0.000221715
0.000200608
0.000296932
0.000293139
0.000265232
0.000239982
0.000217136
0.000196464
0.000277017
0.000250645
0.000226784
0.000205194
0.000310493
0.000280934
0.000254189
0.000229991
0.00030587
0.000301044
0.000296481
0.000268256
0.000242718
0.000219611
0.000294052
0.000266059
0.00024073
0.000217812
0.000290288
0.000262653
0.000237648
0.000215024
0.000304315
0.000275344
0.000249131
0.000225414
0.000203954
0.000290604
0.000283831
0.00025681
0.000232362
0.000210241
0.000272643
0.000246687
0.000223202
0.000201954
0.000182728
0.00024583
0.000222427
0.000201252
0.000182093
0.000262521
0.000237529
0.000214916
0.000194456
0.000266617
0.000258735
0.000234104
0.000211817
0.000191652
0.000173407
0.000224758
0.000203361
0.000184001
0.000166484
0.00021591
0.000195355
0.000176757
0.00015993
0.000221123
0.000200072
0.000181025
0.000163791
0.000148198
0.000206372
0.000200864
0.000181741
0.00016444
0.000148785
0.000189763
0.000171697
0.000155352
0.000140562
0.000177974
0.000161031
0.000145701
0.00013183
0.00011928
0.000168092
0.00015209
0.000137611
0.00012451
0.000169065
0.00015297
0.000138407
0.000125231
0.000113309
0.00015659
0.000151772
0.000137323
0.00012425
0.000112421
0.000140438
0.000127068
0.000114971
0.000104026
0.000131807
0.000119259
0.000107906
9.76329e-05
0.000124498
0.000112646
0.000101922
9.2219e-05
8.34398e-05
0.000121517
0.000109949
9.94818e-05
9.00111e-05
0.000127378
0.000124404
0.00011256
0.000101845
9.2149e-05
8.33764e-05
0.000112459
0.000101753
9.20662e-05
8.33015e-05
0.000112355
0.000101659
9.19813e-05
8.32246e-05
0.000122252
0.000110614
0.000100083
9.05552e-05
8.19343e-05
0.000123716
0.000122042
0.000110423
9.9911e-05
9.03994e-05
0.000120617
0.000109134
9.87448e-05
8.93443e-05
8.08387e-05
0.000121674
0.000110091
9.96101e-05
9.01272e-05
0.000128906
0.000126285
0.000114263
0.000103385
9.3543e-05
8.46377e-05
0.000115682
0.000104669
9.47043e-05
8.56885e-05
0.000115711
0.000104695
9.4728e-05
8.57099e-05
7.75503e-05
0.000121655
0.000110073
9.95942e-05
9.01128e-05
0.000134729
0.000121903
0.000110298
9.97974e-05
0.000143149
0.000139663
0.000126367
0.000114337
0.000103452
9.36033e-05
0.000126289
0.000114267
0.000103388
9.35458e-05
0.000138549
0.000125359
0.000113425
0.000102627
9.28569e-05
0.000137464
0.000124378
0.000112537
0.000101823
0.000132865
0.000130304
0.000128197
0.000115993
0.00010495
9.49588e-05
0.000126247
0.000114228
0.000103353
9.35142e-05
0.000126238
0.00011422
0.000103346
9.35075e-05
8.46056e-05
0.000127036
0.000114942
0.000104
9.40992e-05
0.000131529
0.000119007
0.000107678
9.74267e-05
8.81517e-05
0.000124689
0.000122185
0.000110553
0.000100029
9.0506e-05
0.000120666
0.000109179
9.8785e-05
8.93807e-05
8.08717e-05
0.000114374
0.000103485
9.36336e-05
8.47196e-05
0.000128942
0.000116667
0.00010556
9.55108e-05
0.000136642
0.000133932
0.000121182
0.000109645
9.92068e-05
0.000130309
0.000117903
0.000106679
9.6523e-05
0.000129878
0.000117514
0.000106327
9.62043e-05
8.70457e-05
0.000135261
0.000122384
0.000110733
0.000100191
0.000149151
0.000146592
0.000132636
0.000120009
0.000108584
0.000149935
0.000135662
0.000122747
0.000111061
0.000100488
0.000146935
0.000132947
0.00012029
0.000108838
0.000154238
0.000139554
0.000126269
0.000114248
0.000103372
0.000172184
0.000155792
0.000140961
0.000127541
0.000195256
0.000176668
0.000159849
0.000144631
0.000213169
0.00020902
0.000189122
0.000171117
0.000154827
0.000204732
0.000185242
0.000167607
0.000151651
0.000137213
0.000189727
0.000171665
0.000155323
0.000140536
0.000191432
0.000173208
0.000156719
0.000141799
0.000209811
0.000189837
0.000171765
0.000155413
0.000203191
0.000199229
0.000195494
0.000176883
0.000160044
0.000144807
0.000189778
0.000171711
0.000155364
0.000140573
0.000181331
0.000164069
0.000148449
0.000134317
0.000172843
0.000156388
0.0001415
0.000128029
0.000115841
0.00014962
0.000144103
0.000130385
0.000117972
0.000106741
0.000129553
0.00011722
0.00010606
9.59635e-05
0.000120291
0.000108839
9.84775e-05
8.91025e-05
8.06199e-05
0.000102188
9.24594e-05
8.36573e-05
7.56931e-05
9.99531e-05
9.04375e-05
8.18279e-05
7.40379e-05
9.45707e-05
9.09814e-05
8.232e-05
7.44831e-05
6.73923e-05
8.25261e-05
7.46696e-05
6.75611e-05
6.11292e-05
5.53097e-05
6.91206e-05
6.25403e-05
5.65865e-05
5.11994e-05
6.54687e-05
5.92361e-05
5.35968e-05
4.84944e-05
5.64942e-05
5.39703e-05
5.18474e-05
4.69116e-05
4.24456e-05
3.84048e-05
4.57287e-05
4.13754e-05
3.74364e-05
3.38725e-05
3.64005e-05
3.29352e-05
2.97998e-05
2.69628e-05
2.4396e-05
2.70783e-05
2.45004e-05
2.2168e-05
2.00576e-05
2.28918e-05
2.18639e-05
1.97824e-05
1.78992e-05
1.61952e-05
1.96949e-05
1.782e-05
1.61235e-05
1.45886e-05
1.31997e-05
1.52394e-05
1.37886e-05
1.24759e-05
1.12882e-05
8.77216e-06
6.57612e-06
5.95007e-06
5.38363e-06
4.87111e-06
4.40738e-06
1.53549e-06
1.38931e-06
1.25705e-06
1.13738e-06
-3.2565e-06
-2.94649e-06
-2.66598e-06
-2.41218e-06
-2.09997e-05
-1.90005e-05
-1.71917e-05
-1.5555e-05
-1.40742e-05
-3.98713e-05
-4.16041e-05
-3.76434e-05
-3.40598e-05
-3.08173e-05
-5.13622e-05
-4.64726e-05
-4.20484e-05
-3.80454e-05
-3.44234e-05
-5.73536e-05
-5.18935e-05
-4.69533e-05
-4.24833e-05
-6.63838e-05
-6.61144e-05
-5.98203e-05
-5.41254e-05
-4.89727e-05
-6.80475e-05
-6.15694e-05
-5.5708e-05
-5.04046e-05
-4.5606e-05
-6.366e-05
-5.75996e-05
-5.21161e-05
-4.71546e-05
-8.16261e-05
-7.38553e-05
-6.68243e-05
-6.04626e-05
-8.57425e-05
-8.43859e-05
-8.27357e-05
-7.48593e-05
-6.77327e-05
-6.12845e-05
-7.86492e-05
-7.11618e-05
-6.43872e-05
-5.82575e-05
-7.69234e-05
-6.96003e-05
-6.29744e-05
-5.69792e-05
-7.83039e-05
-7.08493e-05
-6.41045e-05
-5.80017e-05
-5.248e-05
-5.36362e-05
-4.75305e-05
-4.30056e-05
-3.89115e-05
-3.52071e-05
-2.39233e-05
-2.16458e-05
-1.95851e-05
-1.77206e-05
-5.63474e-06
-5.09831e-06
-4.61295e-06
-4.1738e-06
-3.77645e-06
1.39912e-05
1.26592e-05
1.14541e-05
1.03637e-05
3.11823e-05
3.37432e-05
3.05308e-05
2.76243e-05
2.49945e-05
2.2615e-05
4.35215e-05
3.93782e-05
3.56294e-05
3.22375e-05
2.91685e-05
5.40921e-05
4.89426e-05
4.42832e-05
4.00675e-05
6.77656e-05
6.13143e-05
5.54772e-05
5.01958e-05
7.33506e-05
7.46039e-05
7.57254e-05
6.85164e-05
6.19936e-05
5.60918e-05
8.75396e-05
7.92058e-05
7.16654e-05
6.48429e-05
0.000103849
9.39623e-05
8.50171e-05
7.69235e-05
6.96003e-05
0.000108514
0.000106824
9.66547e-05
8.74531e-05
7.91276e-05
9.99823e-05
9.0464e-05
8.18518e-05
7.40595e-05
6.7009e-05
0.000113106
0.000102338
9.25957e-05
8.37805e-05
0.000118861
0.000107546
9.73075e-05
8.80438e-05
7.96621e-05
0.0001024
9.26516e-05
8.38312e-05
7.58505e-05
0.000113125
0.000112744
0.000102011
9.22997e-05
8.35128e-05
0.000120976
0.000109459
9.90384e-05
8.961e-05
8.10791e-05
0.000123747
0.000111966
0.000101307
9.16623e-05
0.000136228
0.000123259
0.000111525
0.000100908
9.13012e-05
0.000157278
0.000142305
0.000128758
0.0001165
0.000178876
0.000176175
0.000159403
0.000144228
0.000130497
-0.00352251
-0.00318717
-0.00288375
-0.00260922
-0.00212676
-0.00192429
-0.0017411
-0.00157535
-0.000932548
-0.00084377
-0.000763443
-0.000690763
-0.000625003
0.000749731
0.000678356
0.000613777
0.000555345
0.00212932
0.00192661
0.00174319
0.00157724
0.00272578
0.00278786
0.00284081
0.00257036
0.00232566
0.00210426
0.00316795
0.00286636
0.00259348
0.00234658
0.00212319
0.00351515
0.0031805
0.00287772
0.00260376
0.00400846
0.00396367
0.00358632
0.00324491
0.00293599
0.00405116
0.00366549
0.00331653
0.0030008
0.00414451
0.00374996
0.00339296
0.00306995
0.00277769
0.00390355
0.00353193
0.00319569
0.00289146
0.00425182
0.00384705
0.00348081
0.00314944
0.00284961
0.00409241
0.00370281
0.0033503
0.00303135
0.00274277
0.00388707
0.00351702
0.0031822
0.00287926
0.00389899
0.0035278
0.00319196
0.00288808
0.00261314
0.0035036
0.00337736
0.00305584
0.00276492
0.0025017
0.00300699
0.00272073
0.00246171
0.00222736
0.0026137
0.00236488
0.00213974
0.00193604
0.00175173
0.00215685
0.00195151
0.00176573
0.00159763
0.00184532
0.00166965
0.0015107
0.00136688
0.00123675
0.00132987
0.00120327
0.00108872
0.00098507
0.000916779
0.000819052
0.00072213
0.000653383
0.000591181
0.0005349
0.000345185
0.000312323
0.00028259
0.000255687
1.01976e-06
9.2268e-07
8.34841e-07
7.55364e-07
6.83453e-07
-0.000448415
-0.000405726
-0.000367101
-0.000332153
-0.000950249
-0.00101181
-0.000915483
-0.000828329
-0.000749472
-0.001362
-0.00123234
-0.00111502
-0.00100887
-0.00170912
-0.00154642
-0.0013992
-0.00126599
-0.00114547
-0.0021848
-0.00197681
-0.00178861
-0.00161834
-0.00278209
-0.00280035
-0.00253376
-0.00229254
-0.00207429
-0.00187682
-0.00289329
-0.00261785
-0.00236863
-0.00214314
-0.00322667
-0.00291949
-0.00264156
-0.00239008
-0.00388952
-0.00351924
-0.00318421
-0.00288107
-0.00408241
-0.00407288
-0.00406786
-0.0036806
-0.00333021
-0.00301317
-0.00428921
-0.00388088
-0.00351142
-0.00317713
-0.00449397
-0.00406615
-0.00367905
-0.0033288
-0.00511105
-0.00462447
-0.00418422
-0.00378589
-0.00515341
-0.00510055
-0.0050545
-0.00457331
-0.00413793
-0.003744
-0.00516116
-0.00466982
-0.00422525
-0.00382301
-0.00345906
-0.00492513
-0.00445625
-0.00403202
-0.00364817
-0.00556399
-0.0050343
-0.00455503
-0.00412139
-0.00372904
-0.00563974
-0.00510284
-0.00461705
-0.00417751
-0.00602657
-0.00589822
-0.00533671
-0.00482866
-0.00436897
-0.00571793
-0.00517358
-0.00468106
-0.00423542
-0.00556111
-0.00503169
-0.00455267
-0.00411926
-0.00372711
-0.00505793
-0.00457642
-0.00414074
-0.00374654
-0.005426
-0.00490944
-0.00444206
-0.00401918
-0.00558273
-0.00505125
-0.00457037
-0.00413527
-0.00523246
-0.00473433
-0.00428362
-0.00387582
-0.00492752
-0.00445842
-0.00403398
-0.00364994
-0.00330247
-0.00464347
-0.00420141
-0.00380144
-0.00343954
-0.0031121
-0.00432153
-0.00391012
-0.00353787
-0.00320107
-0.00424649
-0.00409342
-0.00370373
-0.00335113
-0.0030321
-0.00368492
-0.00333412
-0.00301671
-0.00272952
-0.00246967
-0.00306488
-0.00277311
-0.00250911
-0.00227024
-0.00205411
-0.00273088
-0.0024709
-0.00223567
-0.00202283
-0.00253081
-0.00228988
-0.00207188
-0.00187464
-0.00212937
-0.00201602
-0.00190593
-0.00172448
-0.00156031
-0.00141177
-0.00153018
-0.00138451
-0.0012527
-0.00113345
-0.00102554
-0.00107788
-0.000975267
-0.000882421
-0.000798415
-0.00069823
-0.000631759
-0.000571615
-0.000517198
-0.000323369
-0.00023811
-0.000153591
-0.000138969
-0.000125739
-0.000113769
0.000217948
0.0001972
0.000178426
0.00016144
0.000146071
0.000564117
0.000510413
0.000461821
0.000417856
0.00106866
0.000966922
0.000874871
0.000791584
0.00156447
0.00160367
0.001451
0.00131287
0.00118788
0.00188535
0.00170587
0.00154347
0.00139653
0.00126358
0.00204137
0.00184704
0.0016712
0.0015121
0.00261339
0.00236459
0.00213949
0.00193581
0.00283926
0.00285321
0.0028706
0.00259732
0.00235006
0.00212633
0.00312546
0.00282792
0.0025587
0.00231511
0.00336444
0.00304414
0.00275434
0.00249213
0.00392538
0.00355169
0.00321356
0.00290763
0.00263083
0.00413018
0.00409532
0.00370544
0.00335269
0.00303351
0.00420379
0.00380359
0.00344148
0.00311385
0.0043129
0.00390231
0.00353081
0.00319468
0.00289054
0.00452873
0.0040976
0.00370751
0.00335455
0.00498772
0.00490734
0.00444016
0.00401746
0.00363499
0.0048767
0.00441243
0.00399237
0.0036123
0.00326841
0.00455714
0.0041233
0.00373076
0.00337559
0.00465792
0.00421449
0.00381327
0.00345025
0.00511901
0.00463168
0.00419074
0.00379178
0.00343081
0.00508885
0.00460439
0.00416605
0.00376945
0.00537101
0.0052487
0.00474903
0.00429692
0.00388785
0.00506453
0.00458239
0.00414615
0.00375143
0.0033943
0.00459208
0.00415492
0.00375937
0.00340148
0.0045667
0.00413195
0.00373859
0.00338268
0.00487033
0.00440667
0.00398716
0.00360758
0.00466798
0.00456714
0.00447205
0.00404631
0.0036611
0.00331257
0.00431926
0.00390807
0.00353602
0.00319939
0.00445792
0.00403352
0.00364953
0.0033021
0.00298774
0.00416982
0.00405499
0.00366896
0.00331967
0.00300364
0.00380348
0.00344139
0.00311377
0.00281734
0.00355923
0.00322039
0.00291381
0.00263642
0.00238543
0.00309029
0.00279609
0.00252991
0.00228906
0.00312141
0.00282426
0.00255539
0.00231211
0.00300333
0.00288331
0.00260882
0.00236046
0.00213574
0.00254165
0.00229969
0.00208076
0.00188267
0.00170344
0.00206196
0.00186566
0.00168805
0.00152735
0.00190819
0.00172653
0.00156216
0.00141344
0.00127888
0.00154126
0.00145387
0.00131546
0.00119023
0.00107692
0.00115561
0.0010456
0.000946055
0.00085599
0.000867069
0.000784524
0.000709838
0.000642261
0.000571226
0.000516846
0.000467642
0.000423122
0.000382841
0.000195884
0.000130485
0.000118063
0.000106824
9.6654e-05
-0.00015295
-0.00013839
-0.000125215
-0.000113294
-0.000426114
-0.000385548
-0.000348844
-0.000315634
-0.000285586
-0.000779431
-0.000705229
-0.000638091
-0.000577345
-0.00116341
-0.00119484
-0.0010811
-0.000978175
-0.000885053
-0.000800796
-0.00133872
-0.00121127
-0.00109596
-0.000991623
-0.00176187
-0.00159414
-0.00144238
-0.00130507
-0.00118082
-0.00202953
-0.00203959
-0.00184542
-0.00166974
-0.00151078
-0.00221608
-0.00200511
-0.00181423
-0.00164151
-0.00148524
-0.00248078
-0.00224461
-0.00203093
-0.00183758
-0.00166264
-0.00271724
-0.00245855
-0.0022245
-0.00201273
-0.00309564
-0.00306304
-0.00277144
-0.00250759
-0.00226887
-0.00205287
-0.00292502
-0.00264656
-0.00239461
-0.00216664
-0.0033359
-0.00301832
-0.00273098
-0.00247099
-0.00223575
-0.00343358
-0.00339204
-0.00306912
-0.00277694
-0.00251258
-0.0034214
-0.00309568
-0.00280097
-0.00253432
-0.00344706
-0.0031189
-0.00282198
-0.00255333
-0.00346683
-0.00313679
-0.00283816
-0.00256797
-0.00376738
-0.00340873
-0.00308422
-0.0027906
-0.00252493
-0.00371642
-0.00364672
-0.00329955
-0.00298543
-0.00270122
-0.00357012
-0.00323025
-0.00292273
-0.00264448
-0.00349845
-0.0031654
-0.00286405
-0.0025914
-0.00234469
-0.00320219
-0.00289734
-0.00262152
-0.00237195
-0.00345562
-0.00312665
-0.00282899
-0.00255967
-0.00357128
-0.00347506
-0.00314423
-0.0028449
-0.00257407
-0.00232902
-0.00305637
-0.0027654
-0.00250214
-0.00226393
-0.00204841
-0.00297606
-0.00269274
-0.00243639
-0.00220445
-0.0030395
-0.00294937
-0.00266859
-0.00241454
-0.00218467
-0.00273704
-0.00247647
-0.00224071
-0.0020274
-0.00253552
-0.00229414
-0.00207573
-0.00187812
-0.00169933
-0.00232607
-0.00210463
-0.00190427
-0.00172298
-0.00224991
-0.00203572
-0.00184192
-0.00166657
-0.00150791
-0.00195219
-0.00187129
-0.00169315
-0.00153196
-0.00138612
-0.00163045
-0.00147523
-0.00133479
-0.00120772
-0.00109274
-0.00136026
-0.00123077
-0.0011136
-0.00100758
-0.000911661
-0.00108971
-0.000985968
-0.000892104
-0.000807176
-0.000884785
-0.00081838
-0.00074047
-0.000669977
-0.000606196
-0.000548486
-0.000523945
-0.000474066
-0.000428934
-0.0003881
-0.000307673
-0.000278382
-0.00025188
-0.000227901
-5.57106e-05
-5.0407e-05
-4.56082e-05
-4.12663e-05
0.000156082
0.000199393
0.000242645
0.000219545
0.000198644
0.000179733
0.000451147
0.000408198
0.000369338
0.000334177
0.000302363
0.000720142
0.000651584
0.000589553
0.000533428
0.00102044
0.00104142
0.00094228
0.000852575
0.00077141
0.0012035
0.00108892
0.000985259
0.000891462
0.000806595
0.00128517
0.00116282
0.00105212
0.000951957
0.001623
0.00146849
0.00132869
0.0012022
0.00108775
0.00181516
0.00164236
0.00148601
0.00134454
0.00211229
0.0020975
0.00189782
0.00171715
0.00155367
0.0021724
0.00196559
0.00177847
0.00160916
0.00225281
0.00203834
0.00184429
0.00166871
0.00150985
0.00219034
0.00198182
0.00179315
0.00162244
0.00253172
0.0022907
0.00207262
0.00187531
0.00279036
0.00252472
0.00228437
0.00206689
0.00187013
0.00280875
0.00276693
0.00250352
0.00226519
0.00204954
0.00276195
0.00249901
0.00226111
0.00204585
0.00276227
0.0024993
0.00226137
0.00204609
0.0018513
0.0025866
0.00234035
0.00211755
0.00191596
0.00286653
0.00259363
0.00234672
0.00212331
0.00192117
0.00285804
0.00258595
0.00233977
0.00211702
0.00301756
0.00294805
0.0026674
0.00241346
0.0021837
0.00283549
0.00256555
0.00232131
0.00210032
0.00273852
0.00247781
0.00224193
0.00202849
0.00183538
0.00267496
0.00242031
0.00218989
0.00198142
0.0025741
0.00251975
0.0024685
0.0022335
0.00202087
0.00182848
0.00238855
0.00216116
0.00195542
0.00176926
0.00230049
0.00208149
0.00188333
0.00170404
0.00154181
0.00221453
0.00200371
0.00181295
0.00164036
0.00223916
0.00216906
0.00196257
0.00177573
0.00160668
0.00199824
0.00180801
0.00163589
0.00148015
0.00133924
0.00171077
0.0015479
0.00140054
0.00126721
0.00170437
0.00154211
0.0013953
0.00126247
0.00162465
0.00146998
0.00133004
0.00120342
0.00108885
0.00138867
0.00132744
0.00120107
0.00108673
0.000983273
0.000889665
0.00105681
0.0009562
0.00086517
0.000782806
0.000951607
0.000861014
0.000779046
0.000704881
0.000775659
0.000728431
0.000682448
0.000617479
0.000558695
0.000505507
0.000518814
0.000469423
0.000424734
0.000384299
0.000357719
0.000323664
0.000292851
0.000264972
0.000239747
0.000159291
0.000144126
0.000130406
0.000117991
-2.76137e-05
-6.08437e-05
-5.50514e-05
-4.98105e-05
-4.50685e-05
-0.000166048
-0.00015024
-0.000135937
-0.000122996
-0.000377541
-0.000341599
-0.000309079
-0.000279655
-0.000253032
-0.000564275
-0.00058567
-0.000529914
-0.000479466
-0.000433821
-0.000718871
-0.000650434
-0.000588513
-0.000532486
-0.000847709
-0.000767007
-0.000693988
-0.000627921
-0.00107855
-0.000975875
-0.000882971
-0.000798913
-0.000722856
-0.00121866
-0.00122164
-0.00110534
-0.00100011
-0.000904903
