7.52319e-06
7.73311e-06
7.92439e-06
8.09801e-06
8.25332e-06
8.39398e-06
8.50415e-06
8.58075e-06
8.62532e-06
8.64618e-06
8.64028e-06
8.61385e-06
8.5472e-06
8.43928e-06
8.29471e-06
8.11582e-06
7.8911e-06
7.8911e-06
7.62987e-06
7.01375e-06
6.67445e-06
6.30273e-06
5.90513e-06
5.48827e-06
5.05377e-06
4.56428e-06
4.04774e-06
3.49243e-06
2.90904e-06
2.30467e-06
1.68397e-06
1.02941e-06
3.72658e-07
-3.0964e-07
-9.92459e-07
-1.72163e-06
-2.46647e-06
-3.25691e-06
-4.05827e-06
-4.87302e-06
-5.7549e-06
-6.694e-06
-7.64711e-06
-8.65513e-06
-9.67458e-06
-1.07435e-05
-1.18164e-05
-1.18164e-05
-1.28947e-05
-1.514e-05
-1.63394e-05
-1.7525e-05
-1.87627e-05
-1.99902e-05
-2.11994e-05
-2.24613e-05
-2.37052e-05
-2.50043e-05
-2.62654e-05
-2.75083e-05
-2.88269e-05
-3.0138e-05
-3.14515e-05
-3.27327e-05
-3.40979e-05
-3.55456e-05
-3.70708e-05
-3.85866e-05
-4.00472e-05
-4.14991e-05
-4.30098e-05
-4.46621e-05
-4.62574e-05
-4.79198e-05
-4.79198e-05
-5.14062e-05
-5.32807e-05
-5.51886e-05
-5.70941e-05
-5.91651e-05
-6.13961e-05
-6.36481e-05
-6.59576e-05
-6.83634e-05
-7.08831e-05
-7.33821e-05
-7.60496e-05
-7.87062e-05
-8.12466e-05
-8.37727e-05
-8.63439e-05
-8.89433e-05
-9.15602e-05
-9.40536e-05
-9.40536e-05
-9.93744e-05
-0.000102307
-0.000105115
-0.000105115
-0.000110732
-0.000110732
-0.000147685
-0.000176021
-0.000176021
-0.000242839
-0.00027992
-0.000317353
-0.000317353
-0.00035492
-0.000427673
-0.000461446
-0.000493044
-0.000522462
-0.000549646
-0.000574814
-0.000596699
-0.000616069
-0.000633248
-0.000648432
-0.000661361
-0.000661361
-0.000679144
-0.00068459
-0.000686614
-0.000684569
-0.000679566
-0.000672139
-0.000663224
-0.000653757
-0.00064374
-0.000633227
-0.000623018
-0.000614312
-0.000606801
-0.000598707
-0.000590856
-0.00058393
-0.000578367
-0.000575121
-0.000571498
-0.000571498
-0.00056593
-0.000565038
-0.000564279
-0.000564067
-0.000564706
-0.000566021
-0.000568448
-0.000572291
-0.000576628
-0.000581537
-0.000587177
-0.000593868
-0.000593868
-0.00060813
-0.000616563
-0.000625463
-0.000635175
-0.000643998
-0.000653373
-0.000662983
-0.000673159
-0.000673159
-0.000689133
-0.000697405
-0.000706701
-0.000714126
-0.000720017
-0.000724863
-0.000729522
-0.000734541
-0.000741299
-0.000741299
-0.000752281
-0.000758856
-0.000765806
-0.000771036
-0.000776554
-0.000782228
-0.000788532
-0.000795942
-0.000801404
-0.000803262
-0.000802925
-0.00080197
-0.000798591
-0.000792822
-0.000792822
-0.00078184
-0.000779488
-0.000778872
-0.000778466
-0.000778286
-0.000779455
-0.000782602
-0.000784188
-0.000786715
-0.000790026
-0.000795952
-0.000804828
-0.000811718
-0.000818527
-0.000825937
-0.000835771
-0.000835771
-0.000860114
-0.000871538
-0.000884177
-0.000884177
-0.000897483
-0.000924376
-0.000938153
-0.000952109
-0.000966055
-0.000976145
-0.000984194
-0.000992015
-0.000999201
-0.00100667
-0.00101544
-0.00102332
-0.00103146
-0.00103951
-0.00104958
-0.00105688
-0.00105878
-0.00105758
-0.00105691
-0.00105691
-0.00105684
-0.00105342
-0.00105163
-0.00105126
-0.00105023
-0.0010477
-0.00104449
-0.00104386
-0.00104657
-0.00104657
-0.00105765
-0.00106209
-0.00106965
-0.00108083
-0.00108979
-0.00109989
-0.0011107
-0.00112326
-0.00113841
-0.00115044
-0.00116292
-0.00117578
-0.00118995
-0.00120126
-0.00121066
-0.00122008
-0.00123075
-0.00124185
-0.001252
-0.00126284
-0.00127383
-0.00128631
-0.00130236
-0.00131399
-0.00132529
-0.00132529
-0.00134789
-0.00135585
-0.00136254
-0.00136858
-0.00137366
-0.00137977
-0.00139011
-0.00139683
-0.00140206
-0.00140829
-0.00141672
-0.00142823
-0.00143528
-0.0014405
-0.00144757
-0.00145614
-0.00146253
-0.00146537
-0.00146567
-0.00146812
-0.00147364
-0.00147364
-0.00148684
-0.00148684
-0.00149586
-0.00150341
-0.00150733
-0.00151024
-0.00151485
-0.0015226
-0.001527
-0.00153066
-0.00153832
-0.00154869
-0.00156259
-0.00156259
-0.00158426
-0.00159459
-0.00160892
-0.00161771
-0.00161771
-0.00162548
-0.00162548
-0.00163538
-0.00164745
-0.00165439
-0.00166096
-0.00166823
-0.00167807
-0.00168336
-0.00168724
-0.00169279
-0.0017043
-0.00171962
-0.00173129
-0.00173518
-0.0017344
-0.00173278
-0.00172654
-0.0017145
-0.00169893
-0.00168667
-0.00168667
-0.00167473
-0.00167168
-0.0016678
-0.00166955
-0.00167819
-0.00168491
-0.00169272
-0.00170187
-0.00171447
-0.00172559
-0.0017351
-0.00174643
-0.00174643
-0.0017875
-0.00180349
-0.00181891
-0.0018385
-0.00186472
-0.00189717
-0.00192631
-0.00195212
-0.001981
-0.00201402
-0.00203859
-0.00205606
-0.00206728
-0.00207688
-0.00208791
-0.00210256
-0.00211103
-0.0021177
-0.0021229
-0.00212982
-0.00213245
-0.00213467
-0.00213867
-0.00214757
-0.00215341
-0.00215646
-0.00216088
-0.00217274
-0.00219293
-0.00220304
-0.0022086
-0.00221428
-0.00222635
-0.0022304
-0.00222479
-0.00221952
-0.00221416
-0.00221199
-0.00221547
-0.00221349
-0.00221355
-0.00221985
-0.00223017
-0.00223686
-0.00224083
-0.00224669
-0.00224669
-0.00225746
-0.00229467
-0.00230508
-0.00231577
-0.0023303
-0.0023374
-0.00234208
-0.00234138
-0.0023442
-0.00234945
-0.00236397
-0.00237038
-0.00237038
-0.00234224
-0.00232188
-0.00228936
-0.00225633
-0.0022284
-0.00220498
-0.00220498
-0.00217267
-0.0021537
-0.00213408
-0.00212608
-0.00212608
-0.0020984
-0.0020984
-0.00208288
-0.00206741
-0.00207355
-0.00207355
-0.00212225
-0.00212225
-0.00216574
-0.0022228
-0.00233183
-0.00238734
-0.00245275
-0.00252364
-0.00258601
-0.00264513
-0.00270058
-0.00275607
-0.00280265
-0.0028403
-0.00286697
-0.00289413
-0.00292526
-0.00296243
-0.00298438
-0.00299916
-0.0030133
-0.0030133
-0.00306239
-0.0030732
-0.00305658
-0.00302861
-0.00300309
-0.00297891
-0.00297891
-0.00289474
-0.00284405
-0.0028037
-0.00277156
-0.00273239
-0.00269404
-0.00266434
-0.00265305
-0.00265576
-0.00265576
-0.00266367
-0.00266367
-0.00270544
-0.00271797
-0.00272133
-0.00272133
-0.00273476
-0.00275433
-0.00276597
-0.0027715
-0.00277904
-0.00279384
-0.00282528
-0.00284891
-0.002861
-0.0028713
-0.00288578
-0.00288578
-0.0029327
-0.00295364
-0.00297745
-0.00300833
-0.00303469
-0.00306273
-0.00306273
-0.00312837
-0.0031744
-0.00321125
-0.00324029
-0.00327585
-0.00331622
-0.00331622
-0.00340645
-0.00340645
-0.00343227
-0.00350289
-0.0035203
-0.00352997
-0.00353054
-0.00352982
-0.00353283
-0.0035442
-0.0035431
-0.00353888
-0.00354605
-0.00356704
-0.0036032
-0.00364673
-0.00370724
-0.00377892
-0.00386896
-0.00386896
-0.00401067
-0.00401067
-0.0040698
-0.00417267
-0.004189
-0.00418769
-0.00418636
-0.00419077
-0.00420463
-0.00420275
-0.00418788
-0.00417821
-0.00417821
-0.00414566
-0.00411158
-0.00408697
-0.00406966
-0.00407145
-0.00405081
-0.00402686
-0.00400874
-0.00399366
-0.00398819
-0.00396121
-0.00391791
-0.00387197
-0.00383942
-0.00381653
-0.00377913
-0.0037471
-0.00372755
-0.00372297
-0.00370011
-0.00367957
-0.00367284
-0.00368314
-0.00371103
-0.0037299
-0.00374895
-0.00378431
-0.00383001
-0.00385927
-0.00387562
-0.00389038
-0.0039192
-0.00391802
-0.00390091
-0.00387332
-0.00384522
-0.00383307
-0.0038328
-0.00381718
-0.00380716
-0.00380256
-0.00380935
-0.00384014
-0.00384824
-0.00385503
-0.00386299
-0.00387902
-0.00387707
-0.00386921
-0.00386638
-0.00386747
-0.00388862
-0.00389096
-0.00387801
-0.00386393
-0.00384868
-0.00384146
-0.00383292
-0.00382293
-0.00382135
-0.00384433
-0.00388462
-0.0039104
-0.00392497
-0.00394196
-0.0039763
-0.0039871
-0.00397955
-0.00396898
-0.00396461
-0.00396417
-0.00398449
-0.00398412
-0.00397627
-0.00397637
-0.00398983
-0.0040315
-0.00405653
-0.00407661
-0.00409395
-0.00412726
-0.00413527
-0.00413203
-0.00411581
-0.00409636
-0.00409519
-0.00411655
-0.0041147
-0.00410451
-0.00410038
-0.00411983
-0.00411755
-0.00411804
-0.00412259
-0.00413942
-0.00418551
-0.0042029
-0.00420724
-0.00422429
-0.00424965
-0.00424108
-0.00421624
-0.00418168
-0.00416086
-0.00414973
-0.00416653
-0.00417425
-0.0041842
-0.00419715
-0.00423286
-0.00424716
-0.00425215
-0.00426205
-0.00428593
-0.00432873
-0.004354
-0.00436576
-0.00439048
-0.00443414
-0.00443678
-0.00442851
-0.00441559
-0.00439983
-0.00440445
-0.0044242
-0.00443334
-0.00444544
-0.00447035
-0.00451557
-0.00454205
-0.00456437
-0.00459658
-0.0046455
-0.00470481
-0.00472622
-0.00472947
-0.0047439
-0.00476573
-0.00474641
-0.00470784
-0.00466861
-0.00463956
-0.00461694
-0.00458984
-0.00456047
-0.0045427
-0.00455813
-0.00460945
-0.00462582
-0.00462703
-0.00462475
-0.00464416
-0.00467892
-0.00467718
-0.00467281
-0.00467989
-0.00469429
-0.00467729
-0.00464973
-0.0046047
-0.004572
-0.0045617
-0.00456766
-0.00454982
-0.00448627
-0.0044131
-0.00433641
-0.00423707
-0.00412582
-0.00402338
-0.00402338
-0.00384893
-0.00375886
-0.00370454
-0.00369318
-0.00372707
-0.00374686
-0.00376908
-0.00379777
-0.00379777
-0.00395382
-0.00401379
-0.00407228
-0.00413317
-0.00422015
-0.00428983
-0.00434526
-0.004385
-0.00442112
-0.00446818
-0.00455021
-0.00461837
-0.0046859
-0.00475497
-0.00483788
-0.00489118
-0.00494815
-0.00502717
-0.00513075
-0.00527669
-0.00538293
-0.00548237
-0.00557766
-0.00557766
-0.00569238
-0.00581213
-0.00584256
-0.00585766
-0.00587228
-0.00591228
-0.00592744
-0.00592249
-0.00591771
-0.00594079
-0.00592501
-0.00590703
-0.00590744
-0.00593174
-0.00600049
-0.00604061
-0.00604061
-0.00608715
-0.00613778
-0.00612604
-0.00607903
-0.00600946
-0.00593575
-0.0058896
-0.00586384
-0.00582299
-0.00577137
-0.00572958
-0.0057258
-0.00568706
-0.00563684
-0.00561202
-0.00561952
-0.00564938
-0.00563296
-0.00559624
-0.0055623
-0.00554652
-0.00549766
-0.0054389
-0.00537577
-0.00532466
-0.00528542
-0.00525778
-0.00518073
-0.00509217
-0.00502513
-0.0049749
-0.0049749
-0.00481983
-0.00481983
-0.00475194
-0.0047758
-0.0047737
-0.00475241
-0.00475376
-0.00477264
-0.00474126
-0.00470617
-0.00465835
-0.00461675
-0.00461675
-0.00461672
-0.00462966
-0.00465536
-0.00465536
-0.00475815
-0.00479307
-0.00483869
-0.00489476
-0.00497247
-0.0050336
-0.00508158
-0.00513692
-0.00522947
-0.00522947
-0.00543032
-0.00550326
-0.00556922
-0.00564448
-0.00565731
-0.00563786
-0.00561328
-0.00558442
-0.00556858
-0.00559703
-0.0055879
-0.00556486
-0.00556909
-0.0055927
-0.00559597
-0.00560048
-0.00560786
-0.00560786
-0.00571829
-0.00573189
-0.00573904
-0.00574444
-0.00576439
-0.00576115
-0.00570565
-0.00562956
-0.00557588
-0.00557588
-0.0055552
-0.00554424
-0.00548964
-0.00544914
-0.00543884
-0.00537711
-0.00529226
-0.00523176
-0.00519036
-0.00518219
-0.00512774
-0.00505712
-0.00499777
-0.00496526
-0.00488344
-0.00475053
-0.00462413
-0.0045236
-0.00444538
-0.00442316
-0.00437315
-0.00432177
-0.00429247
-0.00431707
-0.00439997
-0.00439997
-0.00455125
-0.00464089
-0.00474057
-0.00474057
-0.00473778
-0.00472725
-0.00472612
-0.00474635
-0.00471128
-0.00467411
-0.00464294
-0.00463401
-0.0045899
-0.0045899
-0.00440911
-0.00433088
-0.00430426
-0.00431532
-0.00429946
-0.00428465
-0.0043127
-0.0043127
-0.00437224
-0.00442054
-0.00447873
-0.00456618
-0.00468921
-0.00480125
-0.00490404
-0.00501993
-0.00518114
-0.00518114
-0.00537326
-0.00544278
-0.00552507
-0.00563055
-0.00567299
-0.00567299
-0.0056908
-0.0056908
-0.00571211
-0.00560236
-0.0055175
-0.0055175
-0.00542241
-0.00543558
-0.00543558
-0.00538605
-0.00537878
-0.00541016
-0.00541016
-0.00548653
-0.00551402
-0.00547384
-0.00546231
-0.005465
-0.00539635
-0.0052791
-0.0051508
-0.00505635
-0.00500791
-0.0049551
-0.00492052
-0.00492052
-0.00490549
-0.00489442
-0.00486242
-0.00483576
-0.00485342
-0.00485342
-0.00492536
-0.00493219
-0.00494435
-0.00497391
-0.00497287
-0.00490847
-0.00490847
-0.00482091
-0.00471822
-0.00473334
-0.00472807
-0.00470851
-0.00472275
-0.00476498
-0.0047633
-0.00476996
-0.00480414
-0.00487539
-0.00499154
-0.00503462
-0.00504191
-0.00506747
-0.00512131
-0.00510322
-0.00503732
-0.00494035
-0.00484241
-0.00478748
-0.00476314
-0.00469785
-0.00464523
-0.0046087
-0.00462344
-0.00461514
-0.00459025
-0.00459782
-0.00464822
-0.00466629
-0.00467853
-0.00470914
-0.0047716
-0.00485518
-0.00488907
-0.00488781
-0.00488308
-0.00489677
-0.00494024
-0.00491439
-0.00482497
-0.00471653
-0.00463762
-0.00458277
-0.00448224
-0.00439198
-0.00431709
-0.00429427
-0.00424729
-0.00420323
-0.00416773
-0.00416144
-0.00421879
-0.00421635
-0.00418846
-0.00415488
-0.00414236
-0.00406193
-0.00395235
-0.0038267
-0.00369366
-0.00360173
-0.00356349
-0.00348068
-0.00329969
-0.00307042
-0.00283673
-0.00256652
-0.00227863
-0.00201179
-0.00181335
-0.00167616
-0.00150797
-0.00134603
-0.00134603
-0.0012112
-0.00113299
-0.00113299
-0.000988878
-0.000997352
-0.00107775
-0.00113387
-0.00117508
-0.0012076
-0.00124117
-0.00132081
-0.00145626
-0.00155313
-0.00166359
-0.00179175
-0.00197125
-0.00220712
-0.00238132
-0.00252677
-0.00269574
-0.00288076
-0.00301549
-0.00311005
-0.00317134
-0.00321208
-0.00325845
-0.00332997
-0.00337911
-0.00337911
-0.0034779
-0.00358821
-0.00364543
-0.0037041
-0.00378797
-0.00390829
-0.0040524
-0.00415039
-0.00420502
-0.00427232
-0.00436511
-0.00441122
-0.00440213
-0.00437412
-0.00434767
-0.00432397
-0.00434434
-0.00433485
-0.00432046
-0.00430829
-0.00431746
-0.00429975
-0.00426266
-0.00423459
-0.00425579
-0.00433394
-0.00436411
-0.00437352
-0.00437606
-0.00441379
-0.00439076
-0.00432164
-0.00424299
-0.00415989
-0.00411577
-0.00410306
-0.0040487
-0.0040058
-0.00397816
-0.00398152
-0.00396502
-0.00393517
-0.00391766
-0.00392918
-0.0040033
-0.00403473
-0.00405127
-0.00406279
-0.00410912
-0.00417911
-0.00417748
-0.00414187
-0.00412567
-0.00414033
-0.00406975
-0.0039545
-0.00383182
-0.00370701
-0.00362319
-0.00359174
-0.0035131
-0.00344056
-0.00338189
-0.00335453
-0.00328535
-0.00322613
-0.00318094
-0.0031851
-0.00324597
-0.00326064
-0.00325894
-0.00327235
-0.00329675
-0.00334456
-0.00332461
-0.00327401
-0.00322414
-0.00319405
-0.00311261
-0.00299245
-0.00285053
-0.00273622
-0.0026645
-0.00262594
-0.00256988
-0.00252229
-0.0024864
-0.00247918
-0.00244835
-0.00240069
-0.00238378
-0.0023908
-0.00235257
-0.00232174
-0.00231863
-0.00233636
-0.00240609
-0.00241259
-0.00240858
-0.00241982
-0.0024417
-0.00241004
-0.00235786
-0.0022748
-0.00218843
-0.00214204
-0.00212682
-0.00209193
-0.00206229
-0.00204101
-0.00204601
-0.00211017
-0.00211412
-0.00210924
-0.00210506
-0.00210616
-0.00214677
-0.00214677
-0.0022564
-0.00235095
-0.00247242
-0.00264662
-0.00264662
-0.00288999
-0.00302058
-0.00315387
-0.00324023
-0.00328618
-0.00331864
-0.00337338
-0.00345742
-0.00347401
-0.00345755
-0.00341775
-0.0033914
-0.00329326
-0.00313701
-0.00295814
-0.00295814
-0.00262552
-0.00250581
-0.00235021
-0.00218948
-0.0020328
-0.00189951
-0.0018232
-0.00170862
-0.00170862
-0.00144094
-0.00133695
-0.00125032
-0.00116892
-0.00109131
-0.00105442
-0.00106497
-0.00112429
-0.00115659
-0.00115659
-0.00118558
-0.00123997
-0.00125899
-0.00124715
-0.00123243
-0.00124986
-0.00130542
-0.00128861
-0.00125133
-0.00121843
-0.0012021
-0.00112061
-0.0010057
-0.000868329
-0.000714998
-0.000570991
-0.000453942
-0.000317553
-0.00017
-3.70847e-05
-3.70847e-05
0.000105117
0.000194194
0.000301331
0.000397252
0.000449926
0.000543346
0.000668502
0.000809335
0.000942451
0.00103072
0.00106717
0.001119
0.00117856
0.00120326
0.00118676
0.00121075
0.00123054
0.00122759
0.00120731
0.00122722
0.00125996
0.0012813
0.0012813
0.00126091
0.0012055
0.00129181
0.00149338
0.0017377
0.00205362
0.00241892
0.00280469
0.00317625
0.00350692
0.0037599
0.00400884
0.00422864
0.00438003
0.00446917
0.00447273
0.0044839
0.00447859
0.00447859
0.00443526
0.00423836
0.00415361
0.00406362
0.00395016
0.00380259
0.00359862
0.00341125
0.00322246
0.00301561
0.00278372
0.00256171
0.00235077
0.00211909
0.00187676
0.0016584
0.00144713
0.0012296
0.00101269
0.000769361
0.000587042
0.000425559
0.000282787
0.000130204
-2.64054e-05
-0.000137197
-0.000195604
-0.000228241
-0.000270037
-0.00031329
-0.000308043
-0.000295576
-0.000292385
-0.000307518
-0.000349153
-0.000349392
-0.00032894
-0.00032894
-0.000291281
-0.000228003
-0.000130395
-9.21411e-06
0.000112816
0.000203726
0.000256281
0.00032526
0.000376588
0.000398435
0.00038592
0.000407409
0.000451572
0.000480692
0.000497182
0.000477293
0.000503052
0.000536288
0.000558365
0.000560513
0.000532537
0.000541551
0.000576155
0.00061222
0.000620033
0.000677751
0.000744462
0.000816148
0.000889914
0.000889914
0.000947705
0.000975203
0.00101205
0.00103861
0.0010308
0.000985369
0.000968309
0.000960421
0.000954958
0.000939829
0.000941687
0.000958092
0.000983313
0.00100192
0.00100248
0.000989615
0.000993035
0.00100779
0.00100779
0.000996427
0.000993182
0.00099208
0.000990702
0.000964186
0.000919492
0.000919492
0.00090418
0.000895355
0.000867379
0.000827293
0.000830993
0.000842713
0.000857002
0.000862619
0.000850955
0.000864951
0.000899091
0.000949911
0.00100947
0.00106212
0.00113317
0.00121609
0.00129143
0.00134735
0.00142481
0.00150568
0.00156122
0.0015957
0.00160127
0.00160845
0.00160491
0.00159097
0.00154647
0.00152612
0.00152612
0.00150505
0.00147622
0.00147901
0.00150758
0.00155113
0.00158242
0.00159144
0.00158634
0.00159297
0.00160707
0.00161452
0.00160615
0.00157561
0.00156305
0.00156396
0.00154744
0.00151888
0.00151637
0.00153202
0.00153202
0.00158816
0.00160315
0.00158761
0.00159355
0.00160559
0.00161016
0.0015975
0.00156345
0.00154654
0.00153334
0.00152138
0.00149081
0.00148879
0.00150773
0.00154377
0.00159047
0.00159047
0.00166416
0.00171454
0.001769
0.00181379
0.00183118
0.00185772
0.00188183
0.00190146
0.00190694
0.00189186
0.00190179
0.00191108
0.0019176
0.00191285
0.0018891
0.00188069
0.00187316
0.00185701
0.00182619
0.00183274
0.00184706
0.00187465
0.00189498
0.00191053
0.00191266
0.00192318
0.0019216
0.00190153
0.00186036
0.00184082
0.00182697
0.00181747
0.001804
0.00177002
0.00175748
0.001761
0.00175565
0.0017457
0.00175083
0.00176717
0.00179932
0.00182571
0.00183926
0.00184331
0.0018576
0.00187859
0.00188655
0.00187711
0.00188954
0.00191075
0.00193668
0.00195744
0.00196681
0.00196681
0.00202209
0.00205385
0.00207965
0.00209468
0.00209491
0.00211637
0.00214494
0.00216097
0.00216064
0.00218004
0.00220665
0.00222927
0.00223366
0.00221725
0.00221649
0.00222631
0.00223536
0.0022368
0.00224748
0.00227178
0.00227178
0.00233514
0.00235629
0.00235629
0.00236772
0.00237567
0.00237797
0.00236151
0.00235223
0.00234805
0.00233304
0.00230419
0.00226589
0.00224213
0.00222332
0.00220725
0.00218738
0.00218567
0.00219802
0.00221348
0.00222457
0.00222457
0.00223051
0.00224156
0.00227762
0.00231978
0.00236405
0.00240243
0.00246071
0.00246071
0.00258144
0.00262659
0.00268788
0.00275338
0.00281629
0.00287419
0.00292033
0.00294325
0.002971
0.00299521
0.00300212
0.00298974
0.00298568
0.00297558
0.00295403
0.00292384
0.00287588
0.00284161
0.00280721
0.00280721
0.00272135
0.00268835
0.00268835
0.00264615
0.00262165
0.00259303
0.00255155
0.00251656
0.00248128
0.00244679
0.00240356
0.00236946
0.00233876
0.00231068
0.00228009
0.00223812
0.00221591
0.00219929
0.002181
0.00215809
0.0021524
0.00215968
0.00217574
0.00219345
0.00220695
0.00220762
0.00221338
0.00221744
0.00221636
0.0022081
0.00218584
0.00217781
0.00217671
0.00217529
0.00216526
0.00216737
0.0021786
0.00219145
0.00220544
0.00221622
0.0022202
0.00223258
0.00224689
0.00225301
0.00225332
0.00224123
0.00223709
0.0022356
0.00222985
0.00221845
0.00221557
0.00222293
0.00223738
0.0022486
0.00225367
0.00225092
0.00225451
0.00225917
0.00226022
0.00225839
0.00226261
0.00226722
0.00226722
0.00226894
0.0022543
0.00223094
0.00219479
0.00214684
0.0020917
0.00204735
0.00200586
0.00196451
0.00192559
0.00190078
0.00188457
0.0018789
0.00187542
0.00186931
0.00185967
0.00185927
0.00185931
0.00185778
0.00185647
0.0018528
0.00185853
0.00186888
0.00187961
0.00189134
0.00191459
0.0019464
0.0019839
0.0020191
0.0020191
0.0020796
0.00210993
0.00213983
0.0021657
0.00218521
0.00220911
0.00223583
0.00225794
0.00227638
0.00228908
0.00230558
0.00232478
0.00232478
0.00234819
0.00235249
0.00236419
0.00237843
0.00238816
0.00239447
0.00240302
0.00241636
0.00242999
0.00244329
0.00245382
0.00245964
0.00246599
0.0024758
0.00248202
0.00248297
0.00248647
0.00248948
0.00248857
0.00248568
0.00247657
0.00247346
0.00248295
0.002497
0.00251366
0.00253501
0.00255863
0.00258496
0.00260766
0.00262332
0.00262836
0.00262997
0.00262733
0.0026193
0.00260472
0.00258372
0.00258372
0.00254956
0.00253145
0.00250855
0.00248864
0.00247079
0.00245202
0.0024331
0.00241282
0.00238798
0.00236613
0.00234537
0.00232372
0.00230027
0.00230027
0.0022575
0.00223503
0.00221006
0.00218416
0.00216111
0.00213926
0.00211896
0.00209655
0.00207886
0.00206336
0.00206336
0.00203759
0.00202621
0.00201237
0.00200202
0.00199331
0.00198466
0.00197343
0.00196364
0.00195412
0.0019452
0.00193422
0.00192232
0.00191409
0.00190773
0.00190006
0.00189068
0.00188298
0.00187604
0.0018714
0.00186655
0.00186011
0.00185308
0.0018461
0.00183782
0.00182954
0.00182043
0.00181393
0.00180872
0.00180211
0.00179503
0.00178709
0.00177975
0.00177251
0.00176455
0.0017554
0.00174873
0.00174262
0.00173792
0.00173241
0.00172679
0.00171927
0.00171201
0.0017054
0.00169969
0.00169969
0.00168709
0.00168113
0.00167413
0.00166683
0.00165759
0.00164933
0.00164125
0.00163162
0.00162148
0.00162148
0.00160156
0.00159183
0.00158193
0.0015729
0.00156482
0.00155599
0.00154716
0.00153808
0.00152724
0.00151715
0.00150646
0.00149578
0.00148484
0.0014736
0.00146271
0.00145147
0.00143927
0.00142712
0.00141487
0.00140234
0.0013895
0.00137721
0.0013661
0.00135487
0.00134344
0.00133181
0.00132057
0.0013105
0.0013105
0.00130128
0.0012827
0.00127315
0.00126429
0.00125588
0.00124781
0.0012405
0.00123291
0.0012253
0.00121832
0.00121098
0.00120329
0.00119608
0.00118849
0.00118109
0.00117425
0.00116698
0.00115993
0.00115235
0.0011449
0.00113689
0.00112843
0.00112013
0.00111131
0.00110205
0.00109309
0.00108437
0.00107491
0.00106547
0.0010556
0.00104544
0.00103533
0.00102456
0.00101396
0.00100361
0.000993512
0.000983711
0.000973714
0.000963693
0.000953819
0.000953819
0.000934279
0.0009238
0.000913089
0.000902876
0.000892712
0.000881959
0.000871003
0.000860126
0.000849498
0.000838351
0.00082749
0.00082749
0.000806773
0.000797138
0.000787638
0.00077811
0.000768402
0.00075926
0.000750412
0.00074105
0.000731953
0.000723288
0.000714749
0.000706939
0.000698408
0.000689898
0.000681666
0.000673459
0.000665481
0.000657191
0.000648529
0.00064023
0.000632065
0.00062362
0.000615
0.000606296
0.000597556
0.000589275
0.000581234
0.000573328
0.000564809
0.000556261
0.000548318
0.000548318
0.000532775
0.000524776
0.000517066
0.000509533
0.000501475
0.000493228
0.000484608
0.000476323
0.000468323
0.000460817
0.000453181
0.000445716
0.000438406
0.000431785
0.00042461
0.000417294
0.000410205
0.0004038
0.000396826
0.000389963
0.000383573
0.000377473
0.000371843
0.000366777
0.000362191
0.000358188
0.000354821
0.000352093
0.000348893
0.000345278
0.000341583
0.000338246
0.000334235
0.000329159
0.000323762
0.00031832
0.000313037
0.000307815
0.000301972
0.000295701
0.000289605
0.000283855
0.000277477
0.000270894
0.000264268
0.000258131
0.000251458
0.000244623
0.000237995
0.000231758
0.00022593
0.000219504
0.000212906
0.000206495
0.000200459
0.000193757
0.000186777
0.000179667
0.000172794
0.000166357
0.000160526
0.000154248
0.000147949
0.000141981
0.0001367
0.000132308
0.000127704
0.000123197
0.000119068
0.000115312
0.000110856
0.000105891
0.000101022
9.6481e-05
9.23136e-05
8.86875e-05
8.49127e-05
8.11428e-05
7.78235e-05
7.49542e-05
7.17418e-05
6.86412e-05
6.58899e-05
6.36266e-05
6.19314e-05
5.9769e-05
5.73787e-05
5.5191e-05
5.32656e-05
5.08979e-05
4.82127e-05
4.54465e-05
4.2876e-05
4.06823e-05
3.89332e-05
3.69786e-05
3.51071e-05
3.35023e-05
3.23797e-05
3.23797e-05
2.95357e-05
2.83765e-05
2.7689e-05
2.75463e-05
2.70085e-05
2.63896e-05
2.598e-05
2.59212e-05
2.53313e-05
2.45612e-05
2.37318e-05
2.308e-05
2.28029e-05
2.29033e-05
2.27293e-05
2.25769e-05
2.26903e-05
2.32031e-05
2.32031e-05
2.37028e-05
2.41837e-05
2.50158e-05
2.55192e-05
2.59621e-05
2.65774e-05
2.75e-05
2.88069e-05
2.9594e-05
3.01534e-05
3.07531e-05
3.15477e-05
3.26505e-05
3.3172e-05
3.3421e-05
3.36769e-05
3.40938e-05
3.40299e-05
3.35663e-05
3.28202e-05
3.20656e-05
3.14991e-05
3.12561e-05
3.06572e-05
2.99784e-05
2.94622e-05
2.92385e-05
2.86359e-05
2.79274e-05
2.73568e-05
2.70632e-05
2.63834e-05
2.55979e-05
2.49558e-05
2.45931e-05
2.46177e-05
2.46177e-05
2.34591e-05
2.28551e-05
2.24899e-05
2.16989e-05
2.05764e-05
1.92419e-05
1.7966e-05
1.69398e-05
1.6296e-05
1.53606e-05
1.44042e-05
1.36616e-05
1.32604e-05
1.32943e-05
1.28877e-05
1.28877e-05
1.18782e-05
1.16723e-05
1.10911e-05
1.02142e-05
9.15083e-06
8.14583e-06
7.38076e-06
6.97858e-06
6.29488e-06
5.58489e-06
5.07094e-06
4.87496e-06
4.37279e-06
3.81856e-06
3.43797e-06
3.35044e-06
3.64825e-06
3.50045e-06
3.18395e-06
2.94855e-06
2.9243e-06
2.52029e-06
1.81135e-06
9.02055e-07
2.71894e-08
-6.56061e-07
-1.03511e-06
-1.71225e-06
-2.43415e-06
-2.98229e-06
-3.23707e-06
-3.10507e-06
-3.39132e-06
-3.82366e-06
-4.1658e-06
-4.29332e-06
-4.79442e-06
-5.57828e-06
-6.53486e-06
-6.53486e-06
-8.09471e-06
-8.42868e-06
-9.01883e-06
-9.62877e-06
-1.00594e-05
-1.01924e-05
-1.06168e-05
-1.11069e-05
-1.14523e-05
-1.15389e-05
-1.19258e-05
-1.23781e-05
-1.26949e-05
-1.27682e-05
-1.25158e-05
-1.26863e-05
-1.30229e-05
-1.33034e-05
-1.33951e-05
-1.38498e-05
-1.47109e-05
-1.56851e-05
-1.65793e-05
-1.65793e-05
-1.76581e-05
-1.83025e-05
-1.89747e-05
-1.9478e-05
-1.9702e-05
-1.95762e-05
-1.98185e-05
-2.01935e-05
-2.0495e-05
-2.06154e-05
-2.0469e-05
-2.07459e-05
-2.11984e-05
-2.16109e-05
-2.18678e-05
-2.24537e-05
-2.32857e-05
-2.42708e-05
-2.53548e-05
-2.63282e-05
-2.70556e-05
-2.80223e-05
-2.90055e-05
-2.98198e-05
-3.0365e-05
-3.05604e-05
-3.09177e-05
-3.1243e-05
-3.13687e-05
-3.12202e-05
-3.14194e-05
-3.17359e-05
-3.19724e-05
-3.20226e-05
-3.2327e-05
-3.3123e-05
-3.41957e-05
-3.53012e-05
-3.62832e-05
-3.70361e-05
-3.79714e-05
-3.88777e-05
-3.95832e-05
-3.99889e-05
-4.05267e-05
-4.10075e-05
-4.12782e-05
-4.12478e-05
-4.08659e-05
-4.07121e-05
-4.07121e-05
-4.03512e-05
-3.99012e-05
-3.91798e-05
-3.87392e-05
-3.83916e-05
-3.79747e-05
-3.74033e-05
-3.70692e-05
-3.70066e-05
-3.70056e-05
-3.69313e-05
-3.67032e-05
-3.62475e-05
-3.59682e-05
-3.57066e-05
-3.53326e-05
-3.47811e-05
-3.44538e-05
-3.41929e-05
-3.38591e-05
-3.33812e-05
-3.31447e-05
-3.29874e-05
-3.27704e-05
-3.24104e-05
-3.18497e-05
-3.15984e-05
-3.14856e-05
-3.13569e-05
-3.1133e-05
-3.12889e-05
-3.17361e-05
-3.22743e-05
-3.27805e-05
-3.31599e-05
-3.33416e-05
-3.37026e-05
-3.40939e-05
-3.43882e-05
-3.45166e-05
-3.48388e-05
-3.52034e-05
-3.54771e-05
-3.55817e-05
-3.54672e-05
-3.56051e-05
-3.58323e-05
-3.60089e-05
-3.60587e-05
-3.64066e-05
-3.69718e-05
-3.75704e-05
-3.80902e-05
-3.80902e-05
-3.8583e-05
-3.87293e-05
-3.87808e-05
-3.86429e-05
-3.82617e-05
-3.80756e-05
-3.79408e-05
-3.7732e-05
-3.73842e-05
-3.68456e-05
-3.68456e-05
-3.62903e-05
-3.60041e-05
-3.55974e-05
-3.5032e-05
-3.47094e-05
-3.45705e-05
-3.44599e-05
-3.42791e-05
-3.39671e-05
-3.39671e-05
-3.37026e-05
-3.35138e-05
-3.31934e-05
-3.27043e-05
-3.24357e-05
-3.22512e-05
-3.20332e-05
-3.17216e-05
-3.12816e-05
-3.07985e-05
-3.07985e-05
-2.96995e-05
-2.89755e-05
-2.81002e-05
-2.73857e-05
-2.6729e-05
-2.60487e-05
-2.60487e-05
-2.44483e-05
-2.44483e-05
-2.34368e-05
-2.30336e-05
-2.2602e-05
-2.21044e-05
-2.19038e-05
-2.18664e-05
-2.18754e-05
-2.18634e-05
-2.21635e-05
-2.26245e-05
-2.31942e-05
-2.37693e-05
-2.42629e-05
-2.46144e-05
-2.50891e-05
-2.55737e-05
-2.59691e-05
-2.62227e-05
-2.65905e-05
-2.6959e-05
-2.72335e-05
-2.73626e-05
-2.73084e-05
-2.7411e-05
-2.78516e-05
-2.83978e-05
-2.89179e-05
-2.96726e-05
-3.05185e-05
-3.13877e-05
-3.21748e-05
-3.28009e-05
-3.32131e-05
-3.36426e-05
-3.39904e-05
-3.41797e-05
-3.41738e-05
-3.39485e-05
-3.38126e-05
-3.36752e-05
-3.34541e-05
-3.31114e-05
-3.28588e-05
-3.27207e-05
-3.2588e-05
-3.23912e-05
-3.20886e-05
-3.16466e-05
-3.12792e-05
-3.09049e-05
-3.04555e-05
-2.9893e-05
-2.94209e-05
-2.89569e-05
-2.8429e-05
-2.77989e-05
-2.72642e-05
-2.6746e-05
-2.61728e-05
-2.55062e-05
-2.47185e-05
-2.40722e-05
-2.34799e-05
-2.28628e-05
-2.21816e-05
-2.16799e-05
-2.13132e-05
-2.13132e-05
-2.06154e-05
-2.01765e-05
-1.9633e-05
-1.9633e-05
-1.87391e-05
-1.825e-05
-1.76785e-05
-1.70023e-05
-1.6484e-05
-1.60385e-05
-1.55895e-05
-1.5094e-05
-1.47909e-05
-1.45805e-05
-1.44331e-05
-1.42778e-05
-1.40599e-05
-1.37415e-05
-1.35172e-05
-1.33105e-05
-1.30538e-05
-1.27071e-05
-1.24584e-05
-1.22272e-05
-1.19422e-05
-1.15732e-05
-1.10975e-05
-1.07688e-05
-1.05072e-05
-1.02362e-05
-9.91786e-06
-9.73188e-06
-9.77684e-06
-9.96689e-06
-1.02018e-05
-1.041e-05
-1.05393e-05
-1.07614e-05
-1.09895e-05
-1.11484e-05
-1.11945e-05
-1.13071e-05
-1.14111e-05
-1.14378e-05
-1.13479e-05
-1.11143e-05
-1.09757e-05
-1.08556e-05
-1.06861e-05
-1.04344e-05
-1.00738e-05
-9.83749e-06
-9.64682e-06
-9.4267e-06
-9.13464e-06
-8.93265e-06
-8.79573e-06
-8.69156e-06
-8.55315e-06
-8.32813e-06
-7.98117e-06
-7.68336e-06
-7.36518e-06
-6.97012e-06
-6.46775e-06
-6.0272e-06
-5.58379e-06
-5.07684e-06
-4.47459e-06
-3.75483e-06
-3.14706e-06
-2.58095e-06
-1.99263e-06
-1.35182e-06
-6.30489e-07
-5.4144e-08
4.48235e-07
9.46735e-07
1.48434e-06
1.89319e-06
2.19264e-06
2.41072e-06
2.61576e-06
2.85854e-06
3.17412e-06
3.38145e-06
3.54919e-06
3.73919e-06
3.98717e-06
3.98717e-06
4.21528e-06
4.33537e-06
4.52254e-06
4.59775e-06
4.64013e-06
4.71958e-06
4.87855e-06
5.14911e-06
5.29534e-06
5.39988e-06
5.53335e-06
5.73245e-06
6.02502e-06
6.17211e-06
6.25692e-06
6.35746e-06
6.51733e-06
6.50931e-06
6.41931e-06
6.27089e-06
6.12175e-06
6.12175e-06
6.00891e-06
5.89888e-06
5.76742e-06
5.68116e-06
5.68022e-06
5.58822e-06
5.48049e-06
5.48049e-06
5.45528e-06
5.60455e-06
5.63256e-06
5.62436e-06
5.65392e-06
5.76031e-06
5.76031e-06
6.06949e-06
6.12409e-06
6.21526e-06
6.38588e-06
6.4129e-06
6.33357e-06
6.24483e-06
6.2027e-06
6.24552e-06
6.40313e-06
6.49562e-06
6.59351e-06
6.73556e-06
6.96001e-06
7.09832e-06
7.22275e-06
7.39369e-06
7.64745e-06
8.00903e-06
8.24072e-06
8.41841e-06
8.60949e-06
8.84828e-06
9.16384e-06
9.16384e-06
1.00563e-05
1.0623e-05
1.12782e-05
1.18185e-05
1.22482e-05
1.25761e-05
1.28552e-05
1.31271e-05
1.34237e-05
1.34237e-05
1.35914e-05
1.36015e-05
1.36202e-05
1.34602e-05
1.32048e-05
1.29255e-05
1.26659e-05
1.2248e-05
1.17542e-05
1.12559e-05
1.0794e-05
1.04077e-05
9.84675e-06
9.84675e-06
8.55563e-06
7.94922e-06
7.15363e-06
6.26192e-06
5.30937e-06
4.36676e-06
3.49302e-06
2.72835e-06
1.89743e-06
1.07862e-06
1.07862e-06
-2.76582e-07
-9.50803e-07
-9.50803e-07
-2.18054e-06
-2.6346e-06
-2.94885e-06
-3.34853e-06
-3.75991e-06
-4.11895e-06
-4.38639e-06
-4.71621e-06
-5.08317e-06
-5.46261e-06
-5.79448e-06
-6.0388e-06
-6.16318e-06
-6.32647e-06
-6.46872e-06
-6.53911e-06
-6.50693e-06
-6.53212e-06
-6.56185e-06
-6.56185e-06
-6.46702e-06
-6.30005e-06
-6.24968e-06
-6.24848e-06
-6.23813e-06
-6.18317e-06
-6.05723e-06
-6.05066e-06
-6.09606e-06
-6.13512e-06
-6.13912e-06
-6.24802e-06
-6.47831e-06
-6.47831e-06
-7.00736e-06
-7.2162e-06
-7.34659e-06
-7.54343e-06
-7.74645e-06
-7.90316e-06
-7.98453e-06
-8.12731e-06
-8.26954e-06
-8.36164e-06
-8.37557e-06
-8.28847e-06
-8.28339e-06
-8.29768e-06
-8.28709e-06
-8.22873e-06
-8.1087e-06
-8.14308e-06
-8.2603e-06
-8.39682e-06
-8.5163e-06
-8.58867e-06
-8.73884e-06
-8.9103e-06
-9.05112e-06
-9.12927e-06
-9.12307e-06
-9.20672e-06
-9.32339e-06
-9.41922e-06
-9.46515e-06
-9.58233e-06
-9.7536e-06
-9.95768e-06
-1.015e-05
-1.02966e-05
-1.03747e-05
-1.05082e-05
-1.06489e-05
-1.06489e-05
-1.07962e-05
-1.08949e-05
-1.09997e-05
-1.10666e-05
-1.10684e-05
-1.09887e-05
-1.09798e-05
-1.09864e-05
-1.0964e-05
-1.08888e-05
-1.0745e-05
-1.06801e-05
-1.06394e-05
-1.05799e-05
-1.04778e-05
-1.04424e-05
-1.04552e-05
-1.04926e-05
-1.05092e-05
-1.04742e-05
-1.03695e-05
-1.03069e-05
-1.02478e-05
-1.01589e-05
-1.00204e-05
-9.93875e-06
-9.87249e-06
-9.78356e-06
-9.64904e-06
-9.45637e-06
-9.34814e-06
-9.27619e-06
-9.20037e-06
-9.10188e-06
-8.96585e-06
-8.93034e-06
-8.94637e-06
-8.972e-06
-8.98557e-06
-9.08527e-06
-9.28061e-06
-9.5157e-06
-9.7525e-06
-9.96499e-06
-1.01374e-05
-1.03727e-05
-1.06285e-05
-1.08668e-05
-1.10668e-05
-1.13251e-05
-1.15935e-05
-1.18322e-05
-1.20193e-05
-1.21366e-05
-1.23066e-05
-1.24874e-05
-1.2642e-05
-1.2642e-05
-1.27501e-05
-1.29083e-05
-1.30347e-05
-1.31407e-05
-1.3207e-05
-1.33421e-05
-1.35036e-05
-1.36774e-05
-1.38367e-05
-1.39563e-05
-1.40194e-05
-1.41102e-05
-1.4195e-05
-1.42428e-05
-1.42359e-05
-1.42491e-05
-1.42495e-05
-1.42083e-05
-1.4112e-05
-1.39532e-05
-1.37315e-05
-1.34395e-05
-1.30747e-05
-1.26399e-05
-1.22414e-05
-1.18598e-05
-1.14754e-05
-1.10794e-05
-1.06654e-05
-1.03315e-05
-1.0067e-05
-9.84469e-06
-9.64915e-06
-9.47073e-06
-9.37884e-06
-9.34058e-06
-9.32864e-06
-9.3259e-06
-9.39909e-06
-9.51502e-06
-9.64331e-06
-9.76501e-06
-9.86282e-06
-1.00013e-05
-1.01478e-05
-1.02836e-05
-1.03858e-05
-1.05357e-05
-1.06956e-05
-1.08347e-05
-1.09351e-05
-1.0986e-05
-1.10713e-05
-1.1162e-05
-1.12306e-05
-1.12654e-05
-1.13258e-05
-1.14003e-05
-1.14793e-05
-1.15414e-05
-1.15728e-05
-1.15629e-05
-1.15717e-05
-1.15694e-05
-1.15344e-05
-1.15344e-05
-1.13858e-05
-1.13066e-05
-1.11979e-05
-1.10484e-05
-1.09303e-05
-1.08188e-05
-1.06915e-05
-1.05336e-05
-1.03326e-05
-1.03326e-05
-9.97237e-06
-9.80084e-06
-9.60924e-06
-9.38604e-06
-9.12472e-06
-8.87915e-06
-8.63214e-06
-8.36756e-06
-8.07876e-06
-7.82057e-06
-7.57205e-06
-7.31436e-06
-7.03753e-06
-6.79554e-06
-6.57045e-06
-6.34462e-06
-6.10703e-06
-5.85108e-06
-5.57325e-06
-5.27946e-06
-4.96826e-06
-4.63837e-06
-4.28885e-06
-3.99506e-06
-3.73579e-06
-3.49036e-06
-3.2503e-06
-3.08386e-06
-2.9791e-06
-2.9791e-06
-2.86693e-06
-2.83489e-06
-2.80618e-06
-2.83672e-06
-2.90448e-06
-2.99155e-06
-3.08679e-06
-3.2405e-06
-3.42908e-06
-3.62851e-06
-3.82454e-06
-4.0067e-06
-4.23643e-06
-4.48476e-06
-4.7261e-06
-4.94612e-06
-5.13137e-06
-5.13137e-06
-5.55735e-06
-5.73876e-06
-5.87463e-06
-5.87463e-06
-6.01104e-06
-6.1394e-06
-6.33322e-06
-6.3665e-06
-6.34285e-06
-6.30412e-06
-6.30412e-06
-6.10787e-06
-5.92806e-06
-5.68827e-06
-5.44716e-06
-5.19138e-06
-4.90737e-06
-4.58699e-06
-4.29003e-06
-4.00059e-06
-3.71748e-06
-3.42665e-06
-3.12045e-06
-2.79509e-06
-2.4998e-06
-2.21772e-06
-1.93618e-06
-1.64885e-06
-1.39982e-06
-1.17326e-06
-9.53494e-07
-7.3202e-07
-5.67193e-07
-4.34559e-07
-3.1502e-07
-1.97218e-07
-7.36943e-08
5.99977e-08
1.88978e-07
3.05568e-07
4.19208e-07
5.36516e-07
6.61489e-07
7.40483e-07
7.86239e-07
8.10533e-07
8.19093e-07
7.59871e-07
6.53365e-07
5.18609e-07
3.66765e-07
2.09566e-07
-1.13267e-08
-2.69167e-07
-5.39383e-07
-8.03334e-07
-1.10127e-06
-1.42131e-06
-1.74807e-06
-2.06081e-06
-2.34632e-06
-2.59768e-06
-2.86223e-06
-3.12494e-06
-3.36917e-06
-3.58129e-06
-3.75356e-06
-3.88683e-06
-3.97766e-06
-4.02307e-06
-4.06947e-06
-4.09943e-06
-4.09827e-06
-4.05559e-06
-3.96289e-06
-3.86728e-06
-3.75121e-06
-3.6002e-06
-3.40851e-06
-3.17162e-06
-2.93451e-06
-2.68518e-06
-2.41056e-06
-2.10446e-06
-1.8049e-06
-1.50885e-06
-1.2123e-06
-9.01799e-07
-5.71e-07
-2.15527e-07
1.22074e-07
4.54112e-07
7.86362e-07
1.12186e-06
1.41653e-06
1.41653e-06
1.68473e-06
1.9381e-06
2.43135e-06
2.62087e-06
2.77397e-06
2.90784e-06
3.03424e-06
3.11173e-06
3.1483e-06
3.15233e-06
3.14191e-06
3.13136e-06
3.13163e-06
3.10271e-06
3.06835e-06
3.04706e-06
3.04793e-06
3.02567e-06
3.00025e-06
2.9881e-06
2.99935e-06
3.04121e-06
3.05413e-06
3.06159e-06
3.0814e-06
3.12107e-06
3.13552e-06
3.13552e-06
3.09972e-06
3.09121e-06
3.10441e-06
3.14508e-06
3.14508e-06
3.19516e-06
3.242e-06
3.31945e-06
3.43177e-06
3.57305e-06
3.74445e-06
3.94539e-06
4.11972e-06
4.28042e-06
4.44054e-06
4.60925e-06
4.79384e-06
4.93125e-06
5.03758e-06
5.13116e-06
5.22416e-06
5.32501e-06
5.36917e-06
5.36917e-06
5.37307e-06
5.37307e-06
5.3018e-06
5.19977e-06
5.06986e-06
4.93532e-06
4.81369e-06
4.71805e-06
4.6029e-06
4.49255e-06
4.40088e-06
4.34401e-06
4.27425e-06
4.21347e-06
4.17868e-06
4.18189e-06
4.17182e-06
4.16838e-06
4.19031e-06
4.24933e-06
4.34997e-06
4.4265e-06
4.49669e-06
4.57879e-06
4.67942e-06
4.80339e-06
4.88181e-06
4.87668e-06
4.83556e-06
4.77852e-06
4.65044e-06
4.46669e-06
4.26148e-06
4.0549e-06
3.86089e-06
3.69061e-06
3.49546e-06
3.29943e-06
3.12239e-06
2.97789e-06
2.97789e-06
2.66022e-06
2.52923e-06
2.52923e-06
2.33102e-06
2.2333e-06
2.2333e-06
2.12071e-06
2.12408e-06
2.10399e-06
2.08334e-06
2.08076e-06
2.10705e-06
2.16627e-06
2.19595e-06
2.21814e-06
2.24901e-06
2.29654e-06
2.30034e-06
2.30034e-06
2.25408e-06
2.23381e-06
2.23491e-06
2.2658e-06
2.27832e-06
2.29085e-06
2.31738e-06
2.36778e-06
2.39666e-06
2.42519e-06
2.4692e-06
2.53446e-06
2.62779e-06
2.62779e-06
2.73161e-06
