0.000110572
0.000110572
0.0001101
0.0001101
0.000109977
0.000109977
0.000109977
0.000109977
0.000109394
0.000109394
0.000109394
0.000109394
0.000108665
0.000108665
0.000108665
0.000108665
0.000108665
0.000107565
0.000107565
0.000107565
0.000107565
0.000106286
0.000106286
0.000106013
0.000106013
0.000106013
0.000106013
0.000104874
0.000104874
0.000104874
0.000104874
0.000103688
0.000103688
0.000103688
0.000103688
0.000103688
0.000102204
0.000102204
0.000102204
0.000102204
0.000101085
0.000100572
0.000100572
0.000100572
0.000100572
0.000100572
9.9695e-05
9.9695e-05
9.9695e-05
9.9695e-05
9.9101e-05
9.9101e-05
9.9101e-05
9.9101e-05
9.89064e-05
9.89064e-05
9.89064e-05
9.89064e-05
9.89064e-05
9.94319e-05
9.94319e-05
9.94319e-05
9.94319e-05
9.94319e-05
0.000101094
0.000101094
0.000101094
0.000101094
0.00010424
0.000105082
0.000105082
0.000105082
0.000105082
0.000105082
0.000108096
0.000108096
0.000108096
0.000108096
0.000114971
0.000114971
0.000114971
0.000114971
0.000114971
0.000124596
0.000124596
0.000124596
0.000124596
0.000137534
0.000137534
0.000140573
0.000140573
0.000140573
0.000140573
0.000154404
0.000154404
0.000154404
0.000154404
0.000171143
0.000171143
0.000171143
0.000171143
0.000171143
0.000191084
0.000191084
0.000191084
0.000191084
0.000222787
0.000222787
0.000222787
0.000222787
0.000222787
0.000269242
0.000269242
0.000269242
0.000269242
0.000269242
0.000338606
0.000338606
0.000338606
0.000338606
0.000414578
0.000460022
0.000460022
0.000460022
0.000460022
0.000537805
0.000537805
0.000537805
0.000537805
0.000537805
0.000692704
0.000692704
0.000692704
0.000692704
0.000692704
0.000876957
0.000876957
0.000876957
0.000876957
0.001088
0.001088
0.00113327
0.00113327
0.00113327
0.00113327
0.00132428
0.00132428
0.00132428
0.00132428
0.00153111
0.00153111
0.00153111
0.00153111
0.00175393
0.00175393
0.00175393
0.00175393
0.00175393
0.00205591
0.00205591
0.00205591
0.00205591
0.00231739
0.00238567
0.00245513
0.00245513
0.00245513
0.00245513
0.00274521
0.00274521
0.00274521
0.00274521
0.00305538
0.00305538
0.00305538
0.00305538
0.00305538
0.00347212
0.00347212
0.00347212
0.00347212
0.00382943
0.00401627
0.00401627
0.00401627
0.00401627
0.00401627
0.00440651
0.00440651
0.00440651
0.00440651
0.0048184
0.0048184
0.0048184
0.0048184
0.0048184
0.00536294
0.00536294
0.00536294
0.00536294
0.00536294
0.00594053
0.00594053
0.00594053
0.00594053
0.00655224
0.00655224
0.00655224
0.00655224
0.00655224
0.00720013
0.00720013
0.00733429
0.00733429
0.00733429
0.00733429
0.00788698
0.00788698
0.00788698
0.00788698
0.00846618
0.00846618
0.00846618
0.00846618
0.00846618
0.0092286
0.0092286
0.0092286
0.0092286
0.00987015
0.0100349
0.0102015
0.0102015
0.0102015
0.0102015
0.0108848
0.0108848
0.0108848
0.0108848
0.0115954
0.0115954
0.0115954
0.0115954
0.0115954
0.0125218
0.0125218
0.0125218
0.0125218
0.0134917
0.0136912
0.0136912
0.0136912
0.0136912
0.0143007
0.0143007
0.0143007
0.0143007
0.0143007
0.0153554
0.0153554
0.0153554
0.0153554
0.0164606
0.0164606
0.016688
0.016688
0.016688
0.016688
0.0176189
0.0176189
0.0176189
0.0176189
0.0176189
0.0188323
0.0188323
0.0188323
0.0188323
0.0198433
0.0201017
0.0203624
0.0203624
0.0203624
0.0203624
0.0214281
0.0214281
0.0214281
0.0214281
0.0225307
0.0225307
0.0225307
0.0225307
0.0236703
0.0236703
0.0236703
0.0236703
0.0236703
0.0251477
0.0251477
0.0251477
0.0251477
0.0263723
0.0266845
0.0269991
0.0269991
0.0269991
0.0269991
0.0282822
0.0282822
0.0282822
0.0282822
0.0296053
0.0296053
0.0296053
0.0296053
0.0296053
0.0313159
0.0313159
0.0313159
0.0313159
0.0327303
0.0330903
0.033453
0.033453
0.033453
0.033453
0.0349296
0.0349296
0.0349296
0.0349296
0.0364469
0.0364469
0.0364469
0.0364469
0.0380033
0.0380033
0.0380033
0.0380033
0.0380033
0.0400037
0.0400037
0.0400037
0.0400037
0.0400037
0.0420666
0.0420666
0.0420666
0.0420666
0.0441949
0.0446289
0.0446289
0.0446289
0.0446289
0.0446289
0.0463935
0.0463935
0.0463935
0.0463935
0.0482062
0.0482062
0.0482062
0.0482062
0.050068
0.050068
0.050068
0.050068
0.050068
0.0524645
0.0524645
0.0524645
0.0524645
0.0549381
0.0554422
0.0554422
0.0554422
0.0554422
0.0554422
0.0574899
0.0574899
0.0574899
0.0574899
0.0595878
0.0595878
0.0595878
0.0595878
0.0595878
0.0622795
0.0622795
0.0622795
0.0622795
0.0650481
0.0656112
0.0656112
0.0656112
0.0656112
0.0656112
0.0678952
0.0678952
0.0678952
0.0678952
0.0702304
0.0702304
0.0702304
0.0702304
0.0702304
0.073221
0.073221
0.073221
0.073221
0.0756685
0.0762875
0.0769093
0.0769093
0.0769093
0.0769093
0.0794235
0.0794235
0.0794235
0.0794235
0.0819792
0.0819792
0.0819792
0.0819792
0.0819792
0.085231
0.085231
0.085231
0.085231
0.0878827
0.0885534
0.0892275
0.0892275
0.0892275
0.0892275
0.0919587
0.0919587
0.0919587
0.0919587
0.0919587
0.095457
0.095457
0.095457
0.095457
0.095457
0.0990538
0.0997852
0.0997852
0.0997852
0.0997852
0.102751
0.102751
0.102751
0.102751
0.102751
0.105777
0.105777
0.105777
0.105777
0.109635
0.109635
0.109635
0.109635
0.109635
0.113572
0.113572
0.113572
0.113572
0.113572
0.117589
0.118403
0.118403
0.118403
0.118403
0.12169
0.12169
0.12169
0.12169
0.125035
0.125035
0.125035
0.125035
0.125035
0.129298
0.129298
0.129298
0.129298
0.129298
0.133656
0.133656
0.133656
0.133656
0.138112
0.138112
0.139015
0.139015
0.139015
0.139015
0.142671
0.142671
0.142671
0.142671
0.146392
0.146392
0.146392
0.146392
0.146392
0.151134
0.151134
0.151134
0.151134
0.155
0.155977
0.156958
0.156958
0.156958
0.156958
0.160931
0.160931
0.160931
0.160931
0.16498
0.16498
0.16498
0.16498
0.16498
0.170148
0.170148
0.170148
0.170148
0.170148
0.176503
0.176503
0.176503
0.176503
0.176503
0.180828
0.180828
0.180828
0.180828
0.185221
0.185221
0.185221
0.185221
0.185221
0.189676
0.189676
0.189676
0.189676
0.195328
0.195328
0.195328
0.195328
0.201071
0.201071
0.20223
0.20223
0.20223
0.20223
0.206907
0.206907
0.206907
0.206907
0.206907
0.212838
0.212838
0.212838
0.212838
0.218858
0.218858
0.218858
0.218858
0.218858
0.224968
0.226201
0.226201
0.226201
0.226201
0.229919
0.229919
0.229919
0.229919
0.229919
0.236187
0.236187
0.236187
0.236187
0.242539
0.242539
0.243819
0.243819
0.243819
0.243819
0.248975
0.248975
0.248975
0.248975
0.248975
0.255498
0.255498
0.255498
0.255498
0.262106
0.262106
0.263438
0.263438
0.263438
0.263438
0.2688
0.2688
0.2688
0.2688
0.274219
0.274219
0.274219
0.274219
0.274219
0.281071
0.281071
0.281071
0.281071
0.288007
0.289405
0.289405
0.289405
0.289405
0.289405
0.295029
0.295029
0.295029
0.295029
0.300708
0.300708
0.300708
0.300708
0.300708
0.307879
0.307879
0.307879
0.307879
0.315133
0.315133
0.316594
0.316594
0.316594
0.316594
0.322472
0.322472
0.322472
0.322472
0.328406
0.328406
0.328406
0.328406
0.3359
0.3359
0.3359
0.3359
0.3359
0.343481
0.345009
0.345009
0.345009
0.345009
0.349612
0.349612
0.349612
0.349612
0.349612
0.357357
0.357357
0.357357
0.357357
0.357357
0.365185
0.365185
0.365185
0.365185
0.371507
0.373096
0.374688
0.374688
0.374688
0.374688
0.381089
0.381089
0.381089
0.381089
0.387541
0.387541
0.387541
0.387541
0.394042
0.394042
0.394042
0.394042
0.394042
0.402227
0.402227
0.402227
0.402227
0.402227
0.410464
0.410464
0.410464
0.410464
0.417085
0.418746
0.420408
0.420408
0.420408
0.420408
0.427079
0.427079
0.427079
0.427079
0.43379
0.43379
0.43379
0.43379
0.43379
0.44224
0.44224
0.44224
0.44224
0.450767
0.450767
0.452483
0.452483
0.452483
0.452483
0.459384
0.459384
0.459384
0.459384
0.46635
0.46635
0.46635
0.46635
0.46635
0.475148
0.475148
0.475148
0.475148
0.484049
0.484049
0.485841
0.485841
0.485841
0.485841
0.493051
0.493051
0.493051
0.493051
0.500327
0.500327
0.500327
0.500327
0.500327
0.509506
0.509506
0.509506
0.509506
0.516911
0.518771
0.520634
0.520634
0.520634
0.520634
0.528119
0.528119
0.528119
0.528119
0.535653
0.535653
0.535653
0.535653
0.535653
0.545133
0.545133
0.545133
0.545133
0.554672
0.554672
0.556587
0.556587
0.556587
0.556587
0.564268
0.564268
0.564268
0.564268
0.571981
0.571981
0.571981
0.571981
0.579726
0.579726
0.579726
0.579726
0.579726
0.589451
0.589451
0.589451
0.589451
0.599232
0.601196
0.601196
0.601196
0.601196
0.601196
0.609078
0.609078
0.609078
0.609078
0.617003
0.617003
0.617003
0.617003
0.617003
0.626971
0.626971
0.626971
0.626971
0.634992
0.639018
0.639018
0.639018
0.639018
0.639018
0.647103
0.647103
0.647103
0.647103
0.65523
0.65523
0.65523
0.65523
0.65523
0.665441
0.665441
0.665441
0.665441
0.673649
0.677765
0.677765
0.677765
0.677765
0.677765
0.686016
0.686016
0.686016
0.686016
0.686016
0.69429
0.69429
0.69429
0.69429
0.704656
0.704656
0.704656
0.704656
0.704656
0.715047
0.715047
0.715047
0.715047
0.72547
0.727559
0.727559
0.727559
0.727559
0.727559
0.735926
0.735926
0.735926
0.735926
0.744309
0.744309
0.744309
0.744309
0.744309
0.752705
0.752705
0.752705
0.752705
0.763219
0.763219
0.763219
0.763219
0.763219
0.77376
0.77376
0.77376
0.77376
0.784341
0.784341
0.786463
0.786463
0.786463
0.786463
0.79497
0.79497
0.79497
0.79497
0.79497
0.805648
0.805648
0.805648
0.805648
0.805648
0.81637
0.81852
0.81852
0.81852
0.81852
0.824981
0.824981
0.824981
0.824981
0.835785
0.835785
0.835785
0.835785
0.835785
0.846624
0.846624
0.846624
0.846624
0.855317
0.85967
0.85967
0.85967
0.85967
0.85967
0.868389
0.868389
0.868389
0.868389
0.877124
0.877124
0.877124
0.877124
0.877124
0.888062
0.888062
0.888062
0.888062
0.899021
0.901215
0.901215
0.901215
0.901215
0.901215
0.910005
0.910005
0.910005
0.910005
0.918811
0.918811
0.918811
0.918811
0.927631
0.927631
0.927631
0.927631
0.927631
0.938672
0.938672
0.938672
0.938672
0.938672
0.949732
0.951947
0.951947
0.951947
0.951947
0.960814
0.960814
0.960814
0.960814
0.969693
0.969693
0.969693
0.969693
0.980803
0.980803
0.980803
0.980803
0.980803
0.989694
0.991916
0.994139
0.994139
0.994139
0.994139
1.00303
1.00303
1.00303
1.00303
1.01191
1.01191
1.01191
1.01191
1.01191
1.02301
1.02301
1.02301
1.02301
1.03406
1.03406
1.03406
1.03406
1.03406
1.04287
1.04506
1.04725
1.04725
1.04725
1.04725
1.05599
1.05599
1.05599
1.05599
1.05599
1.06685
1.06685
1.06685
1.06685
1.07765
1.07981
1.07981
1.07981
1.07981
1.07981
1.08842
1.08842
1.08842
1.08842
1.09701
1.09701
1.09701
1.09701
1.09701
1.10775
1.10775
1.10775
1.10775
1.11633
1.11848
1.12062
1.12062
1.12062
1.12062
1.12921
1.12921
1.12921
1.12921
1.1378
1.1378
1.1378
1.1378
1.1378
1.14854
1.14854
1.14854
1.14854
1.15714
1.15929
1.16144
1.16144
1.16144
1.16144
1.17004
1.17004
1.17004
1.17004
1.17864
1.17864
1.17864
1.17864
1.17864
1.18939
1.18939
1.18939
1.18939
1.18939
1.20014
1.20014
1.20014
1.20014
1.21088
1.21088
1.21303
1.21303
1.21303
1.21303
1.22162
1.22162
1.22162
1.22162
1.23021
1.23021
1.23021
1.23021
1.23021
1.24094
1.24094
1.24094
1.24094
1.24094
1.25165
1.25165
1.25165
1.25165
1.26021
1.26448
1.26448
1.26448
1.26448
1.26448
1.27302
1.27302
1.27302
1.27302
1.28154
1.28154
1.28154
1.28154
1.29005
1.29005
1.29005
1.29005
1.29005
1.30065
1.30065
1.30065
1.30065
1.3091
1.31332
1.31332
1.31332
1.31332
1.31332
1.32174
1.32174
1.32174
1.32174
1.32174
1.33223
1.33223
1.33223
1.33223
1.34059
1.34477
1.34477
1.34477
1.34477
1.34477
1.35309
1.35309
1.35309
1.35309
1.36139
1.36139
1.36139
1.36139
1.36139
1.37173
1.37173
1.37173
1.37173
1.38207
1.38413
1.38413
1.38413
1.38413
1.38413
1.39239
1.39239
1.39239
1.39239
1.39239
1.40269
1.40269
1.40269
1.40269
1.41296
1.41296
1.41501
1.41501
1.41501
1.41501
1.42319
1.42319
1.42319
1.42319
1.43132
1.43132
1.43132
1.43132
1.43132
1.44144
1.44144
1.44144
1.44144
1.44949
1.45149
1.4535
1.4535
1.4535
1.4535
1.4615
1.4615
1.4615
1.4615
1.4615
1.47143
1.47143
1.47143
1.47143
1.4813
1.4813
1.48326
1.48326
1.48326
1.48326
1.49107
1.49107
1.49107
1.49107
1.49882
1.49882
1.49882
1.49882
1.50651
1.50651
1.50651
1.50651
1.50651
1.51602
1.51602
1.51602
1.51602
1.52542
1.52542
1.52729
1.52729
1.52729
1.52729
1.53471
1.53471
1.53471
1.53471
1.53471
1.54388
1.54388
1.54388
1.54388
1.55287
1.55465
1.55465
1.55465
1.55465
1.55465
1.5617
1.5617
1.5617
1.5617
1.56864
1.56864
1.56864
1.56864
1.57548
1.57548
1.57548
1.57548
1.57548
1.58391
1.58391
1.58391
1.58391
1.58391
1.59223
1.59389
1.59389
1.59389
1.59389
1.60047
1.60047
1.60047
1.60047
1.60047
1.60864
1.60864
1.60864
1.60864
1.61675
1.61675
1.61837
1.61837
1.61837
1.61837
1.6232
1.6232
1.6232
1.6232
1.6312
1.6312
1.6312
1.6312
1.6312
1.63913
1.63913
1.63913
1.63913
1.63913
1.64698
1.64698
1.64698
1.64698
1.65475
1.65475
1.6563
1.6563
1.6563
1.6563
1.66245
1.66245
1.66245
1.66245
1.66245
1.67006
1.67006
1.67006
1.67006
1.67609
1.67759
1.67908
1.67908
1.67908
1.67908
1.68503
1.68503
1.68503
1.68503
1.69092
1.69092
1.69092
1.69092
1.69092
1.69821
1.69821
1.69821
1.69821
1.69821
1.70541
1.70541
1.70541
1.70541
1.70541
1.71253
1.71395
1.71395
1.71395
1.71395
1.71958
1.71958
1.71958
1.71958
1.72515
1.72515
1.72515
1.72515
1.72515
1.73068
1.73068
1.73068
1.73068
1.7375
1.7375
1.7375
1.7375
1.74423
1.74423
1.74557
1.74557
1.74557
1.74557
1.75087
1.75087
1.75087
1.75087
1.75087
1.75742
1.75742
1.75742
1.75742
1.7626
1.76516
1.76516
1.76516
1.76516
1.76516
1.77025
1.77025
1.77025
1.77025
1.77025
1.77653
1.77653
1.77653
1.77653
1.78272
1.78272
1.78394
1.78394
1.78394
1.78394
1.78882
1.78882
1.78882
1.78882
1.79364
1.79364
1.79364
1.79364
1.79364
1.79958
1.79958
1.79958
1.79958
1.79958
1.80544
1.80544
1.80544
1.80544
1.81119
1.81234
1.81234
1.81234
1.81234
1.81234
1.81574
1.81574
1.81574
1.81574
1.82133
1.82133
1.82133
1.82133
1.82133
1.82683
1.82683
1.82683
1.82683
1.83117
1.83225
1.83332
1.83332
1.83332
1.83332
1.83757
1.83757
1.83757
1.83757
1.84281
1.84281
1.84281
1.84281
1.84281
1.84694
1.84797
1.84899
1.84899
1.84899
1.84899
1.85303
1.85303
1.85303
1.85303
1.85702
1.85702
1.85702
1.85702
1.85702
1.86192
1.86192
1.86192
1.86192
1.86578
1.86769
1.86769
1.86769
1.86769
1.86769
1.87145
1.87145
1.87145
1.87145
1.87516
1.87516
1.87516
1.87516
1.87516
1.87971
1.87971
1.87971
1.87971
1.88328
1.88505
1.88505
1.88505
1.88505
1.88505
1.88854
1.88854
1.88854
1.88854
1.88854
1.89281
1.89281
1.89281
1.89281
1.897
1.897
1.89783
1.89783
1.89783
1.89783
1.9011
1.9011
1.9011
1.9011
1.90431
1.90431
1.90431
1.90431
1.90431
1.90822
1.90822
1.90822
1.90822
1.91203
1.91203
1.91278
1.91278
1.91278
1.91278
1.91575
1.91575
1.91575
1.91575
1.91865
1.91865
1.91865
1.91865
1.91865
1.92219
1.92219
1.92219
1.92219
1.92565
1.92565
1.92634
1.92634
1.92634
1.92634
1.92903
1.92903
1.92903
1.92903
1.92903
1.93233
1.93233
1.93233
1.93233
1.93555
1.93555
1.93618
1.93618
1.93618
1.93618
1.93869
1.93869
1.93869
1.93869
1.93869
1.94175
1.94175
1.94175
1.94175
1.94414
1.94473
1.94532
1.94532
1.94532
1.94532
1.94764
1.94764
1.94764
1.94764
1.9499
1.9499
1.9499
1.9499
1.95212
1.95212
1.95212
1.95212
1.95212
1.95483
1.95483
1.95483
1.95483
1.95693
1.95745
1.95797
1.95797
1.95797
1.95797
1.96001
1.96001
1.96001
1.96001
1.96001
1.9625
1.9625
1.9625
1.9625
1.96492
1.9654
1.9654
1.9654
1.9654
1.9654
1.96728
1.96728
1.96728
1.96728
1.96912
1.96912
1.96912
1.96912
1.96912
1.97136
1.97136
1.97136
1.97136
1.97136
1.97352
1.97352
1.97352
1.97352
1.9752
1.97562
1.97602
1.97602
1.97602
1.97602
1.97763
1.97763
1.97763
1.97763
1.97919
1.97919
1.97919
1.97919
1.97919
1.98107
1.98107
1.98107
1.98107
1.98253
1.98288
1.98323
1.98323
1.98323
1.98323
1.98461
1.98461
1.98461
1.98461
1.98461
1.98627
1.98627
1.98627
1.98627
1.98754
1.98815
1.98815
1.98815
1.98815
1.98815
1.98935
1.98935
1.98935
1.98935
1.9905
1.9905
1.9905
1.9905
1.9905
1.99187
1.99187
1.99187
1.99187
1.99292
1.99318
1.99344
1.99344
1.99344
1.99344
1.99443
1.99443
1.99443
1.99443
1.99538
1.99538
1.99538
1.99538
1.99538
1.99652
1.99652
1.99652
1.99652
1.99739
1.9976
1.99781
1.99781
1.99781
1.99781
1.99842
1.99842
1.99842
1.99842
1.9994
1.9994
1.9994
1.9994
1.9994
2.00033
2.00033
2.00033
2.00033
2.00121
2.00121
2.00138
2.00138
2.00138
2.00138
2.00204
2.00204
2.00204
2.00204
2.00266
2.00266
2.00266
2.00266
2.00266
2.00326
2.00326
2.00326
2.00326
2.00396
2.00396
2.00396
2.00396
2.00448
2.00474
2.00474
2.00474
2.00474
2.00474
2.00522
2.00522
2.00522
2.00522
2.00568
2.00568
2.00568
2.00568
2.00611
2.00611
2.00611
2.00611
2.00611
2.00661
2.00661
2.00661
2.00661
2.00698
2.00707
2.00716
2.00716
2.00716
2.00716
2.00749
2.00749
2.00749
2.00749
2.00765
2.00788
2.00788
2.00788
2.00788
2.00817
2.00831
2.00831
2.00831
2.00831
2.00831
2.00856
2.00856
2.00856
2.00856
2.0088
2.0088
2.0088
2.0088
2.0088
2.00906
2.00906
2.00906
2.00906
2.00926
2.00934
2.00934
2.00934
2.00934
2.00934
2.00951
2.00951
2.00951
2.00951
2.00966
2.00966
2.00966
2.00966
2.00982
2.00982
2.00982
2.00982
2.00982
2.00996
2.00998
2.00998
2.00998
2.00998
2.00998
2.01007
2.01007
2.01007
2.01007
2.01015
2.01015
2.01015
2.01015
2.01015
2.01022
2.01022
2.01022
2.01022
2.01022
2.01028
2.01028
2.01028
2.01028
2.01032
2.01033
2.01033
2.01033
2.01033
2.01033
2.01035
2.01035
2.01035
2.01035
2.01035
2.01036
2.01036
2.01036
2.01036
2.01036
2.01036
2.01035
2.01035
2.01035
2.01035
2.01034
2.01034
2.01034
2.01034
2.01032
2.01032
2.01032
2.01032
2.01029
2.01029
2.01029
2.01029
2.01029
2.01024
2.01024
2.01024
2.01024
2.01024
2.01019
2.01019
2.01019
2.01019
2.01014
2.01011
2.01011
2.01011
2.01011
2.01011
2.01005
2.01005
2.01005
2.01005
2.00999
2.00999
2.00999
2.00999
2.00992
2.00992
2.00992
2.00992
2.00992
2.00983
2.00983
2.00983
2.00983
2.00976
2.00974
2.00972
2.00972
2.00972
2.00972
2.00964
2.00964
2.00964
2.00964
2.00964
2.00953
2.00953
2.00953
2.00953
2.00943
2.00941
2.00941
2.00941
2.00941
2.00941
2.00932
2.00932
2.00932
2.00932
2.00923
2.00923
2.00923
2.00923
2.00923
2.00912
2.00912
2.00912
2.00912
2.00903
2.00901
2.00899
2.00899
2.00899
2.00899
2.0089
2.0089
2.0089
2.0089
2.00881
2.00881
2.00881
2.00881
2.00881
2.0087
2.0087
2.0087
2.0087
2.00858
2.00858
2.00856
2.00856
2.00856
2.00856
2.00847
2.00847
2.00847
2.00847
2.00838
2.00838
2.00838
2.00838
2.00829
2.00829
2.00829
2.00829
2.00829
2.00818
2.00818
2.00818
2.00818
2.00818
2.00807
2.00807
2.00807
2.00807
2.00798
2.00794
2.00794
2.00794
2.00794
2.00794
2.00785
2.00785
2.00785
2.00785
2.00776
2.00776
2.00776
2.00776
2.00767
2.00767
2.00767
2.00767
2.00767
2.00757
2.00757
2.00757
2.00757
2.00748
2.00746
2.00743
2.00743
2.00743
2.00743
2.00735
2.00735
2.00735
2.00735
2.00735
2.00724
2.00724
2.00724
2.00724
2.00715
2.00713
2.00711
2.00711
2.00711
2.00711
2.00702
2.00702
2.00702
2.00702
2.00694
2.00694
2.00694
2.00694
2.00694
2.00683
2.00683
2.00683
2.00683
2.00675
2.00672
2.0067
2.0067
2.0067
2.0067
2.00662
2.00662
2.00662
2.00662
2.00662
2.00652
2.00652
2.00652
2.00652
2.00643
2.00639
2.00639
2.00639
2.00639
2.00639
2.00631
2.00631
2.00631
2.00631
2.00623
2.00623
2.00623
2.00623
2.00615
2.00615
2.00615
2.00615
2.00615
2.00605
2.00605
2.00605
2.00605
2.00597
2.00593
2.00593
2.00593
2.00593
2.00593
2.00586
2.00586
2.00586
2.00586
2.00586
2.00576
2.00576
2.00576
2.00576
2.00576
2.00567
2.00567
2.00567
2.00567
2.00559
2.00557
2.00555
2.00555
2.00555
2.00555
2.00548
2.00548
2.00548
2.00548
2.00548
2.00541
2.00541
2.00541
2.00541
2.00532
2.00532
2.00532
2.00532
2.00525
2.00523
2.00521
2.00521
2.00521
2.00521
2.00514
2.00514
2.00514
2.00514
2.00508
2.00508
2.00508
2.00508
2.00508
2.00499
2.00499
2.00499
2.00499
2.00499
2.00491
2.00491
2.00491
2.00491
2.00485
2.00482
2.00482
2.00482
2.00482
2.00482
2.00475
2.00475
2.00475
2.00475
2.00469
2.00469
2.00469
2.00469
2.00463
2.00463
2.00463
2.00463
2.00463
2.00456
2.00456
2.00456
2.00456
2.00448
2.00447
2.00447
2.00447
2.00447
2.00447
2.00441
2.00441
2.00441
2.00441
2.00435
2.00435
2.00435
2.00435
2.00435
2.00429
2.00429
2.00429
2.00429
2.00422
2.0042
2.0042
2.0042
2.0042
2.0042
2.00416
2.00416
2.00416
2.00416
2.0041
2.0041
2.0041
2.0041
2.0041
2.00404
2.00404
2.00404
2.00404
2.00404
2.00397
2.00396
2.00396
2.00396
2.00396
2.00391
2.00391
2.00391
2.00391
2.00391
2.00385
2.00385
2.00385
2.00385
2.00381
2.0038
2.00378
2.00378
2.00378
2.00378
2.00374
2.00374
2.00374
2.00374
2.00374
2.00368
2.00368
2.00368
2.00368
2.00368
2.00363
2.00363
2.00363
2.00363
2.00358
2.00358
2.00356
2.00356
2.00356
2.00356
2.00352
2.00352
2.00352
2.00352
2.00348
2.00348
2.00348
2.00348
2.00348
2.00343
2.00343
2.00343
2.00343
2.00338
2.00337
2.00337
2.00337
2.00337
2.00337
2.00333
2.00333
2.00333
2.00333
2.00333
2.00329
2.00329
2.00329
2.00329
2.00325
2.00323
2.00323
2.00323
2.00323
2.00323
2.0032
2.0032
2.0032
2.0032
2.00316
2.00316
2.00316
2.00316
2.00313
2.00313
2.00313
2.00313
2.00313
2.00308
2.00308
2.00308
2.00308
2.00304
2.00304
2.00304
2.00304
2.00304
2.00304
2.003
2.003
2.003
2.003
2.003
2.00297
2.00297
2.00297
2.00297
2.00293
2.00293
2.00292
2.00292
2.00292
2.00292
2.00289
2.00289
2.00289
2.00289
2.00286
2.00286
2.00286
2.00286
2.00286
2.00282
2.00282
2.00282
2.00282
2.0028
2.00279
2.00278
2.00278
2.00278
2.00278
2.00275
2.00275
2.00275
2.00275
2.00273
2.00273
2.00273
2.00273
2.00273
2.00269
2.00269
2.00269
2.00269
2.00269
2.00266
2.00266
2.00266
2.00266
2.00263
2.00262
2.00262
2.00262
2.00262
2.00262
2.00259
2.00259
2.00259
2.00259
2.00257
2.00257
2.00257
2.00257
2.00257
2.00254
2.00254
2.00254
2.00254
2.00254
2.0025
2.0025
2.0025
2.0025
2.00248
2.00247
2.00247
2.00247
2.00247
2.00247
2.00244
2.00244
2.00244
2.00244
2.00242
2.00242
2.00242
2.00242
2.00239
2.00239
2.00239
2.00239
2.00239
2.00236
2.00236
2.00236
2.00236
2.00236
2.00233
2.00233
2.00233
2.00233
2.0023
2.0023
2.0023
2.0023
2.0023
2.0023
2.00227
2.00227
2.00227
2.00227
2.00225
2.00225
2.00225
2.00225
2.00225
2.00222
2.00222
2.00222
2.00222
2.00222
2.00219
2.00219
2.00219
2.00219
2.00216
2.00216
2.00216
2.00216
2.00216
2.00216
2.00213
2.00213
2.00213
2.00213
2.00211
2.00211
2.00211
2.00211
2.00211
2.00208
2.00208
2.00208
2.00208
2.00208
2.00205
2.00205
2.00205
2.00205
2.00203
2.00202
2.00202
2.00202
2.00202
2.00202
2.00199
2.00199
2.00199
2.00199
2.00197
2.00197
2.00197
2.00197
2.00195
2.00195
2.00195
2.00195
2.00195
2.00192
2.00192
2.00192
2.00192
2.00189
2.00189
2.00188
2.00188
2.00188
2.00188
2.00186
2.00186
2.00186
2.00186
2.00184
2.00184
2.00184
2.00184
2.00184
2.00181
2.00181
2.00181
2.00181
2.00178
2.00178
2.00177
2.00177
2.00177
2.00177
2.00175
2.00175
2.00175
2.00175
2.00173
2.00173
2.00173
2.00173
2.00173
2.0017
2.0017
2.0017
2.0017
2.0017
2.00167
2.00167
2.00167
2.00167
2.00165
2.00164
2.00164
2.00164
2.00164
2.00164
2.00162
2.00162
2.00162
2.00162
2.0016
2.0016
2.0016
2.0016
2.0016
2.00157
2.00157
2.00157
2.00157
2.00157
2.00154
2.00154
2.00154
2.00154
2.00154
2.00152
2.00152
2.00152
2.00152
2.00152
2.0015
2.0015
2.0015
2.0015
2.00148
2.00148
2.00147
2.00147
2.00147
2.00147
2.00145
2.00145
2.00145
2.00145
2.00143
2.00143
2.00143
2.00143
2.00143
2.00141
2.00141
2.00141
2.00141
2.00141
2.00139
2.00139
2.00139
2.00139
2.00137
2.00137
2.00136
2.00136
2.00136
2.00136
2.00134
2.00134
2.00134
2.00134
2.00133
2.00133
2.00133
2.00133
2.00133
2.00131
2.00131
2.00131
2.00131
2.00131
2.00129
2.00129
2.00129
2.00129
2.00127
2.00126
2.00126
2.00126
2.00126
2.00126
2.00125
2.00125
2.00125
2.00125
2.00123
2.00123
2.00123
2.00123
2.00123
2.00121
2.00121
2.00121
2.00121
2.00121
2.0012
2.0012
2.0012
2.0012
2.00118
2.00118
2.00117
2.00117
2.00117
2.00117
2.00116
2.00116
2.00116
2.00116
2.00115
2.00115
2.00115
2.00115
2.00113
2.00113
2.00113
2.00113
2.00113
2.00112
2.00112
2.00112
2.00112
2.00112
2.0011
2.0011
2.0011
2.0011
2.0011
2.00109
2.00109
2.00109
2.00109
2.00107
2.00107
2.00107
2.00107
2.00106
2.00106
2.00106
2.00106
2.00106
2.00105
2.00105
2.00105
2.00105
2.00105
2.00103
2.00103
2.00103
2.00103
2.00102
2.00102
2.00102
2.00102
2.00102
2.00102
2.00101
2.00101
2.00101
2.00101
2.001
2.001
2.001
2.001
2.00098
2.00098
2.00098
2.00098
2.00098
2.00097
2.00097
2.00097
2.00097
2.00097
2.00096
2.00096
2.00096
2.00096
2.00096
2.00095
2.00095
2.00095
2.00095
2.00094
2.00094
2.00094
2.00094
2.00094
2.00093
2.00093
2.00093
2.00093
2.00093
2.00092
2.00092
2.00092
2.00092
2.00091
2.00091
2.00091
2.00091
2.00091
2.00091
2.0009
2.0009
2.0009
2.0009
2.00089
2.00089
2.00089
2.00089
2.00089
2.00088
2.00088
2.00088
2.00088
2.00088
2.00087
2.00087
2.00087
2.00087
2.00086
2.00086
2.00086
2.00086
2.00086
2.00086
2.00085
2.00085
2.00085
2.00085
2.00085
2.00084
2.00084
2.00084
2.00084
2.00084
2.00084
2.00083
2.00083
2.00083
2.00083
2.00083
2.00083
2.00083
2.00083
2.00082
2.00082
2.00082
2.00082
2.00081
2.00081
2.00081
2.00081
2.00081
2.0008
2.0008
2.0008
2.0008
2.0008
2.0008
2.0008
2.0008
2.0008
2.0008
2.00079
2.00079
2.00079
2.00079
2.00079
2.00078
2.00078
2.00078
2.00078
2.00077
2.00077
2.00077
2.00077
2.00077
2.00077
2.00076
2.00076
2.00076
2.00076
2.00076
2.00076
2.00076
2.00076
2.00075
2.00075
2.00075
2.00075
2.00075
2.00074
2.00074
2.00074
2.00074
2.00074
2.00074
2.00074
2.00074
2.00074
2.00073
2.00073
2.00073
2.00073
2.00073
2.00073
2.00072
2.00072
2.00072
2.00072
2.00072
2.00072
2.00072
2.00072
2.00072
2.00071
2.00071
2.00071
2.00071
2.0007
2.0007
2.0007
2.0007
2.0007
2.0007
2.0007
2.0007
2.0007
2.0007
2.00069
2.00069
2.00069
2.00069
2.00069
2.00068
2.00068
2.00068
2.00068
2.00068
2.00067
2.00067
2.00067
2.00067
2.00067
2.00067
2.00067
2.00067
2.00067
2.00066
2.00066
2.00066
2.00066
2.00066
2.00066
2.00066
2.00066
2.00066
2.00065
2.00065
2.00065
2.00065
2.00065
2.00064
2.00064
2.00064
2.00064
2.00064
2.00064
2.00063
2.00063
2.00063
2.00063
2.00063
2.00063
2.00063
2.00063
2.00062
2.00062
2.00062
2.00062
2.00062
2.00062
2.00062
2.00062
2.00062
2.00061
2.00061
2.00061
2.00061
2.00061
2.0006
2.0006
2.0006
2.0006
2.00059
2.00059
2.00059
2.00059
2.00059
2.00059
2.00059
2.00059
2.00059
2.00059
2.00058
2.00058
2.00058
2.00058
2.00057
2.00057
2.00057
2.00057
2.00057
2.00057
2.00057
2.00057
2.00057
2.00057
2.00056
2.00056
2.00056
2.00056
2.00055
2.00055
2.00055
2.00055
2.00055
2.00055
2.00054
2.00054
2.00054
2.00054
2.00054
2.00054
2.00054
2.00054
2.00054
2.00053
2.00053
2.00053
2.00053
2.00052
2.00052
