2.1089e-05
2.1089e-05
2.15868e-05
2.15868e-05
2.17083e-05
2.17083e-05
2.17083e-05
2.17083e-05
2.22726e-05
2.22726e-05
2.22726e-05
2.22726e-05
2.29671e-05
2.29671e-05
2.29671e-05
2.29671e-05
2.29671e-05
2.40174e-05
2.40174e-05
2.40174e-05
2.40174e-05
2.52517e-05
2.52517e-05
2.55175e-05
2.55175e-05
2.55175e-05
2.55175e-05
2.66305e-05
2.66305e-05
2.66305e-05
2.66305e-05
2.78004e-05
2.78004e-05
2.78004e-05
2.78004e-05
2.78004e-05
2.92856e-05
2.92856e-05
2.92856e-05
2.92856e-05
3.04398e-05
3.09892e-05
3.09892e-05
3.09892e-05
3.09892e-05
3.09892e-05
3.19977e-05
3.19977e-05
3.19977e-05
3.19977e-05
3.28331e-05
3.28331e-05
3.28331e-05
3.28331e-05
3.34276e-05
3.34276e-05
3.34276e-05
3.34276e-05
3.34276e-05
3.37192e-05
3.37192e-05
3.37192e-05
3.37192e-05
3.37192e-05
3.33695e-05
3.33695e-05
3.33695e-05
3.33695e-05
3.22242e-05
3.18849e-05
3.18849e-05
3.18849e-05
3.18849e-05
3.18849e-05
3.06215e-05
3.06215e-05
3.06215e-05
3.06215e-05
2.76063e-05
2.76063e-05
2.76063e-05
2.76063e-05
2.76063e-05
2.32714e-05
2.32714e-05
2.32714e-05
2.32714e-05
1.73656e-05
1.73656e-05
1.59703e-05
1.59703e-05
1.59703e-05
1.59703e-05
9.59515e-06
9.59515e-06
9.59515e-06
9.59515e-06
1.83492e-06
1.83492e-06
1.83492e-06
1.83492e-06
1.83492e-06
-7.46151e-06
-7.46151e-06
-7.46151e-06
-7.46151e-06
-2.20019e-05
-2.20019e-05
-2.20019e-05
-2.20019e-05
-2.20019e-05
-4.31406e-05
-4.31406e-05
-4.31406e-05
-4.31406e-05
-4.31406e-05
-7.51979e-05
-7.51979e-05
-7.51979e-05
-7.51979e-05
-0.000110966
-0.000132603
-0.000132603
-0.000132603
-0.000132603
-0.000169951
-0.000169951
-0.000169951
-0.000169951
-0.000169951
-0.000245155
-0.000245155
-0.000245155
-0.000245155
-0.000245155
-0.000335549
-0.000335549
-0.000335549
-0.000335549
-0.000439872
-0.000439872
-0.000462326
-0.000462326
-0.000462326
-0.000462326
-0.000557293
-0.000557293
-0.000557293
-0.000557293
-0.000660427
-0.000660427
-0.000660427
-0.000660427
-0.000771789
-0.000771789
-0.000771789
-0.000771789
-0.000771789
-0.000922989
-0.000922989
-0.000922989
-0.000922989
-0.00105409
-0.00108835
-0.00112321
-0.00112321
-0.00112321
-0.00112321
-0.00126887
-0.00126887
-0.00126887
-0.00126887
-0.00142476
-0.00142476
-0.00142476
-0.00142476
-0.00142476
-0.00163442
-0.00163442
-0.00163442
-0.00163442
-0.00181434
-0.00190848
-0.00190848
-0.00190848
-0.00190848
-0.00190848
-0.00210519
-0.00210519
-0.00210519
-0.00210519
-0.00231294
-0.00231294
-0.00231294
-0.00231294
-0.00231294
-0.00258769
-0.00258769
-0.00258769
-0.00258769
-0.00258769
-0.00287917
-0.00287917
-0.00287917
-0.00287917
-0.00318784
-0.00318784
-0.00318784
-0.00318784
-0.00318784
-0.0035147
-0.0035147
-0.00358238
-0.00358238
-0.00358238
-0.00358238
-0.00386115
-0.00386115
-0.00386115
-0.00386115
-0.00415326
-0.00415326
-0.00415326
-0.00415326
-0.00415326
-0.00453777
-0.00453777
-0.00453777
-0.00453777
-0.00486133
-0.00494444
-0.00502843
-0.00502843
-0.00502843
-0.00502843
-0.00537316
-0.00537316
-0.00537316
-0.00537316
-0.00573174
-0.00573174
-0.00573174
-0.00573174
-0.00573174
-0.00619938
-0.00619938
-0.00619938
-0.00619938
-0.00668924
-0.00678998
-0.00678998
-0.00678998
-0.00678998
-0.00709792
-0.00709792
-0.00709792
-0.00709792
-0.00709792
-0.00763083
-0.00763083
-0.00763083
-0.00763083
-0.00818918
-0.00818918
-0.00830401
-0.00830401
-0.00830401
-0.00830401
-0.00877417
-0.00877417
-0.00877417
-0.00877417
-0.00877417
-0.00938668
-0.00938668
-0.00938668
-0.00938668
-0.00989687
-0.0100273
-0.0101588
-0.0101588
-0.0101588
-0.0101588
-0.0106965
-0.0106965
-0.0106965
-0.0106965
-0.0112528
-0.0112528
-0.0112528
-0.0112528
-0.0118278
-0.0118278
-0.0118278
-0.0118278
-0.0118278
-0.0125731
-0.0125731
-0.0125731
-0.0125731
-0.0131907
-0.0133481
-0.0135067
-0.0135067
-0.0135067
-0.0135067
-0.0141535
-0.0141535
-0.0141535
-0.0141535
-0.0148204
-0.0148204
-0.0148204
-0.0148204
-0.0148204
-0.0156823
-0.0156823
-0.0156823
-0.0156823
-0.016395
-0.0165764
-0.0167591
-0.0167591
-0.0167591
-0.0167591
-0.017503
-0.017503
-0.017503
-0.017503
-0.0182675
-0.0182675
-0.0182675
-0.0182675
-0.0190518
-0.0190518
-0.0190518
-0.0190518
-0.0190518
-0.0200597
-0.0200597
-0.0200597
-0.0200597
-0.0200597
-0.0210988
-0.0210988
-0.0210988
-0.0210988
-0.0221706
-0.0223891
-0.0223891
-0.0223891
-0.0223891
-0.0223891
-0.0232775
-0.0232775
-0.0232775
-0.0232775
-0.0241899
-0.0241899
-0.0241899
-0.0241899
-0.0251268
-0.0251268
-0.0251268
-0.0251268
-0.0251268
-0.0263328
-0.0263328
-0.0263328
-0.0263328
-0.0275773
-0.027831
-0.027831
-0.027831
-0.027831
-0.027831
-0.0288611
-0.0288611
-0.0288611
-0.0288611
-0.0299165
-0.0299165
-0.0299165
-0.0299165
-0.0299165
-0.0312704
-0.0312704
-0.0312704
-0.0312704
-0.0326628
-0.032946
-0.032946
-0.032946
-0.032946
-0.032946
-0.0340945
-0.0340945
-0.0340945
-0.0340945
-0.0352686
-0.0352686
-0.0352686
-0.0352686
-0.0352686
-0.0367719
-0.0367719
-0.0367719
-0.0367719
-0.0380021
-0.0383132
-0.0386257
-0.0386257
-0.0386257
-0.0386257
-0.0398891
-0.0398891
-0.0398891
-0.0398891
-0.0411734
-0.0411734
-0.0411734
-0.0411734
-0.0411734
-0.0428073
-0.0428073
-0.0428073
-0.0428073
-0.0441397
-0.0444766
-0.0448153
-0.0448153
-0.0448153
-0.0448153
-0.0461874
-0.0461874
-0.0461874
-0.0461874
-0.0461874
-0.0479443
-0.0479443
-0.0479443
-0.0479443
-0.0479443
-0.0497501
-0.0501173
-0.0501173
-0.0501173
-0.0501173
-0.0516056
-0.0516056
-0.0516056
-0.0516056
-0.0516056
-0.0531239
-0.0531239
-0.0531239
-0.0531239
-0.0550597
-0.0550597
-0.0550597
-0.0550597
-0.0550597
-0.0570351
-0.0570351
-0.0570351
-0.0570351
-0.0570351
-0.0590503
-0.0594581
-0.0594581
-0.0594581
-0.0594581
-0.0611053
-0.0611053
-0.0611053
-0.0611053
-0.0627786
-0.0627786
-0.0627786
-0.0627786
-0.0627786
-0.0649077
-0.0649077
-0.0649077
-0.0649077
-0.0649077
-0.0670801
-0.0670801
-0.0670801
-0.0670801
-0.0692989
-0.0692989
-0.0697486
-0.0697486
-0.0697486
-0.0697486
-0.0715675
-0.0715675
-0.0715675
-0.0715675
-0.0734196
-0.0734196
-0.0734196
-0.0734196
-0.0734196
-0.0757813
-0.0757813
-0.0757813
-0.0757813
-0.0777082
-0.0781955
-0.0786851
-0.0786851
-0.0786851
-0.0786851
-0.0806675
-0.0806675
-0.0806675
-0.0806675
-0.0826896
-0.0826896
-0.0826896
-0.0826896
-0.0826896
-0.0852724
-0.0852724
-0.0852724
-0.0852724
-0.0857962
-0.0884498
-0.0884498
-0.0884498
-0.0884498
-0.0884498
-0.0906131
-0.0906131
-0.0906131
-0.0906131
-0.0928107
-0.0928107
-0.0928107
-0.0928107
-0.0928107
-0.0950404
-0.0950404
-0.0950404
-0.0950404
-0.0978702
-0.0978702
-0.0978702
-0.0978702
-0.100747
-0.100747
-0.101328
-0.101328
-0.101328
-0.101328
-0.103671
-0.103671
-0.103671
-0.103671
-0.103671
-0.106645
-0.106645
-0.106645
-0.106645
-0.109664
-0.109664
-0.109664
-0.109664
-0.109664
-0.11273
-0.113349
-0.113349
-0.113349
-0.113349
-0.115215
-0.115215
-0.115215
-0.115215
-0.115215
-0.118362
-0.118362
-0.118362
-0.118362
-0.121553
-0.121553
-0.122196
-0.122196
-0.122196
-0.122196
-0.124787
-0.124787
-0.124787
-0.124787
-0.124787
-0.128065
-0.128065
-0.128065
-0.128065
-0.131387
-0.131387
-0.132056
-0.132056
-0.132056
-0.132056
-0.134752
-0.134752
-0.134752
-0.134752
-0.137476
-0.137476
-0.137476
-0.137476
-0.137476
-0.14092
-0.14092
-0.14092
-0.14092
-0.144406
-0.145109
-0.145109
-0.145109
-0.145109
-0.145109
-0.147936
-0.147936
-0.147936
-0.147936
-0.150789
-0.150789
-0.150789
-0.150789
-0.150789
-0.154394
-0.154394
-0.154394
-0.154394
-0.158039
-0.158039
-0.158774
-0.158774
-0.158774
-0.158774
-0.161727
-0.161727
-0.161727
-0.161727
-0.164708
-0.164708
-0.164708
-0.164708
-0.168471
-0.168471
-0.168471
-0.168471
-0.168471
-0.172277
-0.173044
-0.173044
-0.173044
-0.173044
-0.175354
-0.175354
-0.175354
-0.175354
-0.175354
-0.17924
-0.17924
-0.17924
-0.17924
-0.17924
-0.183168
-0.183168
-0.183168
-0.183168
-0.18634
-0.187137
-0.187935
-0.187935
-0.187935
-0.187935
-0.191146
-0.191146
-0.191146
-0.191146
-0.194383
-0.194383
-0.194383
-0.194383
-0.197644
-0.197644
-0.197644
-0.197644
-0.197644
-0.201749
-0.201749
-0.201749
-0.201749
-0.201749
-0.205881
-0.205881
-0.205881
-0.205881
-0.209203
-0.210036
-0.21087
-0.21087
-0.21087
-0.21087
-0.214218
-0.214218
-0.214218
-0.214218
-0.217586
-0.217586
-0.217586
-0.217586
-0.217586
-0.221825
-0.221825
-0.221825
-0.221825
-0.226103
-0.226103
-0.226963
-0.226963
-0.226963
-0.226963
-0.230424
-0.230424
-0.230424
-0.230424
-0.233918
-0.233918
-0.233918
-0.233918
-0.233918
-0.23833
-0.23833
-0.23833
-0.23833
-0.242792
-0.242792
-0.243691
-0.243691
-0.243691
-0.243691
-0.247305
-0.247305
-0.247305
-0.247305
-0.250952
-0.250952
-0.250952
-0.250952
-0.250952
-0.255551
-0.255551
-0.255551
-0.255551
-0.259262
-0.260194
-0.261128
-0.261128
-0.261128
-0.261128
-0.264878
-0.264878
-0.264878
-0.264878
-0.268652
-0.268652
-0.268652
-0.268652
-0.268652
-0.2734
-0.2734
-0.2734
-0.2734
-0.278176
-0.278176
-0.279135
-0.279135
-0.279135
-0.279135
-0.282977
-0.282977
-0.282977
-0.282977
-0.286835
-0.286835
-0.286835
-0.286835
-0.290708
-0.290708
-0.290708
-0.290708
-0.290708
-0.295569
-0.295569
-0.295569
-0.295569
-0.300459
-0.301441
-0.301441
-0.301441
-0.301441
-0.301441
-0.305381
-0.305381
-0.305381
-0.305381
-0.309344
-0.309344
-0.309344
-0.309344
-0.309344
-0.314327
-0.314327
-0.314327
-0.314327
-0.318338
-0.320352
-0.320352
-0.320352
-0.320352
-0.320352
-0.324396
-0.324396
-0.324396
-0.324396
-0.328462
-0.328462
-0.328462
-0.328462
-0.328462
-0.333571
-0.333571
-0.333571
-0.333571
-0.33768
-0.33974
-0.33974
-0.33974
-0.33974
-0.33974
-0.343872
-0.343872
-0.343872
-0.343872
-0.343872
-0.348016
-0.348016
-0.348016
-0.348016
-0.353209
-0.353209
-0.353209
-0.353209
-0.353209
-0.358414
-0.358414
-0.358414
-0.358414
-0.363637
-0.364683
-0.364683
-0.364683
-0.364683
-0.364683
-0.368875
-0.368875
-0.368875
-0.368875
-0.373074
-0.373074
-0.373074
-0.373074
-0.373074
-0.377281
-0.377281
-0.377281
-0.377281
-0.382549
-0.382549
-0.382549
-0.382549
-0.382549
-0.387831
-0.387831
-0.387831
-0.387831
-0.393136
-0.393136
-0.3942
-0.3942
-0.3942
-0.3942
-0.398467
-0.398467
-0.398467
-0.398467
-0.398467
-0.403823
-0.403823
-0.403823
-0.403823
-0.403823
-0.4092
-0.410278
-0.410278
-0.410278
-0.410278
-0.413516
-0.413516
-0.413516
-0.413516
-0.418927
-0.418927
-0.418927
-0.418927
-0.418927
-0.424351
-0.424351
-0.424351
-0.424351
-0.428699
-0.430875
-0.430875
-0.430875
-0.430875
-0.430875
-0.435235
-0.435235
-0.435235
-0.435235
-0.439602
-0.439602
-0.439602
-0.439602
-0.439602
-0.445072
-0.445072
-0.445072
-0.445072
-0.450552
-0.45165
-0.45165
-0.45165
-0.45165
-0.45165
-0.456046
-0.456046
-0.456046
-0.456046
-0.460451
-0.460451
-0.460451
-0.460451
-0.464861
-0.464861
-0.464861
-0.464861
-0.464861
-0.470378
-0.470378
-0.470378
-0.470378
-0.471483
-0.475902
-0.477007
-0.477007
-0.477007
-0.477007
-0.481434
-0.481434
-0.481434
-0.481434
-0.485866
-0.485866
-0.485866
-0.485866
-0.491414
-0.491414
-0.491414
-0.491414
-0.491414
-0.495855
-0.496966
-0.498077
-0.498077
-0.498077
-0.498077
-0.502522
-0.502522
-0.502522
-0.502522
-0.506969
-0.506969
-0.506969
-0.506969
-0.506969
-0.512525
-0.512525
-0.512525
-0.512525
-0.518066
-0.518066
-0.518066
-0.518066
-0.518066
-0.522479
-0.523579
-0.524677
-0.524677
-0.524677
-0.524677
-0.529058
-0.529058
-0.529058
-0.529058
-0.529058
-0.534504
-0.534504
-0.534504
-0.534504
-0.53992
-0.541001
-0.541001
-0.541001
-0.541001
-0.541001
-0.545316
-0.545316
-0.545316
-0.545316
-0.549624
-0.549624
-0.549624
-0.549624
-0.549624
-0.554999
-0.554999
-0.554999
-0.554999
-0.559295
-0.560368
-0.561442
-0.561442
-0.561442
-0.561442
-0.565736
-0.565736
-0.565736
-0.565736
-0.570033
-0.570033
-0.570033
-0.570033
-0.570033
-0.575407
-0.575407
-0.575407
-0.575407
-0.579711
-0.580788
-0.581864
-0.581864
-0.581864
-0.581864
-0.586174
-0.586174
-0.586174
-0.586174
-0.590488
-0.590488
-0.590488
-0.590488
-0.590488
-0.595882
-0.595882
-0.595882
-0.595882
-0.595882
-0.601278
-0.601278
-0.601278
-0.601278
-0.606675
-0.606675
-0.607754
-0.607754
-0.607754
-0.607754
-0.612074
-0.612074
-0.612074
-0.612074
-0.616393
-0.616393
-0.616393
-0.616393
-0.616393
-0.621785
-0.621785
-0.621785
-0.621785
-0.621785
-0.627168
-0.627168
-0.627168
-0.627168
-0.631466
-0.633613
-0.633613
-0.633613
-0.633613
-0.633613
-0.6379
-0.6379
-0.6379
-0.6379
-0.642178
-0.642178
-0.642178
-0.642178
-0.646444
-0.646444
-0.646444
-0.646444
-0.646444
-0.651758
-0.651758
-0.651758
-0.651758
-0.655994
-0.658107
-0.658107
-0.658107
-0.658107
-0.658107
-0.662324
-0.662324
-0.662324
-0.662324
-0.662324
-0.667575
-0.667575
-0.667575
-0.667575
-0.67176
-0.673847
-0.673847
-0.673847
-0.673847
-0.673847
-0.678009
-0.678009
-0.678009
-0.678009
-0.682157
-0.682157
-0.682157
-0.682157
-0.682157
-0.687326
-0.687326
-0.687326
-0.687326
-0.692482
-0.693512
-0.693512
-0.693512
-0.693512
-0.693512
-0.697629
-0.697629
-0.697629
-0.697629
-0.697629
-0.702763
-0.702763
-0.702763
-0.702763
-0.707875
-0.707875
-0.708895
-0.708895
-0.708895
-0.708895
-0.712961
-0.712961
-0.712961
-0.712961
-0.717006
-0.717006
-0.717006
-0.717006
-0.717006
-0.722033
-0.722033
-0.722033
-0.722033
-0.726033
-0.72703
-0.728026
-0.728026
-0.728026
-0.728026
-0.731996
-0.731996
-0.731996
-0.731996
-0.731996
-0.736929
-0.736929
-0.736929
-0.736929
-0.741821
-0.741821
-0.742794
-0.742794
-0.742794
-0.742794
-0.746668
-0.746668
-0.746668
-0.746668
-0.75051
-0.75051
-0.75051
-0.75051
-0.754318
-0.754318
-0.754318
-0.754318
-0.754318
-0.759028
-0.759028
-0.759028
-0.759028
-0.763684
-0.763684
-0.764608
-0.764608
-0.764608
-0.764608
-0.768285
-0.768285
-0.768285
-0.768285
-0.768285
-0.77282
-0.77282
-0.77282
-0.77282
-0.777274
-0.778154
-0.778154
-0.778154
-0.778154
-0.778154
-0.781642
-0.781642
-0.781642
-0.781642
-0.785077
-0.785077
-0.785077
-0.785077
-0.788464
-0.788464
-0.788464
-0.788464
-0.788464
-0.792638
-0.792638
-0.792638
-0.792638
-0.792638
-0.796758
-0.797576
-0.797576
-0.797576
-0.797576
-0.800834
-0.800834
-0.800834
-0.800834
-0.800834
-0.804874
-0.804874
-0.804874
-0.804874
-0.80888
-0.80888
-0.809677
-0.809677
-0.809677
-0.809677
-0.812061
-0.812061
-0.812061
-0.812061
-0.816007
-0.816007
-0.816007
-0.816007
-0.816007
-0.819916
-0.819916
-0.819916
-0.819916
-0.819916
-0.823786
-0.823786
-0.823786
-0.823786
-0.827618
-0.827618
-0.82838
-0.82838
-0.82838
-0.82838
-0.831412
-0.831412
-0.831412
-0.831412
-0.831412
-0.835168
-0.835168
-0.835168
-0.835168
-0.838143
-0.838882
-0.83962
-0.83962
-0.83962
-0.83962
-0.842556
-0.842556
-0.842556
-0.842556
-0.845466
-0.845466
-0.845466
-0.845466
-0.845466
-0.849067
-0.849067
-0.849067
-0.849067
-0.849067
-0.852628
-0.852628
-0.852628
-0.852628
-0.852628
-0.856149
-0.856849
-0.856849
-0.856849
-0.856849
-0.859633
-0.859633
-0.859633
-0.859633
-0.862392
-0.862392
-0.862392
-0.862392
-0.862392
-0.865125
-0.865125
-0.865125
-0.865125
-0.868501
-0.868501
-0.868501
-0.868501
-0.871833
-0.871833
-0.872493
-0.872493
-0.872493
-0.872493
-0.875119
-0.875119
-0.875119
-0.875119
-0.875119
-0.878362
-0.878362
-0.878362
-0.878362
-0.880925
-0.882195
-0.882195
-0.882195
-0.882195
-0.882195
-0.884714
-0.884714
-0.884714
-0.884714
-0.884714
-0.887823
-0.887823
-0.887823
-0.887823
-0.890887
-0.890887
-0.891494
-0.891494
-0.891494
-0.891494
-0.893905
-0.893905
-0.893905
-0.893905
-0.896288
-0.896288
-0.896288
-0.896288
-0.896288
-0.899227
-0.899227
-0.899227
-0.899227
-0.899227
-0.902121
-0.902121
-0.902121
-0.902121
-0.904969
-0.905534
-0.905534
-0.905534
-0.905534
-0.905534
-0.907218
-0.907218
-0.907218
-0.907218
-0.90999
-0.90999
-0.90999
-0.90999
-0.90999
-0.912722
-0.912722
-0.912722
-0.912722
-0.914878
-0.915413
-0.915947
-0.915947
-0.915947
-0.915947
-0.918065
-0.918065
-0.918065
-0.918065
-0.920677
-0.920677
-0.920677
-0.920677
-0.920677
-0.922736
-0.923247
-0.923755
-0.923755
-0.923755
-0.923755
-0.925773
-0.925773
-0.925773
-0.925773
-0.927763
-0.927763
-0.927763
-0.927763
-0.927763
-0.93021
-0.93021
-0.93021
-0.93021
-0.932134
-0.933086
-0.933086
-0.933086
-0.933086
-0.933086
-0.934968
-0.934968
-0.934968
-0.934968
-0.936821
-0.936821
-0.936821
-0.936821
-0.936821
-0.939098
-0.939098
-0.939098
-0.939098
-0.940887
-0.941772
-0.941772
-0.941772
-0.941772
-0.941772
-0.943519
-0.943519
-0.943519
-0.943519
-0.943519
-0.945666
-0.945666
-0.945666
-0.945666
-0.947768
-0.947768
-0.948184
-0.948184
-0.948184
-0.948184
-0.949826
-0.949826
-0.949826
-0.949826
-0.951437
-0.951437
-0.951437
-0.951437
-0.951437
-0.953405
-0.953405
-0.953405
-0.953405
-0.955323
-0.955323
-0.955701
-0.955701
-0.955701
-0.955701
-0.957193
-0.957193
-0.957193
-0.957193
-0.958655
-0.958655
-0.958655
-0.958655
-0.958655
-0.960442
-0.960442
-0.960442
-0.960442
-0.962186
-0.962186
-0.96253
-0.96253
-0.96253
-0.96253
-0.96389
-0.96389
-0.96389
-0.96389
-0.96389
-0.965554
-0.965554
-0.965554
-0.965554
-0.96718
-0.96718
-0.9675
-0.9675
-0.9675
-0.9675
-0.968767
-0.968767
-0.968767
-0.968767
-0.968767
-0.970316
-0.970316
-0.970316
-0.970316
-0.971527
-0.971826
-0.972123
-0.972123
-0.972123
-0.972123
-0.973296
-0.973296
-0.973296
-0.973296
-0.974444
-0.974444
-0.974444
-0.974444
-0.975565
-0.975565
-0.975565
-0.975565
-0.975565
-0.976931
-0.976931
-0.976931
-0.976931
-0.977994
-0.978256
-0.978517
-0.978517
-0.978517
-0.978517
-0.979544
-0.979544
-0.979544
-0.979544
-0.979544
-0.980798
-0.980798
-0.980798
-0.980798
-0.982017
-0.982257
-0.982257
-0.982257
-0.982257
-0.982257
-0.983203
-0.983203
-0.983203
-0.983203
-0.984128
-0.984128
-0.984128
-0.984128
-0.984128
-0.985252
-0.985252
-0.985252
-0.985252
-0.985252
-0.986338
-0.986338
-0.986338
-0.986338
-0.987181
-0.987387
-0.987592
-0.987592
-0.987592
-0.987592
-0.988398
-0.988398
-0.988398
-0.988398
-0.989178
-0.989178
-0.989178
-0.989178
-0.989178
-0.990118
-0.990118
-0.990118
-0.990118
-0.990843
-0.99102
-0.991195
-0.991195
-0.991195
-0.991195
-0.991883
-0.991883
-0.991883
-0.991883
-0.991883
-0.992706
-0.992706
-0.992706
-0.992706
-0.993337
-0.993643
-0.993643
-0.993643
-0.993643
-0.993643
-0.994236
-0.994236
-0.994236
-0.994236
-0.994806
-0.994806
-0.994806
-0.994806
-0.994806
-0.995486
-0.995486
-0.995486
-0.995486
-0.996006
-0.996133
-0.996258
-0.996258
-0.996258
-0.996258
-0.996747
-0.996747
-0.996747
-0.996747
-0.997216
-0.997216
-0.997216
-0.997216
-0.997216
-0.997775
-0.997775
-0.997775
-0.997775
-0.998201
-0.998304
-0.998407
-0.998407
-0.998407
-0.998407
-0.998707
-0.998707
-0.998707
-0.998707
-0.999186
-0.999186
-0.999186
-0.999186
-0.999186
-0.999638
-0.999638
-0.999638
-0.999638
-1.00006
-1.00006
-1.00014
-1.00014
-1.00014
-1.00014
-1.00046
-1.00046
-1.00046
-1.00046
-1.00076
-1.00076
-1.00076
-1.00076
-1.00076
-1.00105
-1.00105
-1.00105
-1.00105
-1.00139
-1.00139
-1.00139
-1.00139
-1.00164
-1.00176
-1.00176
-1.00176
-1.00176
-1.00176
-1.00199
-1.00199
-1.00199
-1.00199
-1.0022
-1.0022
-1.0022
-1.0022
-1.00241
-1.00241
-1.00241
-1.00241
-1.00241
-1.00264
-1.00264
-1.00264
-1.00264
-1.00282
-1.00286
-1.0029
-1.0029
-1.0029
-1.0029
-1.00305
-1.00305
-1.00305
-1.00305
-1.00323
-1.00323
-1.00323
-1.00323
-1.00323
-1.00336
-1.00342
-1.00342
-1.00342
-1.00342
-1.00342
-1.00354
-1.00354
-1.00354
-1.00354
-1.00364
-1.00364
-1.00364
-1.00364
-1.00364
-1.00376
-1.00376
-1.00376
-1.00376
-1.00385
-1.00389
-1.00389
-1.00389
-1.00389
-1.00389
-1.00396
-1.00396
-1.00396
-1.00396
-1.00402
-1.00402
-1.00402
-1.00402
-1.00409
-1.00409
-1.00409
-1.00409
-1.00409
-1.00414
-1.00415
-1.00415
-1.00415
-1.00415
-1.00415
-1.00419
-1.00419
-1.00419
-1.00419
-1.00422
-1.00422
-1.00422
-1.00422
-1.00422
-1.00425
-1.00425
-1.00425
-1.00425
-1.00425
-1.00426
-1.00426
-1.00426
-1.00426
-1.00428
-1.00428
-1.00428
-1.00428
-1.00428
-1.00428
-1.00428
-1.00428
-1.00428
-1.00428
-1.00428
-1.00428
-1.00428
-1.00428
-1.00428
-1.00427
-1.00427
-1.00426
-1.00426
-1.00426
-1.00426
-1.00425
-1.00425
-1.00425
-1.00425
-1.00423
-1.00423
-1.00423
-1.00423
-1.00421
-1.00421
-1.00421
-1.00421
-1.00421
-1.00419
-1.00419
-1.00419
-1.00419
-1.00419
-1.00415
-1.00415
-1.00415
-1.00415
-1.00413
-1.00411
-1.00411
-1.00411
-1.00411
-1.00411
-1.00408
-1.00408
-1.00408
-1.00408
-1.00405
-1.00405
-1.00405
-1.00405
-1.00401
-1.00401
-1.00401
-1.00401
-1.00401
-1.00397
-1.00397
-1.00397
-1.00397
-1.00393
-1.00392
-1.00391
-1.00391
-1.00391
-1.00391
-1.00387
-1.00387
-1.00387
-1.00387
-1.00387
-1.00382
-1.00382
-1.00382
-1.00382
-1.00377
-1.00376
-1.00376
-1.00376
-1.00376
-1.00376
-1.00372
-1.00372
-1.00372
-1.00372
-1.00368
-1.00368
-1.00368
-1.00368
-1.00368
-1.00363
-1.00363
-1.00363
-1.00363
-1.00359
-1.00358
-1.00357
-1.00357
-1.00357
-1.00357
-1.00353
-1.00353
-1.00353
-1.00353
-1.00349
-1.00349
-1.00349
-1.00349
-1.00349
-1.00345
-1.00345
-1.00345
-1.00345
-1.0034
-1.0034
-1.00339
-1.00339
-1.00339
-1.00339
-1.00335
-1.00335
-1.00335
-1.00335
-1.00331
-1.00331
-1.00331
-1.00331
-1.00328
-1.00328
-1.00328
-1.00328
-1.00328
-1.00323
-1.00323
-1.00323
-1.00323
-1.00323
-1.00319
-1.00319
-1.00319
-1.00319
-1.00315
-1.00314
-1.00314
-1.00314
-1.00314
-1.00314
-1.0031
-1.0031
-1.0031
-1.0031
-1.00307
-1.00307
-1.00307
-1.00307
-1.00303
-1.00303
-1.00303
-1.00303
-1.00303
-1.00299
-1.00299
-1.00299
-1.00299
-1.00296
-1.00294
-1.00294
-1.00294
-1.00294
-1.00294
-1.00291
-1.00291
-1.00291
-1.00291
-1.00291
-1.00286
-1.00286
-1.00286
-1.00286
-1.00283
-1.00282
-1.00282
-1.00282
-1.00282
-1.00282
-1.00278
-1.00278
-1.00278
-1.00278
-1.00275
-1.00275
-1.00275
-1.00275
-1.00275
-1.00271
-1.00271
-1.00271
-1.00271
-1.00268
-1.00267
-1.00267
-1.00267
-1.00267
-1.00267
-1.00264
-1.00264
-1.00264
-1.00264
-1.00264
-1.0026
-1.0026
-1.0026
-1.0026
-1.00257
-1.00255
-1.00255
-1.00255
-1.00255
-1.00255
-1.00252
-1.00252
-1.00252
-1.00252
-1.00249
-1.00249
-1.00249
-1.00249
-1.00246
-1.00246
-1.00246
-1.00246
-1.00246
-1.00243
-1.00243
-1.00243
-1.00243
-1.0024
-1.00239
-1.00239
-1.00239
-1.00239
-1.00239
-1.00236
-1.00236
-1.00236
-1.00236
-1.00236
-1.00232
-1.00232
-1.00232
-1.00232
-1.00232
-1.00229
-1.00229
-1.00229
-1.00229
-1.00226
-1.00226
-1.00225
-1.00225
-1.00225
-1.00225
-1.00223
-1.00223
-1.00223
-1.00223
-1.00223
-1.0022
-1.0022
-1.0022
-1.0022
-1.00217
-1.00217
-1.00217
-1.00217
-1.00214
-1.00214
-1.00213
-1.00213
-1.00213
-1.00213
-1.00211
-1.00211
-1.00211
-1.00211
-1.00208
-1.00208
-1.00208
-1.00208
-1.00208
-1.00205
-1.00205
-1.00205
-1.00205
-1.00205
-1.00202
-1.00202
-1.00202
-1.00202
-1.002
-1.00198
-1.00198
-1.00198
-1.00198
-1.00198
-1.00196
-1.00196
-1.00196
-1.00196
-1.00194
-1.00194
-1.00194
-1.00194
-1.00192
-1.00192
-1.00192
-1.00192
-1.00192
-1.00189
-1.00189
-1.00189
-1.00189
-1.00186
-1.00186
-1.00186
-1.00186
-1.00186
-1.00186
-1.00183
-1.00183
-1.00183
-1.00183
-1.00181
-1.00181
-1.00181
-1.00181
-1.00181
-1.00179
-1.00179
-1.00179
-1.00179
-1.00176
-1.00175
-1.00175
-1.00175
-1.00175
-1.00175
-1.00174
-1.00174
-1.00174
-1.00174
-1.00171
-1.00171
-1.00171
-1.00171
-1.00171
-1.00169
-1.00169
-1.00169
-1.00169
-1.00169
-1.00167
-1.00166
-1.00166
-1.00166
-1.00166
-1.00164
-1.00164
-1.00164
-1.00164
-1.00164
-1.00162
-1.00162
-1.00162
-1.00162
-1.0016
-1.0016
-1.00159
-1.00159
-1.00159
-1.00159
-1.00158
-1.00158
-1.00158
-1.00158
-1.00158
-1.00156
-1.00156
-1.00156
-1.00156
-1.00156
-1.00154
-1.00154
-1.00154
-1.00154
-1.00152
-1.00152
-1.00151
-1.00151
-1.00151
-1.00151
-1.0015
-1.0015
-1.0015
-1.0015
-1.00148
-1.00148
-1.00148
-1.00148
-1.00148
-1.00146
-1.00146
-1.00146
-1.00146
-1.00145
-1.00144
-1.00144
-1.00144
-1.00144
-1.00144
-1.00143
-1.00143
-1.00143
-1.00143
-1.00143
-1.00141
-1.00141
-1.00141
-1.00141
-1.0014
-1.00139
-1.00139
-1.00139
-1.00139
-1.00139
-1.00138
-1.00138
-1.00138
-1.00138
-1.00137
-1.00137
-1.00137
-1.00137
-1.00136
-1.00136
-1.00136
-1.00136
-1.00136
-1.00134
-1.00134
-1.00134
-1.00134
-1.00133
-1.00132
-1.00132
-1.00132
-1.00132
-1.00132
-1.00131
-1.00131
-1.00131
-1.00131
-1.00131
-1.0013
-1.0013
-1.0013
-1.0013
-1.00128
-1.00128
-1.00128
-1.00128
-1.00128
-1.00128
-1.00127
-1.00127
-1.00127
-1.00127
-1.00126
-1.00126
-1.00126
-1.00126
-1.00126
-1.00124
-1.00124
-1.00124
-1.00124
-1.00123
-1.00123
-1.00123
-1.00123
-1.00123
-1.00123
-1.00122
-1.00122
-1.00122
-1.00122
-1.00121
-1.00121
-1.00121
-1.00121
-1.00121
-1.00119
-1.00119
-1.00119
-1.00119
-1.00119
-1.00118
-1.00118
-1.00118
-1.00118
-1.00117
-1.00117
-1.00116
-1.00116
-1.00116
-1.00116
-1.00115
-1.00115
-1.00115
-1.00115
-1.00114
-1.00114
-1.00114
-1.00114
-1.00114
-1.00113
-1.00113
-1.00113
-1.00113
-1.00113
-1.00112
-1.00112
-1.00112
-1.00112
-1.00111
-1.00111
-1.0011
-1.0011
-1.0011
-1.0011
-1.00109
-1.00109
-1.00109
-1.00109
-1.00108
-1.00108
-1.00108
-1.00108
-1.00107
-1.00107
-1.00107
-1.00107
-1.00107
-1.00106
-1.00106
-1.00106
-1.00106
-1.00106
-1.00104
-1.00104
-1.00104
-1.00104
-1.00103
-1.00103
-1.00103
-1.00103
-1.00103
-1.00103
-1.00102
-1.00102
-1.00102
-1.00102
-1.00101
-1.00101
-1.00101
-1.00101
-1.00101
-1.001
-1.001
-1.001
-1.001
-1.001
-1.00098
-1.00098
-1.00098
-1.00098
-1.00097
-1.00097
-1.00097
-1.00097
-1.00097
-1.00097
-1.00096
-1.00096
-1.00096
-1.00096
-1.00095
-1.00095
-1.00095
-1.00095
-1.00095
-1.00093
-1.00093
-1.00093
-1.00093
-1.00093
-1.00092
-1.00092
-1.00092
-1.00092
-1.00091
-1.00091
-1.00091
-1.00091
-1.00091
-1.00091
-1.0009
-1.0009
-1.0009
-1.0009
-1.00089
-1.00089
-1.00089
-1.00089
-1.00088
-1.00088
-1.00088
-1.00088
-1.00088
-1.00087
-1.00087
-1.00087
-1.00087
-1.00085
-1.00085
-1.00085
-1.00085
-1.00085
-1.00085
-1.00084
-1.00084
-1.00084
-1.00084
-1.00083
-1.00083
-1.00083
-1.00083
-1.00083
-1.00082
-1.00082
-1.00082
-1.00082
-1.00081
-1.00081
-1.00081
-1.00081
-1.00081
-1.00081
-1.0008
-1.0008
-1.0008
-1.0008
-1.00079
-1.00079
-1.00079
-1.00079
-1.00079
-1.00078
-1.00078
-1.00078
-1.00078
-1.00078
-1.00077
-1.00077
-1.00077
-1.00077
-1.00077
-1.00076
-1.00076
-1.00076
-1.00076
-1.00076
-1.00075
-1.00075
-1.00075
-1.00075
-1.00075
-1.00075
-1.00075
-1.00075
-1.00075
-1.00074
-1.00074
-1.00074
-1.00074
-1.00074
-1.00072
-1.00072
-1.00072
-1.00072
-1.00072
-1.00072
-1.00072
-1.00072
-1.00072
-1.00072
-1.00071
-1.00071
-1.00071
-1.00071
-1.0007
-1.0007
-1.0007
-1.0007
-1.0007
-1.0007
-1.00069
-1.00069
-1.00069
-1.00069
-1.00068
-1.00068
-1.00068
-1.00068
-1.00068
-1.00067
-1.00067
-1.00067
-1.00067
-1.00067
-1.00066
-1.00066
-1.00066
-1.00066
-1.00066
-1.00065
-1.00065
-1.00065
-1.00065
-1.00065
-1.00064
-1.00064
-1.00064
-1.00064
-1.00064
-1.00064
-1.00064
-1.00064
-1.00064
-1.00063
-1.00063
-1.00063
-1.00063
-1.00063
-1.00062
-1.00062
-1.00062
-1.00062
-1.00061
-1.00061
-1.00061
-1.00061
-1.00061
-1.00061
-1.0006
-1.0006
-1.0006
-1.0006
-1.00059
-1.00059
-1.00059
-1.00059
-1.00059
-1.00058
-1.00058
-1.00058
-1.00058
-1.00058
-1.00057
-1.00057
-1.00057
-1.00057
-1.00056
-1.00056
-1.00056
-1.00056
-1.00056
-1.00056
-1.00055
-1.00055
-1.00055
-1.00055
-1.00055
-1.00055
-1.00055
-1.00055
-1.00054
-1.00054
-1.00054
-1.00054
-1.00054
-1.00053
-1.00053
-1.00053
-1.00053
-1.00053
-1.00052
-1.00052
-1.00052
-1.00052
-1.00052
-1.00051
-1.00051
-1.00051
-1.00051
-1.0005
-1.0005
-1.0005
-1.0005
-1.0005
-1.0005
-1.0005
-1.0005
-1.0005
-1.00049
-1.00049
-1.00049
-1.00049
-1.00049
-1.00048
-1.00048
-1.00048
-1.00048
-1.00047
-1.00047
-1.00047
-1.00047
-1.00047
-1.00047
-1.00046
-1.00046
-1.00046
-1.00046
-1.00045
-1.00045
-1.00045
-1.00045
-1.00045
-1.00045
-1.00045
-1.00045
-1.00045
-1.00044
-1.00044
-1.00044
-1.00044
-1.00044
-1.00043
-1.00043
-1.00043
-1.00043
-1.00043
-1.00043
-1.00043
-1.00043
-1.00043
-1.00042
-1.00042
-1.00042
-1.00042
-1.00042
-1.00041
-1.00041
-1.00041
-1.00041
-1.00041
-1.00041
-1.00041
-1.00041
-1.00041
-1.0004
-1.0004
-1.0004
-1.0004
-1.0004
-1.0004
-1.0004
-1.0004
-1.0004
-1.0004
-1.00039
-1.00039
-1.00039
-1.00039
-1.00039
-1.00039
-1.00039
-1.00039
-1.00039
-1.00039
-1.00038
-1.00038
-1.00038
-1.00038
-1.00038
-1.00037
-1.00037
-1.00037
-1.00037
-1.00037
-1.00037
-1.00037
-1.00037
-1.00037
-1.00037
-1.00036
-1.00036
-1.00036
-1.00036
-1.00036
-1.00036
-1.00036
-1.00036
-1.00036
-1.00036
-1.00035
-1.00035
-1.00035
-1.00035
-1.00035
-1.00035
-1.00035
-1.00035
-1.00034
-1.00034
-1.00034
-1.00034
-1.00034
-1.00034
-1.00034
-1.00034
-1.00034
-1.00034
-1.00034
-1.00034
-1.00034
-1.00034
-1.00034
-1.00033
-1.00033
-1.00033
-1.00033
-1.00033
-1.00033
-1.00033
-1.00033
-1.00033
-1.00032
-1.00032
-1.00032
-1.00032
-1.00032
-1.00032
-1.00032
-1.00032
-1.00032
-1.00032
-1.00032
-1.00032
-1.00032
-1.00032
-1.00031
-1.00031
-1.00031
-1.00031
-1.00031
-1.00031
-1.00031
-1.00031
-1.00031
-1.00031
-1.0003
-1.0003
-1.0003
-1.0003
-1.0003
-1.0003
-1.0003
-1.0003
-1.0003
-1.0003
-1.0003
-1.0003
-1.0003
-1.0003
-1.00029
-1.00029
-1.00029
-1.00029
-1.00029
-1.00029
-1.00029
-1.00029
-1.00029
-1.00029
-1.00029
-1.00029
-1.00029
-1.00029
-1.00029
-1.00028
-1.00028
-1.00028
-1.00028
-1.00028
-1.00028
-1.00028
-1.00028
-1.00028
-1.00028
-1.00028
-1.00028
-1.00028
-1.00028
-1.00027
-1.00027
-1.00027
-1.00027
-1.00027
-1.00027
-1.00027
-1.00027
-1.00027
-1.00027
-1.00027
-1.00027
-1.00027
-1.00027
-1.00027
-1.00027
-1.00027
-1.00027
-1.00027
-1.00027
-1.00027
-1.00027
-1.00027
-1.00026
-1.00026
-1.00026
-1.00026
-1.00026
-1.00026
-1.00026
-1.00026
-1.00026
-1.00026
-1.00026
-1.00026
-1.00026
-1.00026
-1.00026
-1.00026
-1.00026
-1.00026
-1.00025
-1.00025
-1.00025
-1.00025
-1.00025
-1.00025
-1.00025
-1.00025
-1.00025
-1.00025
-1.00025
-1.00025
-1.00025
-1.00025
-1.00025
-1.00025
-1.00025
-1.00025
-1.00025
-1.00025
-1.00025
-1.00025
-1.00025
-1.00025
-1.00024
-1.00024
-1.00024
-1.00024
-1.00024
-1.00024
-1.00024
-1.00024
-1.00024
-1.00024
-1.00024
-1.00024
-1.00024
-1.00024
-1.00024
-1.00024
-1.00024
-1.00024
-1.00024
-1.00024
-1.00024
-1.00024
-1.00024
-1.00024
-1.00023
-1.00023
-1.00023
-1.00023
-1.00023
-1.00023
-1.00023
-1.00023
-1.00023
-1.00023
-1.00023
-1.00023
-1.00023
-1.00023
-1.00023
