-0.999997
-0.999997
-0.999997
-0.999997
-0.999997
-0.999997
-0.999997
-0.999997
-0.999997
-0.999997
-0.999997
-0.999997
-0.999997
-0.999997
-0.999997
-0.999997
-0.999997
-0.999997
-0.999997
-0.999997
-0.999997
-0.999997
-0.999997
-0.999997
-0.999997
-0.999997
-0.999997
-0.999998
-0.999998
-0.999998
-0.999998
-0.999998
-0.999998
-0.999998
-0.999998
-0.999998
-1
-1
-1
-1
-1
-1
-1
-1
-1
-1
-1.00001
-1.00001
-1.00001
-1.00001
-1.00001
-1.00001
-1.00001
-1.00001
-1.00001
-1.00001
-1.00001
-1.00001
-1.00001
-1.00002
-1.00002
-1.00002
-1.00002
-1.00002
-1.00003
-1.00003
-1.00003
-1.00003
-1.00005
-1.00005
-1.00005
-1.00005
-1.00005
-1.00005
-1.00006
-1.00006
-1.00006
-1.00006
-1.00009
-1.00009
-1.00009
-1.00009
-1.00009
-1.00012
-1.00012
-1.00012
-1.00012
-1.00015
-1.00015
-1.00016
-1.00016
-1.00016
-1.00016
-1.0002
-1.0002
-1.0002
-1.0002
-1.00025
-1.00025
-1.00025
-1.00025
-1.00025
-1.0003
-1.0003
-1.0003
-1.0003
-1.00041
-1.00041
-1.00041
-1.00041
-1.00041
-1.00057
-1.00057
-1.00057
-1.00057
-1.00057
-1.00077
-1.00077
-1.00077
-1.00077
-1.00096
-1.00107
-1.00107
-1.00107
-1.00107
-1.00125
-1.00125
-1.00125
-1.00125
-1.00125
-1.00158
-1.00158
-1.00158
-1.00158
-1.00158
-1.00197
-1.00197
-1.00197
-1.00197
-1.00241
-1.00241
-1.0025
-1.0025
-1.0025
-1.0025
-1.00291
-1.00291
-1.00291
-1.00291
-1.00335
-1.00335
-1.00335
-1.00335
-1.00383
-1.00383
-1.00383
-1.00383
-1.00383
-1.00449
-1.00449
-1.00449
-1.00449
-1.00506
-1.00521
-1.00536
-1.00536
-1.00536
-1.00536
-1.006
-1.006
-1.006
-1.006
-1.00668
-1.00668
-1.00668
-1.00668
-1.00668
-1.0076
-1.0076
-1.0076
-1.0076
-1.00839
-1.00881
-1.00881
-1.00881
-1.00881
-1.00881
-1.00967
-1.00967
-1.00967
-1.00967
-1.01058
-1.01058
-1.01058
-1.01058
-1.01058
-1.01179
-1.01179
-1.01179
-1.01179
-1.01179
-1.01309
-1.01309
-1.01309
-1.01309
-1.01448
-1.01448
-1.01448
-1.01448
-1.01448
-1.01595
-1.01595
-1.01626
-1.01626
-1.01626
-1.01626
-1.01751
-1.01751
-1.01751
-1.01751
-1.01883
-1.01883
-1.01883
-1.01883
-1.01883
-1.02055
-1.02055
-1.02055
-1.02055
-1.022
-1.02237
-1.02275
-1.02275
-1.02275
-1.02275
-1.02429
-1.02429
-1.02429
-1.02429
-1.02589
-1.02589
-1.02589
-1.02589
-1.02631
-1.02799
-1.02799
-1.02799
-1.02799
-1.0302
-1.03065
-1.03065
-1.03065
-1.03065
-1.03204
-1.03204
-1.03204
-1.03204
-1.03204
-1.03443
-1.03443
-1.03443
-1.03443
-1.03693
-1.03693
-1.03744
-1.03744
-1.03744
-1.03744
-1.03954
-1.03954
-1.03954
-1.03954
-1.03954
-1.04226
-1.04226
-1.04226
-1.04226
-1.04452
-1.0451
-1.04568
-1.04568
-1.04568
-1.04568
-1.04805
-1.04805
-1.04805
-1.04805
-1.0505
-1.0505
-1.0505
-1.0505
-1.05302
-1.05302
-1.05302
-1.05302
-1.05302
-1.05627
-1.05627
-1.05627
-1.05627
-1.05897
-1.05965
-1.06034
-1.06034
-1.06034
-1.06034
-1.06316
-1.06316
-1.06316
-1.06316
-1.06605
-1.06605
-1.06605
-1.06605
-1.06605
-1.06978
-1.06978
-1.06978
-1.06978
-1.07286
-1.07365
-1.07444
-1.07444
-1.07444
-1.07444
-1.07765
-1.07765
-1.07765
-1.07765
-1.08094
-1.08094
-1.08094
-1.08094
-1.08432
-1.08432
-1.08432
-1.08432
-1.08432
-1.08868
-1.08868
-1.08868
-1.08868
-1.08868
-1.09317
-1.09317
-1.09317
-1.09317
-1.09781
-1.09875
-1.09875
-1.09875
-1.09875
-1.09875
-1.1026
-1.1026
-1.1026
-1.1026
-1.10653
-1.10653
-1.10653
-1.10653
-1.11055
-1.11055
-1.11055
-1.11055
-1.11055
-1.11571
-1.11571
-1.11571
-1.11571
-1.12101
-1.12209
-1.12209
-1.12209
-1.12209
-1.12209
-1.12647
-1.12647
-1.12647
-1.12647
-1.13096
-1.13096
-1.13096
-1.13096
-1.13096
-1.1367
-1.1367
-1.1367
-1.1367
-1.1426
-1.1438
-1.1438
-1.1438
-1.1438
-1.1438
-1.14865
-1.14865
-1.14865
-1.14865
-1.15361
-1.15361
-1.15361
-1.15361
-1.15361
-1.15996
-1.15996
-1.15996
-1.15996
-1.16517
-1.16649
-1.16782
-1.16782
-1.16782
-1.16782
-1.17318
-1.17318
-1.17318
-1.17318
-1.17865
-1.17865
-1.17865
-1.17865
-1.17865
-1.18564
-1.18564
-1.18564
-1.18564
-1.19135
-1.19279
-1.19424
-1.19424
-1.19424
-1.19424
-1.20012
-1.20012
-1.20012
-1.20012
-1.20012
-1.20761
-1.20761
-1.20761
-1.20761
-1.20761
-1.21527
-1.21682
-1.21682
-1.21682
-1.21682
-1.22312
-1.22312
-1.22312
-1.22312
-1.22312
-1.22953
-1.22953
-1.22953
-1.22953
-1.23771
-1.23771
-1.23771
-1.23771
-1.23771
-1.24608
-1.24608
-1.24608
-1.24608
-1.24608
-1.25462
-1.25635
-1.25635
-1.25635
-1.25635
-1.26334
-1.26334
-1.26334
-1.26334
-1.27045
-1.27045
-1.27045
-1.27045
-1.27045
-1.2795
-1.2795
-1.2795
-1.2795
-1.2795
-1.28873
-1.28873
-1.28873
-1.28873
-1.29814
-1.29814
-1.30004
-1.30004
-1.30004
-1.30004
-1.30775
-1.30775
-1.30775
-1.30775
-1.31557
-1.31557
-1.31557
-1.31557
-1.31557
-1.32552
-1.32552
-1.32552
-1.32552
-1.3336
-1.33564
-1.33769
-1.33769
-1.33769
-1.33769
-1.34595
-1.34595
-1.34595
-1.34595
-1.35433
-1.35433
-1.35433
-1.35433
-1.35433
-1.36496
-1.36496
-1.36496
-1.36496
-1.36926
-1.37796
-1.37796
-1.37796
-1.37796
-1.37796
-1.3868
-1.3868
-1.3868
-1.3868
-1.39574
-1.39574
-1.39574
-1.39574
-1.39574
-1.40481
-1.40481
-1.40481
-1.40481
-1.41632
-1.41632
-1.41632
-1.41632
-1.42803
-1.42803
-1.43039
-1.43039
-1.43039
-1.43039
-1.43992
-1.43992
-1.43992
-1.43992
-1.43992
-1.452
-1.452
-1.452
-1.452
-1.46426
-1.46426
-1.46426
-1.46426
-1.46426
-1.47672
-1.47923
-1.47923
-1.47923
-1.47923
-1.48681
-1.48681
-1.48681
-1.48681
-1.48681
-1.49957
-1.49957
-1.49957
-1.49957
-1.51248
-1.51248
-1.51508
-1.51508
-1.51508
-1.51508
-1.52557
-1.52557
-1.52557
-1.52557
-1.52557
-1.53883
-1.53883
-1.53883
-1.53883
-1.5523
-1.5523
-1.55501
-1.55501
-1.55501
-1.55501
-1.56595
-1.56595
-1.56595
-1.56595
-1.577
-1.577
-1.577
-1.577
-1.577
-1.59096
-1.59096
-1.59096
-1.59096
-1.60511
-1.60797
-1.60797
-1.60797
-1.60797
-1.60797
-1.61947
-1.61947
-1.61947
-1.61947
-1.63109
-1.63109
-1.63109
-1.63109
-1.63109
-1.64575
-1.64575
-1.64575
-1.64575
-1.66059
-1.66059
-1.66357
-1.66357
-1.66357
-1.66357
-1.67559
-1.67559
-1.67559
-1.67559
-1.68771
-1.68771
-1.68771
-1.68771
-1.703
-1.703
-1.703
-1.703
-1.703
-1.71845
-1.72156
-1.72156
-1.72156
-1.72156
-1.73094
-1.73094
-1.73094
-1.73094
-1.73094
-1.74669
-1.74669
-1.74669
-1.74669
-1.74669
-1.76258
-1.76258
-1.76258
-1.76258
-1.77542
-1.77864
-1.78188
-1.78188
-1.78188
-1.78188
-1.79489
-1.79489
-1.79489
-1.79489
-1.808
-1.808
-1.808
-1.808
-1.82121
-1.82121
-1.82121
-1.82121
-1.82121
-1.83785
-1.83785
-1.83785
-1.83785
-1.83785
-1.85466
-1.85466
-1.85466
-1.85466
-1.86822
-1.87164
-1.87506
-1.87506
-1.87506
-1.87506
-1.88881
-1.88881
-1.88881
-1.88881
-1.90264
-1.90264
-1.90264
-1.90264
-1.90264
-1.92005
-1.92005
-1.92005
-1.92005
-1.93761
-1.93761
-1.94115
-1.94115
-1.94115
-1.94115
-1.95535
-1.95535
-1.95535
-1.95535
-1.96963
-1.96963
-1.96963
-1.96963
-1.96963
-1.98759
-1.98759
-1.98759
-1.98759
-2.00572
-2.00572
-2.00936
-2.00936
-2.00936
-2.00936
-2.024
-2.024
-2.024
-2.024
-2.03873
-2.03873
-2.03873
-2.03873
-2.03873
-2.05724
-2.05724
-2.05724
-2.05724
-2.07214
-2.07588
-2.07963
-2.07963
-2.07963
-2.07963
-2.09466
-2.09466
-2.09466
-2.09466
-2.10976
-2.10976
-2.10976
-2.10976
-2.10976
-2.12873
-2.12873
-2.12873
-2.12873
-2.14784
-2.14784
-2.15167
-2.15167
-2.15167
-2.15167
-2.16707
-2.16707
-2.16707
-2.16707
-2.18254
-2.18254
-2.18254
-2.18254
-2.19807
-2.19807
-2.19807
-2.19807
-2.19807
-2.21756
-2.21756
-2.21756
-2.21756
-2.23714
-2.24107
-2.24107
-2.24107
-2.24107
-2.24107
-2.25683
-2.25683
-2.25683
-2.25683
-2.27264
-2.27264
-2.27264
-2.27264
-2.27264
-2.29251
-2.29251
-2.29251
-2.29251
-2.30848
-2.31649
-2.31649
-2.31649
-2.31649
-2.31649
-2.33257
-2.33257
-2.33257
-2.33257
-2.34869
-2.34869
-2.34869
-2.34869
-2.34869
-2.36892
-2.36892
-2.36892
-2.36892
-2.38519
-2.39335
-2.39335
-2.39335
-2.39335
-2.39335
-2.4097
-2.4097
-2.4097
-2.4097
-2.4097
-2.42611
-2.42611
-2.42611
-2.42611
-2.44669
-2.44669
-2.44669
-2.44669
-2.44669
-2.46736
-2.46736
-2.46736
-2.46736
-2.48813
-2.4923
-2.4923
-2.4923
-2.4923
-2.4923
-2.50898
-2.50898
-2.50898
-2.50898
-2.52569
-2.52569
-2.52569
-2.52569
-2.52569
-2.54244
-2.54244
-2.54244
-2.54244
-2.56342
-2.56342
-2.56342
-2.56342
-2.56342
-2.58447
-2.58447
-2.58447
-2.58447
-2.60558
-2.60558
-2.60982
-2.60982
-2.60982
-2.60982
-2.62676
-2.62676
-2.62676
-2.62676
-2.62676
-2.64801
-2.64801
-2.64801
-2.64801
-2.64801
-2.66931
-2.67358
-2.67358
-2.67358
-2.67358
-2.68641
-2.68641
-2.68641
-2.68641
-2.70782
-2.70782
-2.70782
-2.70782
-2.70782
-2.72929
-2.72929
-2.72929
-2.72929
-2.7465
-2.75513
-2.75513
-2.75513
-2.75513
-2.75513
-2.7724
-2.7724
-2.7724
-2.7724
-2.78969
-2.78969
-2.78969
-2.78969
-2.78969
-2.81132
-2.81132
-2.81132
-2.81132
-2.83297
-2.8373
-2.8373
-2.8373
-2.8373
-2.8373
-2.85466
-2.85466
-2.85466
-2.85466
-2.872
-2.872
-2.872
-2.872
-2.88936
-2.88936
-2.88936
-2.88936
-2.88936
-2.91107
-2.91107
-2.91107
-2.91107
-2.91541
-2.93714
-2.93714
-2.93714
-2.93714
-2.93714
-2.95452
-2.95452
-2.95452
-2.95452
-2.9719
-2.9719
-2.9719
-2.9719
-2.99363
-2.99363
-2.99363
-2.99363
-2.99363
-3.01102
-3.01537
-3.01972
-3.01972
-3.01972
-3.01972
-3.03713
-3.03713
-3.03713
-3.03713
-3.05452
-3.05452
-3.05452
-3.05452
-3.05452
-3.07626
-3.07626
-3.07626
-3.07626
-3.09798
-3.09798
-3.09798
-3.09798
-3.09798
-3.11536
-3.11971
-3.12405
-3.12405
-3.12405
-3.12405
-3.14142
-3.14142
-3.14142
-3.14142
-3.14142
-3.16308
-3.16308
-3.16308
-3.16308
-3.18472
-3.18904
-3.18904
-3.18904
-3.18904
-3.18904
-3.20633
-3.20633
-3.20633
-3.20633
-3.22357
-3.22357
-3.22357
-3.22357
-3.22357
-3.24507
-3.24507
-3.24507
-3.24507
-3.26226
-3.26655
-3.27084
-3.27084
-3.27084
-3.27084
-3.288
-3.288
-3.288
-3.288
-3.30513
-3.30513
-3.30513
-3.30513
-3.30513
-3.32649
-3.32649
-3.32649
-3.32649
-3.34355
-3.3478
-3.35206
-3.35206
-3.35206
-3.35206
-3.36908
-3.36908
-3.36908
-3.36908
-3.38606
-3.38606
-3.38606
-3.38606
-3.38606
-3.40722
-3.40722
-3.40722
-3.40722
-3.40722
-3.42832
-3.42832
-3.42832
-3.42832
-3.44937
-3.44937
-3.45357
-3.45357
-3.45357
-3.45357
-3.47035
-3.47035
-3.47035
-3.47035
-3.48709
-3.48709
-3.48709
-3.48709
-3.48709
-3.50795
-3.50795
-3.50795
-3.50795
-3.50795
-3.52874
-3.52874
-3.52874
-3.52874
-3.54533
-3.55361
-3.55361
-3.55361
-3.55361
-3.55361
-3.57015
-3.57015
-3.57015
-3.57015
-3.58661
-3.58661
-3.58661
-3.58661
-3.60302
-3.60302
-3.60302
-3.60302
-3.60302
-3.62345
-3.62345
-3.62345
-3.62345
-3.63973
-3.64786
-3.64786
-3.64786
-3.64786
-3.64786
-3.66407
-3.66407
-3.66407
-3.66407
-3.66407
-3.68424
-3.68424
-3.68424
-3.68424
-3.70029
-3.70829
-3.70829
-3.70829
-3.70829
-3.70829
-3.72425
-3.72425
-3.72425
-3.72425
-3.74013
-3.74013
-3.74013
-3.74013
-3.74013
-3.75988
-3.75988
-3.75988
-3.75988
-3.77954
-3.78346
-3.78346
-3.78346
-3.78346
-3.78346
-3.79911
-3.79911
-3.79911
-3.79911
-3.79911
-3.81854
-3.81854
-3.81854
-3.81854
-3.83787
-3.83787
-3.84172
-3.84172
-3.84172
-3.84172
-3.85709
-3.85709
-3.85709
-3.85709
-3.87237
-3.87237
-3.87237
-3.87237
-3.87237
-3.89134
-3.89134
-3.89134
-3.89134
-3.90642
-3.91018
-3.91393
-3.91393
-3.91393
-3.91393
-3.92889
-3.92889
-3.92889
-3.92889
-3.92889
-3.94745
-3.94745
-3.94745
-3.94745
-3.96585
-3.96585
-3.96952
-3.96952
-3.96952
-3.96952
-3.98413
-3.98413
-3.98413
-3.98413
-3.99863
-3.99863
-3.99863
-3.99863
-4.01305
-4.01305
-4.01305
-4.01305
-4.01305
-4.03094
-4.03094
-4.03094
-4.03094
-4.04869
-4.04869
-4.05222
-4.05222
-4.05222
-4.05222
-4.0663
-4.0663
-4.0663
-4.0663
-4.0663
-4.08375
-4.08375
-4.08375
-4.08375
-4.10105
-4.10449
-4.10449
-4.10449
-4.10449
-4.10449
-4.11819
-4.11819
-4.11819
-4.11819
-4.13178
-4.13178
-4.13178
-4.13178
-4.14527
-4.14527
-4.14527
-4.14527
-4.14527
-4.16199
-4.16199
-4.16199
-4.16199
-4.16199
-4.17855
-4.18184
-4.18184
-4.18184
-4.18184
-4.19496
-4.19496
-4.19496
-4.19496
-4.19496
-4.21122
-4.21122
-4.21122
-4.21122
-4.2273
-4.2273
-4.2305
-4.2305
-4.2305
-4.2305
-4.24006
-4.24006
-4.24006
-4.24006
-4.25584
-4.25584
-4.25584
-4.25584
-4.25584
-4.27144
-4.27144
-4.27144
-4.27144
-4.27144
-4.28689
-4.28689
-4.28689
-4.28689
-4.30218
-4.30218
-4.30522
-4.30522
-4.30522
-4.30522
-4.31732
-4.31732
-4.31732
-4.31732
-4.31732
-4.33228
-4.33228
-4.33228
-4.33228
-4.34413
-4.34708
-4.35002
-4.35002
-4.35002
-4.35002
-4.36171
-4.36171
-4.36171
-4.36171
-4.37328
-4.37328
-4.37328
-4.37328
-4.37328
-4.38757
-4.38757
-4.38757
-4.38757
-4.38757
-4.40168
-4.40168
-4.40168
-4.40168
-4.40168
-4.41561
-4.41838
-4.41838
-4.41838
-4.41838
-4.42937
-4.42937
-4.42937
-4.42937
-4.44024
-4.44024
-4.44024
-4.44024
-4.44024
-4.45099
-4.45099
-4.45099
-4.45099
-4.46426
-4.46426
-4.46426
-4.46426
-4.47734
-4.47734
-4.47994
-4.47994
-4.47994
-4.47994
-4.49025
-4.49025
-4.49025
-4.49025
-4.49025
-4.50298
-4.50298
-4.50298
-4.50298
-4.51303
-4.518
-4.518
-4.518
-4.518
-4.518
-4.52786
-4.52786
-4.52786
-4.52786
-4.52786
-4.54
-4.54
-4.54
-4.54
-4.55196
-4.55196
-4.55433
-4.55433
-4.55433
-4.55433
-4.56373
-4.56373
-4.56373
-4.56373
-4.57301
-4.57301
-4.57301
-4.57301
-4.57301
-4.58444
-4.58444
-4.58444
-4.58444
-4.58444
-4.59568
-4.59568
-4.59568
-4.59568
-4.60674
-4.60893
-4.60893
-4.60893
-4.60893
-4.60893
-4.61546
-4.61546
-4.61546
-4.61546
-4.62619
-4.62619
-4.62619
-4.62619
-4.62619
-4.63675
-4.63675
-4.63675
-4.63675
-4.64506
-4.64713
-4.64918
-4.64918
-4.64918
-4.64918
-4.65734
-4.65734
-4.65734
-4.65734
-4.66736
-4.66736
-4.66736
-4.66736
-4.66736
-4.67525
-4.6772
-4.67915
-4.67915
-4.67915
-4.67915
-4.68685
-4.68685
-4.68685
-4.68685
-4.69444
-4.69444
-4.69444
-4.69444
-4.69444
-4.70376
-4.70376
-4.70376
-4.70376
-4.71108
-4.7147
-4.7147
-4.7147
-4.7147
-4.7147
-4.72186
-4.72186
-4.72186
-4.72186
-4.7289
-4.7289
-4.7289
-4.7289
-4.7289
-4.73754
-4.73754
-4.73754
-4.73754
-4.74434
-4.74769
-4.74769
-4.74769
-4.74769
-4.74769
-4.75431
-4.75431
-4.75431
-4.75431
-4.75431
-4.76243
-4.76243
-4.76243
-4.76243
-4.77039
-4.77039
-4.77196
-4.77196
-4.77196
-4.77196
-4.77818
-4.77818
-4.77818
-4.77818
-4.78428
-4.78428
-4.78428
-4.78428
-4.78428
-4.79175
-4.79175
-4.79175
-4.79175
-4.79906
-4.79906
-4.8005
-4.8005
-4.8005
-4.8005
-4.80621
-4.80621
-4.80621
-4.80621
-4.81179
-4.81179
-4.81179
-4.81179
-4.81179
-4.81862
-4.81862
-4.81862
-4.81862
-4.82528
-4.82528
-4.8266
-4.8266
-4.8266
-4.8266
-4.83179
-4.83179
-4.83179
-4.83179
-4.83179
-4.83813
-4.83813
-4.83813
-4.83813
-4.84431
-4.84431
-4.84553
-4.84553
-4.84553
-4.84553
-4.85033
-4.85033
-4.85033
-4.85033
-4.85033
-4.85618
-4.85618
-4.85618
-4.85618
-4.86074
-4.86187
-4.86299
-4.86299
-4.86299
-4.86299
-4.8674
-4.8674
-4.8674
-4.8674
-4.87171
-4.87171
-4.87171
-4.87171
-4.87592
-4.87592
-4.87592
-4.87592
-4.87592
-4.88103
-4.88103
-4.88103
-4.88103
-4.88501
-4.88599
-4.88696
-4.88696
-4.88696
-4.88696
-4.8908
-4.8908
-4.8908
-4.8908
-4.8908
-4.89545
-4.89545
-4.89545
-4.89545
-4.89996
-4.90085
-4.90085
-4.90085
-4.90085
-4.90085
-4.90433
-4.90433
-4.90433
-4.90433
-4.90772
-4.90772
-4.90772
-4.90772
-4.90772
-4.91183
-4.91183
-4.91183
-4.91183
-4.91183
-4.9158
-4.9158
-4.9158
-4.9158
-4.91889
-4.91964
-4.9204
-4.9204
-4.9204
-4.9204
-4.92335
-4.92335
-4.92335
-4.92335
-4.92622
-4.92622
-4.92622
-4.92622
-4.92622
-4.92969
-4.92969
-4.92969
-4.92969
-4.93238
-4.93304
-4.93369
-4.93369
-4.93369
-4.93369
-4.93625
-4.93625
-4.93625
-4.93625
-4.93625
-4.93935
-4.93935
-4.93935
-4.93935
-4.94173
-4.94289
-4.94289
-4.94289
-4.94289
-4.94289
-4.94516
-4.94516
-4.94516
-4.94516
-4.94736
-4.94736
-4.94736
-4.94736
-4.94736
-4.95
-4.95
-4.95
-4.95
-4.95203
-4.95252
-4.95302
-4.95302
-4.95302
-4.95302
-4.95494
-4.95494
-4.95494
-4.95494
-4.9568
-4.9568
-4.9568
-4.9568
-4.9568
-4.95903
-4.95903
-4.95903
-4.95903
-4.96073
-4.96115
-4.96156
-4.96156
-4.96156
-4.96156
-4.96278
-4.96278
-4.96278
-4.96278
-4.96473
-4.96473
-4.96473
-4.96473
-4.96473
-4.96658
-4.96658
-4.96658
-4.96658
-4.96834
-4.96834
-4.96868
-4.96868
-4.96868
-4.96868
-4.97001
-4.97001
-4.97001
-4.97001
-4.97128
-4.97128
-4.97128
-4.97128
-4.97128
-4.9725
-4.9725
-4.9725
-4.9725
-4.97395
-4.97395
-4.97395
-4.97395
-4.97505
-4.97558
-4.97558
-4.97558
-4.97558
-4.97558
-4.97661
-4.97661
-4.97661
-4.97661
-4.97759
-4.97759
-4.97759
-4.97759
-4.97853
-4.97853
-4.97853
-4.97853
-4.97853
-4.97963
-4.97963
-4.97963
-4.97963
-4.98047
-4.98067
-4.98087
-4.98087
-4.98087
-4.98087
-4.98165
-4.98165
-4.98165
-4.98165
-4.98256
-4.98256
-4.98256
-4.98256
-4.98256
-4.98325
-4.98358
-4.98358
-4.98358
-4.98358
-4.98358
-4.98422
-4.98422
-4.98422
-4.98422
-4.98482
-4.98482
-4.98482
-4.98482
-4.98482
-4.98553
-4.98553
-4.98553
-4.98553
-4.98606
-4.98631
-4.98631
-4.98631
-4.98631
-4.98631
-4.9868
-4.9868
-4.9868
-4.9868
-4.98726
-4.98726
-4.98726
-4.98726
-4.9878
-4.9878
-4.9878
-4.9878
-4.9878
-4.9883
-4.9884
-4.9884
-4.9884
-4.9884
-4.9884
-4.98877
-4.98877
-4.98877
-4.98877
-4.98912
-4.98912
-4.98912
-4.98912
-4.98912
-4.98953
-4.98953
-4.98953
-4.98953
-4.98953
-4.9899
-4.9899
-4.9899
-4.9899
-4.99025
-4.99025
-4.99032
-4.99032
-4.99032
-4.99032
-4.99058
-4.99058
-4.99058
-4.99058
-4.99058
-4.99088
-4.99088
-4.99088
-4.99088
-4.99117
-4.99117
-4.99122
-4.99122
-4.99122
-4.99122
-4.99143
-4.99143
-4.99143
-4.99143
-4.99163
-4.99163
-4.99163
-4.99163
-4.99182
-4.99182
-4.99182
-4.99182
-4.99182
-4.99204
-4.99204
-4.99204
-4.99204
-4.99204
-4.99225
-4.99225
-4.99225
-4.99225
-4.99241
-4.99249
-4.99249
-4.99249
-4.99249
-4.99249
-4.99264
-4.99264
-4.99264
-4.99264
-4.99278
-4.99278
-4.99278
-4.99278
-4.99292
-4.99292
-4.99292
-4.99292
-4.99292
-4.99309
-4.99309
-4.99309
-4.99309
-4.99322
-4.99326
-4.99329
-4.99329
-4.99329
-4.99329
-4.99342
-4.99342
-4.99342
-4.99342
-4.99342
-4.99357
-4.99357
-4.99357
-4.99357
-4.99373
-4.99376
-4.99376
-4.99376
-4.99376
-4.99376
-4.99388
-4.99388
-4.99388
-4.99388
-4.994
-4.994
-4.994
-4.994
-4.994
-4.99415
-4.99415
-4.99415
-4.99415
-4.99427
-4.9943
-4.99433
-4.99433
-4.99433
-4.99433
-4.99445
-4.99445
-4.99445
-4.99445
-4.99456
-4.99456
-4.99456
-4.99456
-4.99456
-4.99471
-4.99471
-4.99471
-4.99471
-4.99486
-4.99486
-4.99489
-4.99489
-4.99489
-4.99489
-4.99501
-4.99501
-4.99501
-4.99501
-4.99512
-4.99512
-4.99512
-4.99512
-4.99524
-4.99524
-4.99524
-4.99524
-4.99524
-4.99538
-4.99538
-4.99538
-4.99538
-4.99538
-4.99553
-4.99553
-4.99553
-4.99553
-4.99564
-4.9957
-4.9957
-4.9957
-4.9957
-4.9957
-4.99581
-4.99581
-4.99581
-4.99581
-4.99591
-4.99591
-4.99591
-4.99591
-4.99602
-4.99602
-4.99602
-4.99602
-4.99602
-4.99615
-4.99615
-4.99615
-4.99615
-4.99625
-4.9963
-4.9963
-4.9963
-4.9963
-4.9963
-4.9964
-4.9964
-4.9964
-4.9964
-4.9964
-4.99652
-4.99652
-4.99652
-4.99652
-4.99661
-4.99663
-4.99666
-4.99666
-4.99666
-4.99666
-4.99675
-4.99675
-4.99675
-4.99675
-4.99683
-4.99683
-4.99683
-4.99683
-4.99683
-4.99693
-4.99693
-4.99693
-4.99693
-4.99701
-4.99703
-4.99705
-4.99705
-4.99705
-4.99705
-4.99712
-4.99712
-4.99712
-4.99712
-4.99712
-4.99721
-4.99721
-4.99721
-4.99721
-4.99728
-4.99731
-4.99731
-4.99731
-4.99731
-4.99731
-4.99737
-4.99737
-4.99737
-4.99737
-4.99743
-4.99743
-4.99743
-4.99743
-4.99748
-4.99748
-4.99748
-4.99748
-4.99748
-4.99754
-4.99754
-4.99754
-4.99754
-4.99759
-4.99762
-4.99762
-4.99762
-4.99762
-4.99762
-4.99766
-4.99766
-4.99766
-4.99766
-4.99766
-4.99771
-4.99771
-4.99771
-4.99771
-4.99771
-4.99775
-4.99775
-4.99775
-4.99775
-4.99778
-4.99779
-4.9978
-4.9978
-4.9978
-4.9978
-4.99783
-4.99783
-4.99783
-4.99783
-4.99783
-4.99785
-4.99785
-4.99785
-4.99785
-4.99788
-4.99788
-4.99788
-4.99788
-4.9979
-4.9979
-4.99791
-4.99791
-4.99791
-4.99791
-4.99793
-4.99793
-4.99793
-4.99793
-4.99794
-4.99794
-4.99794
-4.99794
-4.99794
-4.99795
-4.99795
-4.99795
-4.99795
-4.99795
-4.99796
-4.99796
-4.99796
-4.99796
-4.99797
-4.99797
-4.99797
-4.99797
-4.99797
-4.99797
-4.99798
-4.99798
-4.99798
-4.99798
-4.99798
-4.99798
-4.99798
-4.99798
-4.99798
-4.99798
-4.99798
-4.99798
-4.99798
-4.99798
-4.99798
-4.99798
-4.99798
-4.99797
-4.99797
-4.99797
-4.99797
-4.99797
-4.99797
-4.99797
-4.99797
-4.99797
-4.99797
-4.99796
-4.99796
-4.99796
-4.99796
-4.99796
-4.99796
-4.99796
-4.99796
-4.99796
-4.99795
-4.99795
-4.99795
-4.99795
-4.99795
-4.99795
-4.99794
-4.99794
-4.99794
-4.99794
-4.99793
-4.99793
-4.99793
-4.99793
-4.99793
-4.99792
-4.99792
-4.99792
-4.99792
-4.99792
-4.99791
-4.99791
-4.99791
-4.99791
-4.99791
-4.9979
-4.9979
-4.9979
-4.9979
-4.9979
-4.99789
-4.99789
-4.99789
-4.99789
-4.99788
-4.99788
-4.99788
-4.99788
-4.99788
-4.99788
-4.99787
-4.99787
-4.99787
-4.99787
-4.99787
-4.99786
-4.99786
-4.99786
-4.99786
-4.99786
-4.99785
-4.99785
-4.99785
-4.99785
-4.99784
-4.99784
-4.99784
-4.99784
-4.99784
-4.99784
-4.99784
-4.99784
-4.99784
-4.99784
-4.99783
-4.99783
-4.99783
-4.99783
-4.99783
-4.99783
-4.99783
-4.99783
-4.99783
-4.99782
-4.99782
-4.99782
-4.99782
-4.99782
-4.99782
-4.99782
-4.99782
-4.99782
-4.99782
-4.99782
-4.99782
-4.99782
-4.99782
-4.99782
-4.99782
-4.99783
-4.99783
-4.99783
-4.99783
-4.99783
-4.99783
-4.99783
-4.99783
-4.99783
-4.99783
-4.99783
-4.99783
-4.99783
-4.99784
-4.99784
-4.99784
-4.99784
-4.99784
-4.99785
-4.99785
-4.99785
-4.99785
-4.99786
-4.99786
-4.99786
-4.99786
-4.99786
-4.99786
-4.99787
-4.99787
-4.99787
-4.99787
-4.99787
-4.99788
-4.99788
-4.99788
-4.99788
-4.9979
-4.9979
-4.9979
-4.9979
-4.9979
-4.9979
-4.99791
-4.99791
-4.99791
-4.99791
-4.99793
-4.99793
-4.99793
-4.99793
-4.99793
-4.99795
-4.99795
-4.99795
-4.99795
-4.99796
-4.99797
-4.99797
-4.99797
-4.99797
-4.99797
-4.99799
-4.99799
-4.99799
-4.99799
-4.99801
-4.99801
-4.99801
-4.99801
-4.99801
-4.99804
-4.99804
-4.99804
-4.99804
-4.99804
-4.99807
-4.99807
-4.99807
-4.99807
-4.99809
-4.99809
-4.9981
-4.9981
-4.9981
-4.9981
-4.99812
-4.99812
-4.99812
-4.99812
-4.99815
-4.99815
-4.99815
-4.99815
-4.99815
-4.99818
-4.99818
-4.99818
-4.99818
-4.99818
-4.99821
-4.99821
-4.99821
-4.99821
-4.99824
-4.99825
-4.99825
-4.99825
-4.99825
-4.99825
-4.99828
-4.99828
-4.99828
-4.99828
-4.99831
-4.99831
-4.99831
-4.99831
-4.99834
-4.99834
-4.99834
-4.99834
-4.99834
-4.99837
-4.99837
-4.99837
-4.99837
-4.99837
-4.99841
-4.99841
-4.99841
-4.99841
-4.99845
-4.99846
-4.99846
-4.99846
-4.99846
-4.99846
-4.99849
-4.99849
-4.99849
-4.99849
-4.99852
-4.99852
-4.99852
-4.99852
-4.99852
-4.99855
-4.99855
-4.99855
-4.99855
-4.99855
-4.99859
-4.99859
-4.99859
-4.99859
-4.99863
-4.99863
-4.99863
-4.99863
-4.99863
-4.99863
-4.99866
-4.99866
-4.99866
-4.99866
-4.99869
-4.99869
-4.99869
-4.99869
-4.99869
-4.99873
-4.99873
-4.99873
-4.99873
-4.99873
-4.99876
-4.99876
-4.99876
-4.99876
-4.99879
-4.99881
-4.99881
-4.99881
-4.99881
-4.99881
-4.99883
-4.99883
-4.99883
-4.99883
-4.99886
-4.99886
-4.99886
-4.99886
-4.99889
-4.99889
-4.99889
-4.99889
-4.99889
-4.99892
-4.99892
-4.99892
-4.99892
-4.99895
-4.99895
-4.99896
-4.99896
-4.99896
-4.99896
-4.99898
-4.99898
-4.99898
-4.99898
-4.999
-4.999
-4.999
-4.999
-4.999
-4.99903
-4.99903
-4.99903
-4.99903
-4.99906
-4.99906
-4.99906
-4.99906
-4.99906
-4.99906
-4.99909
-4.99909
-4.99909
-4.99909
-4.99911
-4.99911
-4.99911
-4.99911
-4.99911
-4.99913
-4.99913
-4.99913
-4.99913
-4.99913
-4.99915
-4.99915
-4.99915
-4.99915
-4.99917
-4.99918
-4.99918
-4.99918
-4.99918
-4.99918
-4.9992
-4.9992
-4.9992
-4.9992
-4.99921
-4.99921
-4.99921
-4.99921
-4.99921
-4.99923
-4.99923
-4.99923
-4.99923
-4.99923
-4.99925
-4.99925
-4.99925
-4.99925
-4.99925
-4.99926
-4.99926
-4.99926
-4.99926
-4.99926
-4.99928
-4.99928
-4.99928
-4.99928
-4.99929
-4.99929
-4.99929
-4.99929
-4.99929
-4.99929
-4.9993
-4.9993
-4.9993
-4.9993
-4.99931
-4.99931
-4.99931
-4.99931
-4.99931
-4.99932
-4.99932
-4.99932
-4.99932
-4.99932
-4.99933
-4.99933
-4.99933
-4.99933
-4.99934
-4.99934
-4.99935
-4.99935
-4.99935
-4.99935
-4.99935
-4.99935
-4.99935
-4.99935
-4.99936
-4.99936
-4.99936
-4.99936
-4.99936
-4.99936
-4.99936
-4.99936
-4.99936
-4.99936
-4.99937
-4.99937
-4.99937
-4.99937
-4.99937
-4.99937
-4.99937
-4.99937
-4.99937
-4.99937
-4.99938
-4.99938
-4.99938
-4.99938
-4.99938
-4.99938
-4.99938
-4.99938
-4.99938
-4.99938
-4.99938
-4.99938
-4.99938
-4.99938
-4.99939
-4.99939
-4.99939
-4.99939
-4.99939
-4.99939
-4.99939
-4.99939
-4.99939
-4.99939
-4.99939
-4.99939
-4.99939
-4.99939
-4.99939
-4.99939
-4.99939
-4.99939
-4.99939
-4.99939
-4.99939
-4.99939
-4.99939
-4.99939
-4.99939
-4.99939
-4.99939
-4.99939
-4.99939
-4.99939
-4.99939
-4.99939
-4.99939
-4.99939
-4.99939
-4.99939
-4.99939
-4.99939
-4.99939
-4.99939
-4.99939
-4.99939
-4.99939
-4.99939
-4.99939
-4.99939
-4.99939
-4.99939
-4.99939
-4.99939
-4.99939
-4.99939
-4.99939
-4.99939
-4.99939
-4.99939
-4.99939
-4.99939
-4.99939
-4.99939
-4.99939
-4.99939
-4.99939
-4.99939
-4.99939
-4.99939
-4.99939
-4.99939
-4.99939
-4.99939
-4.99939
-4.99939
-4.99939
-4.99939
-4.99938
-4.99938
-4.99938
-4.99938
-4.99938
-4.99938
-4.99938
-4.99938
-4.99938
-4.99938
-4.99938
-4.99938
-4.99938
-4.99938
-4.99938
-4.99938
-4.99938
-4.99938
-4.99938
-4.99939
-4.99939
-4.99939
-4.99939
-4.99939
-4.99939
-4.99939
-4.99939
-4.99939
-4.99939
-4.99939
-4.99939
-4.99939
-4.99939
-4.99939
-4.99939
-4.99939
-4.99939
-4.99939
-4.99939
-4.99939
-4.99939
-4.99939
-4.99939
-4.99939
-4.99939
-4.99939
-4.99939
-4.99939
-4.99939
-4.99939
-4.99939
-4.99939
-4.9994
-4.9994
-4.9994
-4.9994
-4.9994
-4.9994
-4.9994
-4.9994
-4.9994
-4.9994
-4.9994
-4.9994
-4.9994
-4.9994
-4.9994
-4.99941
-4.99941
-4.99941
-4.99941
-4.99941
-4.99941
-4.99941
-4.99941
-4.99941
-4.99941
-4.99941
-4.99941
-4.99941
-4.99941
-4.99942
-4.99942
-4.99942
-4.99942
-4.99942
-4.99942
-4.99943
-4.99943
-4.99943
-4.99943
-4.99943
-4.99943
-4.99943
-4.99943
-4.99943
-4.99944
-4.99944
-4.99944
-4.99944
-4.99944
-4.99944
-4.99944
-4.99944
-4.99944
-4.99945
-4.99945
-4.99945
-4.99945
-4.99945
-4.99945
-4.99946
-4.99946
-4.99946
-4.99946
-4.99946
-4.99946
-4.99946
-4.99946
-4.99947
-4.99947
-4.99947
-4.99947
-4.99947
-4.99948
-4.99948
-4.99948
-4.99948
-4.99948
-4.99948
-4.99948
-4.99948
-4.99948
-4.99949
-4.9995
-4.9995
-4.9995
-4.9995
-4.9995
-4.9995
-4.9995
-4.9995
-4.9995
-4.99951
-4.99951
-4.99951
-4.99951
-4.99951
-4.99952
-4.99952
-4.99952
-4.99952
-4.99953
-4.99953
-4.99953
-4.99953
-4.99953
-4.99953
-4.99954
-4.99954
-4.99954
-4.99954
-4.99954
-4.99954
-4.99954
-4.99954
-4.99954
-4.99955
-4.99955
-4.99955
-4.99955
-4.99956
-4.99957
-4.99957
-4.99957
-4.99957
-4.99957
-4.99957
-4.99957
-4.99957
-4.99957
-4.99958
-4.99958
-4.99958
-4.99958
-4.99959
-4.99959
-4.99959
-4.99959
-4.99959
-4.9996
-4.9996
-4.9996
-4.9996
-4.9996
-4.99961
-4.99961
-4.99961
-4.99961
-4.99962
-4.99962
-4.99962
-4.99962
-4.99962
-4.99962
-4.99963
-4.99963
-4.99963
-4.99963
-4.99963
-4.99963
-4.99963
-4.99963
-4.99964
-4.99964
-4.99964
-4.99964
-4.99964
-4.99965
-4.99965
-4.99965
-4.99965
-4.99965
-4.99966
-4.99966
-4.99966
-4.99966
-4.99967
-4.99967
-4.99967
-4.99967
-4.99967
-4.99967
-4.99968
-4.99968
-4.99968
-4.99968
-4.99968
-4.99968
-4.99968
-4.99968
-4.99969
-4.99969
-4.99969
-4.99969
-4.99969
-4.9997
-4.9997
-4.9997
-4.9997
-4.9997
-4.99971
-4.99971
-4.99971
-4.99971
-4.99971
-4.99971
-4.99972
-4.99972
-4.99972
-4.99972
-4.99972
-4.99972
-4.99972
-4.99972
-4.99973
-4.99973
-4.99973
-4.99973
-4.99973
-4.99973
-4.99973
-4.99973
-4.99973
-4.99974
-4.99974
