8.94196e-08
1.23015e-07
1.23015e-07
2.17521e-07
2.8125e-07
2.8125e-07
4.49421e-07
5.57254e-07
5.57254e-07
8.29595e-07
9.98055e-07
1.19083e-06
1.19083e-06
1.41012e-06
1.93755e-06
2.25055e-06
2.5998e-06
2.5998e-06
3.41774e-06
3.41774e-06
3.89201e-06
4.98573e-06
4.98573e-06
6.29346e-06
7.03557e-06
7.84094e-06
8.71299e-06
9.65523e-06
1.06712e-05
1.17647e-05
1.17647e-05
1.41991e-05
1.41991e-05
1.69894e-05
1.69894e-05
2.01678e-05
2.1913e-05
2.37679e-05
2.37679e-05
2.78244e-05
3.0035e-05
3.23733e-05
3.48439e-05
3.48439e-05
4.02013e-05
4.30978e-05
4.61461e-05
4.93513e-05
5.27185e-05
5.62528e-05
5.99596e-05
6.38441e-05
6.79117e-05
7.2168e-05
7.66184e-05
7.66184e-05
8.6124e-05
8.6124e-05
9.11907e-05
9.64743e-05
0.000107716
0.000113686
0.000119896
0.000119896
0.000133064
0.000133064
0.000147269
0.000154777
0.000154777
0.000170633
0.000178996
0.000178996
0.000196621
0.000205897
0.000205897
0.000225411
0.000235663
0.000235663
0.000257189
0.000268478
0.000280127
0.000280127
0.000304535
0.000317307
0.000330469
0.000344027
0.000344027
0.000372362
0.000387154
0.000387154
0.000418025
0.000418025
0.000450663
0.000467664
0.000467664
0.00048513
0.000521489
0.000540398
0.000559803
0.000559803
0.000600137
0.000621082
0.000642555
0.000664567
0.000664567
0.000710236
0.000710236
0.000758154
0.000782979
0.000808391
0.000834399
0.000834399
0.000888239
0.000916088
0.000944568
0.000973688
0.00100346
0.00103388
0.00106497
0.00109674
0.00109674
0.00116233
0.00119617
0.00119617
0.001266
0.001302
0.001302
0.00137623
0.00141448
0.00145348
0.00145348
0.00153384
0.0015752
0.00161736
0.00166034
0.00170413
0.00170413
0.00179423
0.00184054
0.00188772
0.00193577
0.00198469
0.00198469
0.00208521
0.00213682
0.00218935
0.00224281
0.00224281
0.00235255
0.00240884
0.0024661
0.00252434
0.00252434
0.00258356
0.00270499
0.00276723
0.00283049
0.00283049
0.00296012
0.00296012
0.00309397
0.0031625
0.00323212
0.00330283
0.00330283
0.00337464
0.00344757
0.00359681
0.00367314
0.00375063
0.00382929
0.00382929
0.00399013
0.00407234
0.00407234
0.00415576
0.00424039
0.00441334
0.00450169
0.00450169
0.00459129
0.0047743
0.0047743
0.00496247
0.00505851
0.00515587
0.00515587
0.00535459
0.00545597
0.00545597
0.00566282
0.00566282
0.0058752
0.0058752
0.00609319
0.00620432
0.00631688
0.00643088
0.00643088
0.00666326
0.00678166
0.00678166
0.00702292
0.00714581
0.00714581
0.00739615
0.00752362
0.00752362
0.00778322
0.00778322
0.0080491
0.00818442
0.00832135
0.00845988
0.00860004
0.00860004
0.00888526
0.00903035
0.00903035
0.00932553
0.00947564
0.00962745
0.00962745
0.00993619
0.0100932
0.0102518
0.0102518
0.0105745
0.0107385
0.0109042
0.0109042
0.0110718
0.0114123
0.0115852
0.01176
0.0119367
0.0119367
0.0122956
0.0124778
0.0124778
0.0128479
0.0130359
0.0130359
0.0134175
0.0134175
0.0138068
0.0138068
0.0140044
0.0144056
0.0146091
0.0148146
0.0150222
0.0152317
0.0154433
0.015657
0.0158726
0.0158726
0.0163102
0.0165321
0.0167561
0.0167561
0.0172103
0.0174406
0.0176731
0.0179077
0.0181444
0.0183833
0.0186244
0.0188676
0.0188676
0.0191131
0.0196106
0.0198626
0.020117
0.020117
0.0206323
0.0206323
0.0211567
0.0214223
0.0214223
0.0219605
0.022233
0.022233
0.022785
0.0230645
0.0230645
0.0233464
0.0236306
0.0239172
0.0244976
0.0244976
0.0250875
0.0250875
0.0256871
0.0256871
0.0259906
0.0266049
0.0269157
0.0269157
0.0275448
0.0275448
0.0278631
0.0285072
0.0288331
0.0291614
0.0294923
0.0294923
0.0301618
0.0305004
0.0305004
0.0311853
0.0311853
0.0318806
0.0322322
0.0322322
0.0329433
0.0333027
0.0333027
0.0340297
0.0343971
0.0343971
0.0351401
0.0355157
0.0355157
0.0362749
0.0366585
0.0366585
0.0374341
0.037826
0.0382207
0.0386181
0.0390183
0.0390183
0.0398271
0.0402357
0.0402357
0.0410613
0.0414784
0.0414784
0.042321
0.0427466
0.043175
0.0436064
0.0440406
0.0440406
0.0449176
0.0453605
0.0458063
0.046255
0.0467067
0.0471613
0.0476188
0.0480793
0.0485427
0.0490091
0.0494785
0.0494785
0.0504262
0.0509046
0.0513859
0.0518703
0.0523577
0.0523577
0.0533416
0.0538381
0.0543377
0.0543377
0.0548403
0.055346
0.0563667
0.0568816
0.0573997
0.0579208
0.0584451
0.0584451
0.059503
0.059503
0.0605735
0.0611134
0.0611134
0.0622028
0.0627522
0.0627522
0.0638606
0.0644196
0.0649818
0.0649818
0.0661158
0.0661158
0.0672627
0.067841
0.067841
0.0690073
0.0695953
0.0701866
0.0701866
0.0713789
0.07198
0.07198
0.0731921
0.073803
0.0744173
0.0744173
0.0750349
0.07628
0.07628
0.0775384
0.0781726
0.0781726
0.0794511
0.0800954
0.0800954
0.0813941
0.0820484
0.0827062
0.0833674
0.0840319
0.0846999
0.0853712
0.0853712
0.0867241
0.0874057
0.0880908
0.0887792
0.0894711
0.0894711
0.0908652
0.0915675
0.0922731
0.0929823
0.0936949
0.094411
0.0951306
0.0958536
0.0965802
0.0965802
0.0980437
0.0987808
0.0987808
0.100265
0.100265
0.101764
0.101764
0.103277
0.104038
0.104038
0.105572
0.106345
0.107121
0.1079
0.108683
0.10947
0.11026
0.111053
0.111851
0.112652
0.113456
0.114264
0.115076
0.115891
0.11671
0.11671
0.118358
0.119188
0.120021
0.120021
0.121698
0.122543
0.12339
0.124242
0.124242
0.125955
0.126818
0.127684
0.127684
0.128553
0.130303
0.131184
0.132068
0.132956
0.133848
0.134743
0.134743
0.136544
0.136544
0.138361
0.138361
0.140192
0.141113
0.142037
0.142037
0.143898
0.144834
0.144834
0.145773
0.147663
0.147663
0.149568
0.150526
0.151488
0.152453
0.153422
0.154395
0.154395
0.156352
0.157336
0.158324
0.158324
0.160311
0.16131
0.16131
0.162312
0.164329
0.165343
0.166361
0.167382
0.168407
0.169436
0.170469
0.170469
0.172545
0.173589
0.173589
0.175688
0.175688
0.177802
0.178864
0.178864
0.179931
0.182075
0.183152
0.183152
0.185319
0.186408
0.1875
0.188597
0.189697
0.190801
0.190801
0.19302
0.194135
0.195254
0.196377
0.196377
0.197503
0.199767
0.199767
0.202046
0.203191
0.203191
0.205493
0.20665
0.20665
0.20781
0.208974
0.211313
0.212488
0.212488
0.21485
0.21485
0.216037
0.218421
0.219619
0.22082
0.222025
0.223234
0.224447
0.225663
0.226884
0.226884
0.229335
0.230567
0.231802
0.233041
0.234283
0.234283
0.23678
0.238033
0.239291
0.240552
0.240552
0.243086
0.244358
0.244358
0.246914
0.248198
0.249485
0.250776
0.252071
0.253369
0.254671
0.255977
0.255977
0.2586
0.2586
0.261237
0.262561
0.263889
0.265221
0.266556
0.267895
0.269238
0.270584
0.271934
0.273288
0.274645
0.274645
0.276006
0.278739
0.280111
0.281487
0.282866
0.284249
0.284249
0.287025
0.288419
0.289817
0.291218
0.292622
0.294031
0.295442
0.296858
0.298277
0.298277
0.301126
0.302556
0.303989
0.305427
0.306867
0.308311
0.308311
0.311211
0.311211
0.314124
0.315586
0.317052
0.318521
0.319994
0.319994
0.32295
0.324433
0.32592
0.32741
0.32741
0.330402
0.331903
0.333407
0.334915
0.336427
0.337942
0.33946
0.340982
0.342507
0.342507
0.345568
0.347104
0.348643
0.348643
0.351732
0.353282
0.354835
0.356391
0.357951
0.359514
0.361081
0.362651
0.364224
0.364224
0.365801
0.368965
0.370552
0.372143
0.372143
0.375334
0.376934
0.376934
0.380145
0.381756
0.383369
0.384987
0.386607
0.386607
0.389858
0.391488
0.393122
0.393122
0.396399
0.398043
0.39969
0.39969
0.402993
0.402993
0.406309
0.407972
0.409639
0.411308
0.412981
0.412981
0.416336
0.418018
0.418018
0.421392
0.421392
0.424779
0.426477
0.428179
0.429883
0.431591
0.431591
0.435015
0.436732
0.438452
0.438452
0.441902
0.443631
0.445363
0.447099
0.447099
0.450579
0.450579
0.454071
0.455822
0.457576
0.459332
0.461092
0.462855
0.464621
0.466389
0.468161
0.469936
0.469936
0.473494
0.475277
0.477064
0.478853
0.480645
0.482441
0.484239
0.48604
0.48604
0.48965
0.49146
0.493273
0.493273
0.495088
0.498727
0.500551
0.500551
0.504207
0.506039
0.506039
0.509712
0.511553
0.511553
0.515242
0.517091
0.517091
0.518942
0.522654
0.522654
0.524514
0.526376
0.530109
0.531979
0.533852
0.533852
0.537607
0.539488
0.541371
0.543258
0.543258
0.547038
0.548932
0.550829
0.550829
0.55463
0.556534
0.558441
0.56035
0.562262
0.562262
0.566094
0.568013
0.568013
0.569935
0.573786
0.575716
0.577647
0.577647
0.579581
0.581518
0.585398
0.585398
0.587342
0.591237
0.593188
0.593188
0.597096
0.599054
0.601014
0.602977
0.602977
0.606909
0.606909
0.61085
0.612824
0.612824
0.616778
0.618759
0.620741
0.620741
0.624714
0.626703
0.628694
0.630688
0.632684
0.634682
0.634682
0.638684
0.640689
0.640689
0.642695
0.646714
0.648727
0.648727
0.652758
0.654777
0.654777
0.65882
0.660845
0.662872
0.664901
0.664901
0.666931
0.670998
0.670998
0.675073
0.677114
0.677114
0.6812
0.683246
0.683246
0.685294
0.689395
0.691448
0.693503
0.69556
0.69556
0.699679
0.701741
0.703805
0.705871
0.707939
0.710008
0.710008
0.714151
0.716226
0.716226
0.720379
0.722459
0.722459
0.726622
0.728706
0.730792
0.732879
0.734968
0.737059
0.739151
0.739151
0.743339
0.745436
0.747534
0.747534
0.751735
0.753837
0.755941
0.755941
0.760154
0.762262
0.762262
0.766483
0.768596
0.77071
0.772825
0.774941
0.774941
0.777059
0.781299
0.783421
0.783421
0.787669
0.789794
0.789794
0.791921
0.796179
0.79831
0.800441
0.802574
0.804709
0.806844
0.806844
0.811118
0.813257
0.815397
0.817538
0.81968
0.821823
0.823967
0.823967
0.826112
0.830406
0.832554
0.834703
0.836854
0.839005
0.841157
0.84331
0.845465
0.845465
0.849776
0.851932
0.85409
0.856249
0.856249
0.860568
0.86273
0.86273
0.867054
0.869218
0.869218
0.873547
0.875713
0.87788
0.880047
0.882215
0.884384
0.884384
0.888724
0.890894
0.893066
0.895238
0.897411
0.899584
0.899584
0.903932
0.906108
0.908283
0.910459
0.912636
0.914813
0.916991
0.916991
0.919169
0.923527
0.925707
0.927887
0.930068
0.932249
0.93443
0.936612
0.938794
0.940977
0.94316
0.945343
0.947526
0.94971
0.951894
0.954079
0.956264
0.958449
0.960634
0.962819
0.962819
0.967191
0.969377
0.969377
0.97375
0.975936
0.978123
0.98031
0.982497
0.984684
0.984684
0.989059
0.991246
0.991246
0.995621
0.997809
0.997809
1.00218
1.00437
1.00437
1.00875
1.01093
1.01093
1.01531
1.01749
1.01749
1.02187
1.02187
1.02624
1.02843
1.02843
1.03061
1.03499
1.03717
1.03936
1.04154
1.04154
1.04591
1.0481
1.05028
1.05028
1.05465
1.05683
1.05683
1.0612
1.06338
1.06338
1.06774
1.06992
1.0721
1.07428
1.07428
1.07864
1.08082
1.08082
1.08518
1.08736
1.08953
1.09171
1.09171
1.09606
1.09823
1.09823
1.10258
1.10475
1.10475
1.1091
1.11127
1.11344
1.11344
1.11778
1.11994
1.12211
1.12428
1.12644
1.12861
1.13077
1.13294
1.1351
1.13726
1.13942
1.14158
1.14374
1.14374
1.14806
1.15022
1.15237
1.15453
1.15668
1.15883
1.16099
1.16099
1.16529
1.16529
1.16959
1.17173
1.17388
1.17603
1.17817
1.18031
1.18245
1.1846
1.18674
1.18887
1.19101
1.19315
1.19315
1.19742
1.19955
1.20168
1.20381
1.20594
1.20594
1.2102
1.2102
1.21445
1.21657
1.21869
1.22081
1.22293
1.22293
1.22717
1.22928
1.22928
1.23351
1.23351
1.23562
1.23984
1.24195
1.24405
1.24615
1.24826
1.25036
1.25246
1.25456
1.25665
1.25665
1.25875
1.26293
1.26502
1.26502
1.26711
1.27129
1.27337
1.27545
1.27753
1.27753
1.28169
1.28377
1.28584
1.28791
1.28998
1.29205
1.29412
1.29619
1.29619
1.30031
1.30237
1.30237
1.30649
1.30649
1.3106
1.31265
1.31265
1.31675
1.31879
1.31879
1.32288
1.32492
1.32696
1.32899
1.33103
1.33103
1.33509
1.33712
1.33712
1.34117
1.34319
1.34522
1.34723
1.34723
1.35127
1.35328
1.35328
1.3573
1.3593
1.36131
1.36331
1.36331
1.36731
1.36731
1.3713
1.37329
1.37528
1.37727
1.37925
1.37925
1.38321
1.38519
1.38717
1.38914
1.39111
1.39308
1.39505
1.39702
1.39898
1.39898
1.4029
1.40485
1.4068
1.40876
1.4107
1.41265
1.41459
1.41654
1.41847
1.42041
1.42235
1.42428
1.42621
1.42621
1.42813
1.43198
1.4339
1.43582
1.43582
1.43964
1.44155
1.44346
1.44536
1.44726
1.44916
1.45106
1.45295
1.45485
1.45673
1.45673
1.4605
1.46239
1.46239
1.46614
1.46614
1.46988
1.47175
1.47175
1.47548
1.47734
1.4792
1.48105
1.48105
1.48475
1.4866
1.48844
1.49028
1.49028
1.49395
1.49579
1.49762
1.49944
1.50127
1.50127
1.50309
1.5049
1.50672
1.51034
1.51215
1.51395
1.51575
1.51755
1.51935
1.52114
1.52114
1.52472
1.52472
1.52828
1.53006
1.53183
1.5336
1.53537
1.53537
1.5389
1.5389
1.54242
1.54417
1.54417
1.54767
1.54941
1.54941
1.55289
1.55463
1.55636
1.55809
1.55809
1.56154
1.56326
1.56498
1.56669
1.5684
1.57011
1.57181
1.57352
1.57521
1.57521
1.5786
1.5786
1.58197
1.58366
1.58534
1.58701
1.58868
1.58868
1.59202
1.59368
1.59368
1.597
1.59865
1.6003
1.60195
1.60359
1.60523
1.60687
1.6085
1.61014
1.61176
1.61176
1.61501
1.61662
1.61824
1.61985
1.62146
1.62306
1.62466
1.62626
1.62785
1.62785
1.63103
1.63103
1.63419
1.63419
1.63734
1.63891
1.64048
1.64204
1.6436
1.64516
1.64516
1.64826
1.64826
1.65135
1.65289
1.65289
1.65596
1.65749
1.65901
1.65901
1.66053
1.66357
1.66508
1.66659
1.66809
1.66959
1.66959
1.67258
1.67407
1.67556
1.67704
1.67852
1.67852
1.68147
1.68147
1.68441
1.68587
1.68733
1.68878
1.68878
1.69168
1.69313
1.69457
1.696
1.69744
1.69887
1.69887
1.70029
1.70314
1.70314
1.70596
1.70737
1.70878
1.71018
1.71157
1.71157
1.71436
1.71574
1.71574
1.71851
1.71988
1.72125
1.72125
1.72399
1.72535
1.72535
1.72806
1.72941
1.72941
1.7321
1.73344
1.73477
1.73477
1.73743
1.73876
1.73876
1.74139
1.74271
1.74402
1.74532
1.74662
1.74792
1.74922
1.74922
1.7518
1.75308
1.75436
1.75564
1.75691
1.75691
1.75944
1.7607
1.7607
1.76321
1.76446
1.76446
1.76571
1.76819
1.76943
1.76943
1.77189
1.77311
1.77311
1.77555
1.77676
1.77676
1.77917
1.78038
1.78038
1.78157
1.78396
1.78396
1.78514
1.78751
1.78868
1.78985
1.79102
1.79102
1.79334
1.79334
1.79565
1.7968
1.7968
1.79909
1.80023
1.80136
1.80249
1.80362
1.80362
1.80586
1.80697
1.80809
1.80919
1.80919
1.8114
1.81249
1.81359
1.81468
1.81576
1.81684
1.81792
1.81899
1.82006
1.82113
1.82113
1.82325
1.82431
1.82536
1.82641
1.82745
1.82849
1.82953
1.83056
1.83159
1.83159
1.83363
1.83465
1.83567
1.83668
1.83768
1.83868
1.83868
1.83968
1.84167
1.84266
1.84364
1.84462
1.8456
1.8456
1.84754
1.84851
1.84947
1.85043
1.85043
1.85233
1.85328
1.85422
1.85516
1.85516
1.85703
1.85703
1.85888
1.8598
1.86072
1.86072
1.86254
1.86345
1.86435
1.86525
1.86615
1.86704
1.86793
1.86881
1.86969
1.87057
1.87057
1.87231
1.87318
1.87404
1.87404
1.87575
1.8766
1.87745
1.8783
1.8783
1.87997
1.88081
1.88164
1.88246
1.88328
1.8841
1.8841
1.88573
1.88654
1.88734
1.88814
1.88814
1.88973
1.89052
1.89052
1.89209
1.89287
1.89287
1.89442
1.89519
1.89596
1.89672
1.89748
1.89748
1.89898
1.89898
1.90047
1.90121
1.90121
1.90268
1.90341
1.90341
1.90486
1.90486
1.9063
1.90701
1.90772
1.90772
1.90913
1.90983
1.91052
1.91122
1.91122
1.91259
1.91327
1.91395
1.91462
1.91529
1.91596
1.91663
1.91663
1.91795
1.91795
1.91925
1.9199
1.92054
1.92118
1.92182
1.92246
1.92246
1.92371
1.92434
1.92496
1.92558
1.92558
1.9268
1.92741
1.92741
1.92862
1.92921
1.92921
1.9304
1.9304
1.93157
1.93215
1.93273
1.93331
1.93388
1.93445
1.93445
1.93557
1.93613
1.93669
1.93724
1.93779
1.93834
1.93888
1.93888
1.93996
1.94049
1.94102
1.94155
1.94207
1.94259
1.94311
1.94363
1.94363
1.94414
1.94515
1.94566
1.94616
1.94616
1.94715
1.94715
1.94812
1.94861
1.94861
1.94957
1.95004
1.95052
1.95052
1.95145
1.95192
1.95238
1.95283
1.95283
1.95374
1.95419
1.95463
1.95508
1.95552
1.95595
1.95639
1.95682
1.95725
1.95767
1.9581
1.95852
1.95893
1.95935
1.95935
1.96017
1.96017
1.96098
1.96138
1.96138
1.96177
1.96256
1.96295
1.96295
1.96372
1.9641
1.96448
1.96485
1.96485
1.9656
1.96596
1.96596
1.96669
1.96705
1.96741
1.96776
1.96811
1.96811
1.96881
1.96915
1.96949
1.96983
1.97017
1.9705
1.97083
1.97116
1.97149
1.97149
1.97213
1.97245
1.97277
1.97308
1.97339
1.9737
1.9737
1.97431
1.97431
1.97491
1.97491
1.9755
1.97579
1.97608
1.97636
1.97665
1.97693
1.97721
1.97721
1.97749
1.97803
1.9783
1.97857
1.97884
1.97884
1.97936
1.97962
1.97962
1.98013
1.98013
1.98063
1.98088
1.98113
1.98137
1.98161
1.98161
1.98209
1.98209
1.98255
1.98278
1.98301
1.98324
1.98346
1.98368
1.98368
1.9839
1.98434
1.98455
1.98476
1.98497
1.98497
1.98538
1.98559
1.98579
1.98599
1.98619
1.98619
1.98658
1.98658
1.98696
1.98715
1.98733
1.98733
1.9877
1.98788
1.98806
1.98823
1.98823
1.98858
1.98875
1.98892
1.98892
1.98925
1.98942
1.98942
1.98974
1.9899
1.99006
1.99021
1.99037
1.99037
1.99067
1.99067
1.99096
1.99111
1.99111
1.99139
1.99153
1.99167
1.99167
1.99194
1.99194
1.99221
1.99234
1.99234
1.9926
1.99272
1.99285
1.99297
1.99309
1.99321
1.99321
1.99345
1.99356
1.99368
1.99379
1.9939
1.99401
1.99412
1.99412
1.99433
1.99443
1.99454
1.99464
1.99474
1.99484
1.99493
1.99503
1.99512
1.99522
1.99522
1.9954
1.99549
1.99558
1.99567
1.99575
1.99584
1.99592
1.996
1.99608
1.99608
1.99624
1.99632
1.99632
1.99647
1.99647
1.99662
1.99669
1.99676
1.99683
1.9969
1.9969
1.99697
1.9971
1.9971
1.99722
1.99729
1.99735
1.99741
1.99747
1.99747
1.99758
1.99758
1.99769
1.99769
1.9978
1.9978
1.99791
1.99796
1.99801
1.99806
1.9981
1.99815
1.9982
1.99824
1.99829
1.99833
1.99833
1.99842
1.99846
1.99846
1.99854
1.99854
1.99862
1.99862
1.99869
1.99873
1.99873
1.9988
1.99883
1.99886
1.99889
1.99893
1.99893
1.99899
1.99902
1.99905
1.99908
1.9991
1.99913
1.99916
1.99916
1.99921
1.99923
1.99926
1.99928
1.9993
1.99933
1.99935
1.99935
1.99939
1.99941
1.99941
1.99945
1.99947
1.99949
1.99949
1.99952
1.99954
1.99956
1.99957
1.99957
1.9996
1.99962
1.99963
1.99965
1.99966
1.99967
1.99969
1.9997
1.9997
1.99972
1.99973
1.99974
1.99975
1.99976
1.99977
1.99978
1.99979
1.99979
1.99981
1.99982
1.99983
1.99984
1.99984
1.99985
1.99985
1.99986
1.99987
1.99988
1.99988
1.99988
1.99989
1.99989
1.9999
1.99991
1.99991
1.99991
1.99992
1.99992
1.99993
1.99993
1.99993
1.99994
1.99994
1.99995
1.99995
1.99995
1.99995
1.99996
1.99996
1.99996
1.99996
1.99997
1.99997
1.99997
1.99997
1.99997
1.99997
1.99997
1.99998
1.99998
1.99998
1.99998
1.99998
1.99998
1.99998
1.99998
1.99998
1.99998
1.99998
1.99998
1.99998
1.99999
1.99999
1.99999
1.99999
1.99999
1.99999
1.99999
1.99999
1.99999
1.99999
1.99999
1.99999
1.99999
1.99999
1.99999
1.99999
1.99999
1.99999
1.99999
1.99999
1.99999
1.99999
1.99999
1.99999
1.99999
1.99999
1.99999
1.99999
1.99999
1.99999
1.99999
2
2
2
2
2
2
2
2
2
2
2
2
2
2
2
2
2
2
2
2
2
2
2
2
2
2
2
2
2
2
2
2
2
2
2
2
2
2
2
2
2
2
2
2
2
2
2
2
2
2
2
2
2
2
2
2
2
2
2
2
2
2
2
2
2
2
2
2
2
2
2
2
2
2
2
2
2
2
2
2
2
2
2
2
2
2
2
2
2
2
2
2
2
2
2
2
2
2
2
2
2
2
2
2
2
2
2
2
2
2
2
2
2
2
2
2
2
2
2
2
2
2
2
2
2
2
2
2
2
2
2
2
2
2
2
2
2
2
2
2
2
2
2
2
2
2
2
2
2
2
2
2
2
2
2
2
2
2
2
2
2
2
2
2
2
2
2
2
2
2
2
2
2
2
2
2
2
2
2
2
2
2
2
2
2
2
2
2
2
2
2
2
2
2
2
2
2
2
2
2
2
2
2
2
2
2
2
2
2
2
2
2
2
2
2
2
2
2
2
2
2
2
2
2
2
2
2
2
2
2
2
2
2
2
2
2
2
2
2
2
2
2
2
2
2
2
2
2
2
2
2
2
2
2
2
2
2
2
2
2
2
2
2
2
2
2
2
2
2
2
2
2
2
2
2
2
2
2
2
2
2
2
2
2
2
2
2
2
2
2
2
2
2
2
2
2
2
2
2
2
2
2
2
2
2
2
2
2
2
2
2
2
2
2
2
2
2
2
2
2
2
2
2
2
2
2
2
2
2
2
2
2
2
2
2
2
2
2
2
2
2
2
2
2
2
2
2
2
2
2
2
2
2
2
2
2
2
2
2
2
2
2
2
2
2
2
2
2
2
2
2
2
2
2
2
2
2
2
2
2
2
2
2
2
2
2
2
2
2
2
2
2
2
2
2
2
2
2
2
2
2
2
2
2
2
2
2
2
2
2
2
2
2
2
2
2
2
2
2
2
2
2
2
2
2
2
2
2
2
2
2
2
2
2
2
2
2
2
2
2
2
2
2
2
2
2
2
2
2
2
2
2
2
2
2
2
2
2
2
2
2
2
2
2
2
2
2
2
2
2
2
2
2
2
2
2
2
2
2
2
2
2
2
2
2
2
2
2
2
2
2
2
2
2
2
2
2
2
2
2
2
2
2
2
2
2
2
2
2
2
2
2
2
2
2
2
2
2
2
2
2
2
2
2
2
2
2
2
2
2
2
2
2
2
2
2
2
2
2
2
2
2
2
2
2
2
2
2
2
2
2
2
2
2
2
2
2
2
2
2
2
2
2
2
2
2
2
2
2
2
2
2
2
2
2
2
2
2
2
2
2
2
2
2
2
2
2
2
2
2
2
2
2
2
2
2
2
2
2
2
2
2
2
2
2
2
2
2
2
2
2
2
2
2
2
2
2
2
2
2
2
2
2
2
2
2
2
2
2
2
2
2
2
2
2
2
2
2
2
2
2
2
2
2
2
2
2
2
2
2
2
2
2
2
2
2
2
2
2
2
2
2
2
2
2
2
2
2
2
2
2
2
2
2
2
2
2
2
2
2
2
2
2
2
2
2
2
2
2
2
2
2
2
2
2
2
2
2
2
2
2
2
2
2
2
2
2
2
2
2
2
2
2
2
2
2
2
2
2
2
2
2
2
2
2
2
2
2
2
2
2
2
2
2
2
2
2
2
2
2
2
2
2
2
2
2
2
2
2
2
2
2
2
2
2
2
2
2
2
2
2
2
2
2
2
2
2
2
2
2
2
2
2
2
2
2
2
2
2
2
2
2
2
2
2
2
2
2
2
2
2
2
2
2
2
2
2
2
2
2
2
2
2
2
2
2
2
2
2
2
2
2
2
2
2
2
2
2
2
2
2
2
2
2
2
2
2
2
2
2
2
2
2
2
2
2
2
2
2
2
2
2
2
2
2
2
2
2
2
2
2
2
2
2
2
2
2
2
2
2
2
2
2
2
2
2
2
2
2
2
2
2
2
2
2
2
2
2
2
2
2
2
2
2
2
2
2
2
2
2
2
2
2
2
2
2
2
2
2
2
2
2
2
2
2
2
2
2
2
2
2
2
2
2
2
2
2
2
2
2
2
2
2
2
2
2
2
2
2
2
2
2
2
2
2
2
2
2
2
2
2
2
2
2
2
2
2
2
2
2
2
2
2
2
2
2
2
2
2
2
2
2
2
2
2
2
2
2
2
2
2
2
2
2
2
2
2
2
2
2
2
2
2
2
2
2
2
2
2
2
2
2
2
2
2
2
2
2
2
2
2
2
2
2
2
2
2
2
2
2
