-1
-1
-1
-1
-1
-1
-1
-1
-1
-1
-1
-1
-1
-1
-1
-1
-1.00001
-1.00001
-1.00001
-1.00001
-1.00001
-1.00001
-1.00001
-1.00001
-1.00001
-1.00002
-1.00002
-1.00002
-1.00002
-1.00002
-1.00002
-1.00003
-1.00003
-1.00003
-1.00003
-1.00004
-1.00004
-1.00005
-1.00005
-1.00006
-1.00006
-1.00006
-1.00007
-1.00007
-1.00008
-1.00009
-1.00009
-1.0001
-1.00011
-1.00011
-1.00012
-1.00013
-1.00014
-1.00014
-1.00015
-1.00015
-1.00017
-1.00017
-1.00018
-1.00019
-1.00022
-1.00023
-1.00024
-1.00024
-1.00027
-1.00027
-1.00029
-1.00031
-1.00031
-1.00034
-1.00036
-1.00036
-1.00039
-1.00041
-1.00041
-1.00045
-1.00047
-1.00047
-1.00051
-1.00054
-1.00056
-1.00056
-1.00061
-1.00063
-1.00066
-1.00069
-1.00069
-1.00074
-1.00077
-1.00077
-1.00084
-1.00084
-1.0009
-1.00094
-1.00094
-1.00097
-1.00104
-1.00108
-1.00112
-1.00112
-1.0012
-1.00124
-1.00129
-1.00133
-1.00133
-1.00142
-1.00142
-1.00152
-1.00157
-1.00162
-1.00167
-1.00167
-1.00178
-1.00183
-1.00189
-1.00195
-1.00201
-1.00207
-1.00213
-1.00219
-1.00219
-1.00232
-1.00239
-1.00239
-1.00253
-1.0026
-1.0026
-1.00275
-1.00283
-1.00291
-1.00291
-1.00307
-1.00315
-1.00323
-1.00332
-1.00341
-1.00341
-1.00359
-1.00368
-1.00378
-1.00387
-1.00397
-1.00397
-1.00417
-1.00427
-1.00438
-1.00449
-1.00449
-1.00471
-1.00482
-1.00493
-1.00505
-1.00505
-1.00517
-1.00541
-1.00553
-1.00566
-1.00566
-1.00592
-1.00592
-1.00619
-1.00633
-1.00646
-1.00661
-1.00661
-1.00675
-1.0069
-1.00719
-1.00735
-1.0075
-1.00766
-1.00766
-1.00798
-1.00814
-1.00814
-1.00831
-1.00848
-1.00883
-1.009
-1.009
-1.00918
-1.00955
-1.00955
-1.00992
-1.01012
-1.01031
-1.01031
-1.01071
-1.01091
-1.01091
-1.01133
-1.01133
-1.01175
-1.01175
-1.01219
-1.01241
-1.01263
-1.01286
-1.01286
-1.01333
-1.01356
-1.01356
-1.01405
-1.01429
-1.01429
-1.01479
-1.01505
-1.01505
-1.01557
-1.01557
-1.0161
-1.01637
-1.01664
-1.01692
-1.0172
-1.0172
-1.01777
-1.01806
-1.01806
-1.01865
-1.01895
-1.01925
-1.01925
-1.01987
-1.02019
-1.0205
-1.0205
-1.02115
-1.02115
-1.02181
-1.02181
-1.02214
-1.02282
-1.02317
-1.02352
-1.02387
-1.02387
-1.02459
-1.02496
-1.02496
-1.0257
-1.02607
-1.02607
-1.02683
-1.02683
-1.02761
-1.02761
-1.02801
-1.02881
-1.02922
-1.02963
-1.03004
-1.03046
-1.03089
-1.03131
-1.03175
-1.03175
-1.03262
-1.03306
-1.03351
-1.03351
-1.03396
-1.03442
-1.03535
-1.03582
-1.03629
-1.03677
-1.03725
-1.03774
-1.03774
-1.03823
-1.03922
-1.03973
-1.04023
-1.04023
-1.04126
-1.04126
-1.04231
-1.04284
-1.04284
-1.04392
-1.04447
-1.04447
-1.04557
-1.04613
-1.04613
-1.04669
-1.04726
-1.04783
-1.049
-1.049
-1.05018
-1.05018
-1.05137
-1.05137
-1.05198
-1.05321
-1.05383
-1.05383
-1.05509
-1.05509
-1.05573
-1.05701
-1.05767
-1.05832
-1.05898
-1.05898
-1.06032
-1.06032
-1.061
-1.06237
-1.06237
-1.06376
-1.06446
-1.06446
-1.06589
-1.06661
-1.06661
-1.06806
-1.06879
-1.06879
-1.07028
-1.07103
-1.07103
-1.07255
-1.07332
-1.07332
-1.07487
-1.07565
-1.07644
-1.07724
-1.07804
-1.07804
-1.07965
-1.08047
-1.08047
-1.08212
-1.08296
-1.08296
-1.08464
-1.08549
-1.08635
-1.08721
-1.08808
-1.08808
-1.08984
-1.09072
-1.09161
-1.09251
-1.09341
-1.09432
-1.09524
-1.09616
-1.09709
-1.09802
-1.09896
-1.09896
-1.10085
-1.10181
-1.10277
-1.10374
-1.10472
-1.10472
-1.10668
-1.10768
-1.10868
-1.10868
-1.10968
-1.11069
-1.11273
-1.11376
-1.1148
-1.11584
-1.11689
-1.11689
-1.11901
-1.11901
-1.12115
-1.12223
-1.12223
-1.12441
-1.1255
-1.1255
-1.12772
-1.12884
-1.12996
-1.12996
-1.13223
-1.13223
-1.13453
-1.13568
-1.13568
-1.13801
-1.13919
-1.14037
-1.14037
-1.14276
-1.14396
-1.14396
-1.14638
-1.14761
-1.14883
-1.14883
-1.15007
-1.15256
-1.15256
-1.15508
-1.15635
-1.15635
-1.1589
-1.16019
-1.16019
-1.16279
-1.1641
-1.16541
-1.16673
-1.16806
-1.1694
-1.17074
-1.17074
-1.17345
-1.17481
-1.17618
-1.17756
-1.17894
-1.17894
-1.18173
-1.18313
-1.18455
-1.18596
-1.18739
-1.18882
-1.19026
-1.19171
-1.19316
-1.19316
-1.19609
-1.19756
-1.19756
-1.20053
-1.20053
-1.20353
-1.20353
-1.20655
-1.20808
-1.20808
-1.21115
-1.21269
-1.21424
-1.2158
-1.2158
-1.21894
-1.22052
-1.22211
-1.2237
-1.2253
-1.22691
-1.22853
-1.23015
-1.23178
-1.23342
-1.23342
-1.23672
-1.23672
-1.24004
-1.24004
-1.2434
-1.24509
-1.24678
-1.24848
-1.24848
-1.25191
-1.25364
-1.25537
-1.25537
-1.25711
-1.26061
-1.26237
-1.26414
-1.26591
-1.2677
-1.26949
-1.26949
-1.27309
-1.27309
-1.27672
-1.27672
-1.28038
-1.28223
-1.28407
-1.28407
-1.2878
-1.28967
-1.28967
-1.29155
-1.29533
-1.29533
-1.29914
-1.30105
-1.30298
-1.30491
-1.30684
-1.30879
-1.30879
-1.3127
-1.31467
-1.31665
-1.31665
-1.32062
-1.32262
-1.32262
-1.32462
-1.32866
-1.33069
-1.33272
-1.33476
-1.33681
-1.33887
-1.34094
-1.34094
-1.34509
-1.34718
-1.34718
-1.35138
-1.35138
-1.3556
-1.35773
-1.35773
-1.362
-1.36415
-1.3663
-1.3663
-1.37064
-1.37282
-1.375
-1.37719
-1.37939
-1.3816
-1.3816
-1.38604
-1.38827
-1.39051
-1.39275
-1.39275
-1.39501
-1.39953
-1.39953
-1.40409
-1.40638
-1.40638
-1.41099
-1.4133
-1.4133
-1.41562
-1.41795
-1.42263
-1.42498
-1.42498
-1.4297
-1.4297
-1.43207
-1.43684
-1.43924
-1.44164
-1.44405
-1.44647
-1.44889
-1.45133
-1.45377
-1.45377
-1.45867
-1.46113
-1.4636
-1.46608
-1.46857
-1.46857
-1.47356
-1.47607
-1.47858
-1.4811
-1.4811
-1.48617
-1.48872
-1.48872
-1.49383
-1.4964
-1.49897
-1.50155
-1.50414
-1.50674
-1.50934
-1.51195
-1.51195
-1.5172
-1.5172
-1.52247
-1.52512
-1.52778
-1.53044
-1.53311
-1.53579
-1.53848
-1.54117
-1.54387
-1.54658
-1.54929
-1.54929
-1.55201
-1.55748
-1.56022
-1.56297
-1.56573
-1.5685
-1.5685
-1.57405
-1.57684
-1.57963
-1.58244
-1.58524
-1.58806
-1.58806
-1.59372
-1.59655
-1.59655
-1.60225
-1.60511
-1.60798
-1.61085
-1.61373
-1.61662
-1.61662
-1.62242
-1.62242
-1.62825
-1.63117
-1.6341
-1.63704
-1.63999
-1.63999
-1.6459
-1.64887
-1.65184
-1.65482
-1.65482
-1.6608
-1.66381
-1.66681
-1.66983
-1.67285
-1.67588
-1.67892
-1.68196
-1.68501
-1.68501
-1.69114
-1.69421
-1.69729
-1.69729
-1.70346
-1.70656
-1.70967
-1.71278
-1.7159
-1.71903
-1.72216
-1.7253
-1.72845
-1.72845
-1.7316
-1.73793
-1.7411
-1.74429
-1.74429
-1.75067
-1.75387
-1.75387
-1.76029
-1.76351
-1.76674
-1.76997
-1.77321
-1.77321
-1.77972
-1.78298
-1.78624
-1.78624
-1.7928
-1.79609
-1.79938
-1.79938
-1.80599
-1.80599
-1.81262
-1.81594
-1.81928
-1.82262
-1.82596
-1.82596
-1.83267
-1.83604
-1.83604
-1.84278
-1.84278
-1.84956
-1.85295
-1.85636
-1.85977
-1.86318
-1.86318
-1.87003
-1.87346
-1.8769
-1.8769
-1.8838
-1.88726
-1.89073
-1.8942
-1.8942
-1.90116
-1.90116
-1.90814
-1.91164
-1.91515
-1.91867
-1.92218
-1.92571
-1.92924
-1.93278
-1.93632
-1.93987
-1.93987
-1.94699
-1.95056
-1.95413
-1.95771
-1.96129
-1.96488
-1.96848
-1.97208
-1.97208
-1.9793
-1.98292
-1.98655
-1.98655
-1.99018
-1.99745
-2.0011
-2.0011
-2.00841
-2.01208
-2.01208
-2.01942
-2.02311
-2.02311
-2.03048
-2.03418
-2.03418
-2.03789
-2.04531
-2.04531
-2.04903
-2.05275
-2.06022
-2.06396
-2.06771
-2.06771
-2.07521
-2.07898
-2.08274
-2.08652
-2.08652
-2.09408
-2.09786
-2.10166
-2.10166
-2.10926
-2.11307
-2.11688
-2.1207
-2.12453
-2.12453
-2.13219
-2.13603
-2.13603
-2.13987
-2.14757
-2.15143
-2.15529
-2.15529
-2.15916
-2.16304
-2.1708
-2.1708
-2.17468
-2.18247
-2.18638
-2.18638
-2.19419
-2.19811
-2.20203
-2.20595
-2.20595
-2.21382
-2.21382
-2.2217
-2.22565
-2.22565
-2.23356
-2.23752
-2.24148
-2.24148
-2.24943
-2.25341
-2.25739
-2.26138
-2.26537
-2.26936
-2.26936
-2.27737
-2.28138
-2.28138
-2.28539
-2.29343
-2.29745
-2.29745
-2.30552
-2.30955
-2.30955
-2.31764
-2.32169
-2.32574
-2.3298
-2.3298
-2.33386
-2.342
-2.342
-2.35015
-2.35423
-2.35423
-2.3624
-2.36649
-2.36649
-2.37469
-2.37879
-2.3829
-2.38701
-2.39112
-2.39112
-2.39936
-2.40348
-2.40761
-2.41174
-2.41588
-2.42002
-2.42002
-2.4283
-2.43245
-2.43245
-2.44076
-2.44492
-2.44492
-2.45324
-2.45741
-2.46158
-2.46576
-2.46994
-2.47412
-2.4783
-2.4783
-2.48668
-2.49087
-2.49507
-2.49507
-2.50347
-2.50768
-2.51188
-2.51188
-2.52031
-2.52453
-2.52453
-2.53297
-2.53719
-2.54142
-2.54565
-2.54988
-2.54988
-2.55412
-2.5626
-2.56684
-2.56684
-2.57534
-2.57959
-2.57959
-2.58384
-2.59236
-2.59662
-2.60088
-2.60515
-2.60942
-2.61369
-2.61369
-2.62224
-2.62651
-2.63079
-2.63508
-2.63936
-2.64365
-2.64793
-2.64793
-2.65223
-2.66081
-2.66511
-2.66941
-2.67371
-2.67801
-2.68232
-2.68662
-2.69093
-2.69093
-2.69955
-2.70387
-2.70818
-2.7125
-2.7125
-2.72114
-2.72546
-2.72546
-2.73411
-2.73844
-2.73844
-2.7471
-2.75143
-2.75576
-2.7601
-2.76443
-2.76877
-2.76877
-2.77745
-2.78179
-2.78613
-2.79048
-2.79482
-2.79917
-2.79917
-2.80787
-2.81222
-2.81657
-2.82092
-2.82527
-2.82963
-2.83398
-2.83398
-2.83834
-2.84706
-2.85142
-2.85578
-2.86014
-2.8645
-2.86886
-2.87323
-2.87759
-2.88195
-2.88632
-2.89069
-2.89505
-2.89942
-2.90379
-2.90816
-2.91253
-2.9169
-2.92127
-2.92564
-2.92564
-2.93438
-2.93876
-2.93876
-2.9475
-2.95187
-2.95625
-2.96062
-2.965
-2.96937
-2.96937
-2.97812
-2.98249
-2.98249
-2.99124
-2.99562
-2.99562
-3.00437
-3.00874
-3.00874
-3.01749
-3.02187
-3.02187
-3.03062
-3.03499
-3.03499
-3.04374
-3.04374
-3.05249
-3.05686
-3.05686
-3.06123
-3.06998
-3.07435
-3.07872
-3.08309
-3.08309
-3.09183
-3.0962
-3.10056
-3.10056
-3.1093
-3.11367
-3.11367
-3.1224
-3.12676
-3.12676
-3.13549
-3.13985
-3.14421
-3.14857
-3.14857
-3.15729
-3.16165
-3.16165
-3.17036
-3.17471
-3.17907
-3.18342
-3.18342
-3.19212
-3.19647
-3.19647
-3.20516
-3.20951
-3.20951
-3.2182
-3.22254
-3.22688
-3.22688
-3.23556
-3.23989
-3.24423
-3.24856
-3.25289
-3.25722
-3.26155
-3.26588
-3.2702
-3.27453
-3.27885
-3.28317
-3.28749
-3.29181
-3.29612
-3.30043
-3.30475
-3.30906
-3.31337
-3.31767
-3.32198
-3.32198
-3.33058
-3.33058
-3.33917
-3.34347
-3.34776
-3.35205
-3.35634
-3.36063
-3.36491
-3.36919
-3.37347
-3.37775
-3.38203
-3.3863
-3.3863
-3.39484
-3.3991
-3.40337
-3.40763
-3.41189
-3.41189
-3.4204
-3.4204
-3.4289
-3.43314
-3.43739
-3.44163
-3.44587
-3.44587
-3.45434
-3.45857
-3.45857
-3.46702
-3.46702
-3.47124
-3.47968
-3.48389
-3.4881
-3.49231
-3.49652
-3.50072
-3.50492
-3.50911
-3.51331
-3.51331
-3.5175
-3.52587
-3.53005
-3.53005
-3.53423
-3.54257
-3.54674
-3.55091
-3.55507
-3.55507
-3.56338
-3.56754
-3.57168
-3.57583
-3.57997
-3.58411
-3.58824
-3.59238
-3.59238
-3.60063
-3.60475
-3.60475
-3.61298
-3.61298
-3.6212
-3.6253
-3.6253
-3.6335
-3.63759
-3.63759
-3.64576
-3.64984
-3.65392
-3.65799
-3.66206
-3.66206
-3.67019
-3.67424
-3.67424
-3.68235
-3.68639
-3.69043
-3.69447
-3.69447
-3.70253
-3.70656
-3.70656
-3.7146
-3.71861
-3.72262
-3.72662
-3.72662
-3.73462
-3.73462
-3.7426
-3.74658
-3.75056
-3.75453
-3.7585
-3.7585
-3.76643
-3.77039
-3.77434
-3.77829
-3.78223
-3.78617
-3.7901
-3.79403
-3.79796
-3.79796
-3.8058
-3.80971
-3.81361
-3.81751
-3.82141
-3.8253
-3.82919
-3.83307
-3.83695
-3.84083
-3.84469
-3.84856
-3.85242
-3.85242
-3.85627
-3.86396
-3.8678
-3.87163
-3.87163
-3.87929
-3.88311
-3.88692
-3.89073
-3.89453
-3.89833
-3.90212
-3.90591
-3.9097
-3.91347
-3.91347
-3.92101
-3.92478
-3.92478
-3.93228
-3.93228
-3.93977
-3.94351
-3.94351
-3.95096
-3.95468
-3.9584
-3.9621
-3.9621
-3.9695
-3.9732
-3.97688
-3.98056
-3.98056
-3.98791
-3.99158
-3.99523
-3.99889
-4.00254
-4.00254
-4.00618
-4.00981
-4.01344
-4.02069
-4.0243
-4.02791
-4.03151
-4.03511
-4.0387
-4.04228
-4.04228
-4.04943
-4.04943
-4.05656
-4.06012
-4.06367
-4.06721
-4.07075
-4.07075
-4.07781
-4.07781
-4.08484
-4.08835
-4.08835
-4.09534
-4.09883
-4.09883
-4.10579
-4.10926
-4.11273
-4.11619
-4.11619
-4.12309
-4.12653
-4.12996
-4.13339
-4.13681
-4.14022
-4.14363
-4.14704
-4.15043
-4.15043
-4.15721
-4.15721
-4.16395
-4.16732
-4.17068
-4.17403
-4.17737
-4.17737
-4.18405
-4.18737
-4.18737
-4.194
-4.19731
-4.20061
-4.2039
-4.20719
-4.21047
-4.21375
-4.21701
-4.22027
-4.22353
-4.22353
-4.23002
-4.23325
-4.23648
-4.2397
-4.24292
-4.24612
-4.24932
-4.25252
-4.25571
-4.25571
-4.26206
-4.26206
-4.26839
-4.26839
-4.27469
-4.27783
-4.28096
-4.28409
-4.28721
-4.29032
-4.29032
-4.29653
-4.29653
-4.3027
-4.30578
-4.30578
-4.31192
-4.31498
-4.31803
-4.31803
-4.32107
-4.32714
-4.33016
-4.33318
-4.33619
-4.33919
-4.33919
-4.34517
-4.34815
-4.35113
-4.35409
-4.35705
-4.35705
-4.36295
-4.36295
-4.36882
-4.37174
-4.37466
-4.37757
-4.37757
-4.38337
-4.38626
-4.38914
-4.39201
-4.39488
-4.39774
-4.39774
-4.40059
-4.40628
-4.40628
-4.41193
-4.41475
-4.41756
-4.42036
-4.42315
-4.42315
-4.42872
-4.4315
-4.4315
-4.43702
-4.43977
-4.44251
-4.44251
-4.44798
-4.4507
-4.4507
-4.45612
-4.45882
-4.45882
-4.4642
-4.46688
-4.46955
-4.46955
-4.47487
-4.47752
-4.47752
-4.48279
-4.48542
-4.48804
-4.49065
-4.49326
-4.49585
-4.49844
-4.49844
-4.5036
-4.50617
-4.50872
-4.51128
-4.51382
-4.51382
-4.51889
-4.52141
-4.52141
-4.52643
-4.52893
-4.53143
-4.53143
-4.53639
-4.53886
-4.53886
-4.54378
-4.54623
-4.54623
-4.5511
-4.55353
-4.55353
-4.55835
-4.56076
-4.56076
-4.56315
-4.56792
-4.56792
-4.57029
-4.57502
-4.57737
-4.57971
-4.58205
-4.58205
-4.5867
-4.5867
-4.59131
-4.59361
-4.59361
-4.59819
-4.60046
-4.60273
-4.60499
-4.60724
-4.60724
-4.61173
-4.61396
-4.61618
-4.61839
-4.61839
-4.6228
-4.62499
-4.62718
-4.62936
-4.63153
-4.63369
-4.63585
-4.63799
-4.64013
-4.64227
-4.64227
-4.64651
-4.64862
-4.65072
-4.65282
-4.65491
-4.65699
-4.65906
-4.66112
-4.66318
-4.66318
-4.66727
-4.66931
-4.67134
-4.67336
-4.67537
-4.67738
-4.67738
-4.67937
-4.68335
-4.68532
-4.68729
-4.68925
-4.69121
-4.69121
-4.69509
-4.69702
-4.69894
-4.70086
-4.70086
-4.70467
-4.70656
-4.70845
-4.71033
-4.71033
-4.71407
-4.71407
-4.71777
-4.71961
-4.72145
-4.72145
-4.7251
-4.72691
-4.72871
-4.73051
-4.7323
-4.73408
-4.73586
-4.73763
-4.73939
-4.74114
-4.74114
-4.74463
-4.74636
-4.74809
-4.74809
-4.75151
-4.75322
-4.75491
-4.7566
-4.7566
-4.75996
-4.76162
-4.76328
-4.76493
-4.76658
-4.76822
-4.76822
-4.77147
-4.77309
-4.77469
-4.7763
-4.7763
-4.77948
-4.78106
-4.78106
-4.7842
-4.78576
-4.78576
-4.78885
-4.79039
-4.79192
-4.79344
-4.79496
-4.79496
-4.79797
-4.79797
-4.80096
-4.80244
-4.80244
-4.80538
-4.80684
-4.80684
-4.80974
-4.80974
-4.81261
-4.81403
-4.81545
-4.81545
-4.81827
-4.81967
-4.82106
-4.82244
-4.82244
-4.82519
-4.82655
-4.82791
-4.82926
-4.8306
-4.83194
-4.83326
-4.83326
-4.8359
-4.8359
-4.83851
-4.83981
-4.8411
-4.84238
-4.84365
-4.84492
-4.84492
-4.84744
-4.84869
-4.84993
-4.85117
-4.85117
-4.85362
-4.85483
-4.85483
-4.85724
-4.85844
-4.85844
-4.86081
-4.86081
-4.86316
-4.86432
-4.86547
-4.86662
-4.86777
-4.86891
-4.86891
-4.87116
-4.87228
-4.87339
-4.8745
-4.87559
-4.87669
-4.87777
-4.87777
-4.87993
-4.88099
-4.88206
-4.88311
-4.88416
-4.8852
-4.88624
-4.88727
-4.88727
-4.88829
-4.89032
-4.89133
-4.89232
-4.89232
-4.8943
-4.8943
-4.89626
-4.89723
-4.89723
-4.89915
-4.9001
-4.90104
-4.90104
-4.90292
-4.90384
-4.90476
-4.90568
-4.90568
-4.90749
-4.90839
-4.90928
-4.91017
-4.91105
-4.91192
-4.91279
-4.91365
-4.91451
-4.91536
-4.91621
-4.91704
-4.91788
-4.91871
-4.91871
-4.92035
-4.92035
-4.92197
-4.92277
-4.92277
-4.92356
-4.92513
-4.92591
-4.92591
-4.92745
-4.92821
-4.92897
-4.92972
-4.92972
-4.93121
-4.93194
-4.93194
-4.9334
-4.93412
-4.93483
-4.93554
-4.93624
-4.93624
-4.93763
-4.93832
-4.939
-4.93968
-4.94035
-4.94102
-4.94168
-4.94234
-4.94299
-4.94299
-4.94428
-4.94491
-4.94554
-4.94617
-4.94679
-4.94741
-4.94741
-4.94863
-4.94863
-4.94983
-4.94983
-4.95101
-4.95159
-4.95217
-4.95274
-4.95331
-4.95387
-4.95443
-4.95443
-4.95499
-4.95608
-4.95662
-4.95716
-4.95769
-4.95769
-4.95874
-4.95926
-4.95926
-4.96028
-4.96028
-4.96128
-4.96178
-4.96227
-4.96275
-4.96324
-4.96324
-4.96419
-4.96419
-4.96512
-4.96558
-4.96604
-4.96649
-4.96694
-4.96738
-4.96738
-4.96782
-4.96869
-4.96912
-4.96954
-4.96996
-4.96996
-4.97079
-4.97119
-4.9716
-4.972
-4.97239
-4.97239
-4.97317
-4.97317
-4.97393
-4.97431
-4.97468
-4.97468
-4.97541
-4.97577
-4.97613
-4.97648
-4.97648
-4.97718
-4.97752
-4.97786
-4.97786
-4.97853
-4.97886
-4.97886
-4.9795
-4.97982
-4.98013
-4.98044
-4.98075
-4.98075
-4.98135
-4.98135
-4.98194
-4.98223
-4.98223
-4.9828
-4.98309
-4.98336
-4.98336
-4.98391
-4.98391
-4.98444
-4.9847
-4.9847
-4.98521
-4.98546
-4.98571
-4.98596
-4.9862
-4.98644
-4.98644
-4.98691
-4.98714
-4.98737
-4.9876
-4.98782
-4.98804
-4.98826
-4.98826
-4.98868
-4.98889
-4.98909
-4.9893
-4.9895
-4.98969
-4.98989
-4.99008
-4.99027
-4.99046
-4.99046
-4.99082
-4.991
-4.99118
-4.99135
-4.99152
-4.99169
-4.99186
-4.99203
-4.99219
-4.99219
-4.9925
-4.99266
-4.99266
-4.99296
-4.99296
-4.99326
-4.9934
-4.99354
-4.99368
-4.99382
-4.99382
-4.99395
-4.99422
-4.99422
-4.99447
-4.9946
-4.99472
-4.99484
-4.99496
-4.99496
-4.99519
-4.99519
-4.99541
-4.99541
-4.99563
-4.99563
-4.99584
-4.99594
-4.99604
-4.99613
-4.99623
-4.99633
-4.99642
-4.99651
-4.9966
-4.99669
-4.99669
-4.99686
-4.99694
-4.99702
-4.9971
-4.9971
-4.99725
-4.99725
-4.9974
-4.99747
-4.99747
-4.99761
-4.99768
-4.99775
-4.99781
-4.99788
-4.99788
-4.998
-4.99806
-4.99812
-4.99817
-4.99823
-4.99828
-4.99834
-4.99834
-4.99844
-4.99849
-4.99854
-4.99859
-4.99863
-4.99868
-4.99872
-4.99872
-4.99881
-4.99885
-4.99885
-4.99893
-4.99896
-4.999
-4.999
-4.99907
-4.99911
-4.99914
-4.99917
-4.99917
-4.99923
-4.99926
-4.99929
-4.99932
-4.99935
-4.99937
-4.9994
-4.99942
-4.99942
-4.99947
-4.99949
-4.99951
-4.99954
-4.99956
-4.99958
-4.99959
-4.99961
-4.99961
-4.99965
-4.99967
-4.99968
-4.9997
-4.99971
-4.99973
-4.99973
-4.99975
-4.99977
-4.99978
-4.99979
-4.99979
-4.99981
-4.99981
-4.99983
-4.99984
-4.99985
-4.99985
-4.99987
-4.99987
-4.99989
-4.99989
-4.99989
-4.99991
-4.99991
-4.99992
-4.99993
-4.99993
-4.99993
-4.99994
-4.99994
-4.99995
-4.99996
-4.99996
-4.99996
-4.99997
-4.99997
-4.99997
-4.99997
-4.99998
-4.99998
-4.99998
-4.99999
-4.99999
-4.99999
-4.99999
-4.99999
-4.99999
-5
-5
-5
-5
-5
-5
-5
-5
-5
-5
-5
-5
-5
-5
-5
-5.00001
-5.00001
-5.00001
-5.00001
-5.00001
-5.00001
-5.00001
-5.00001
-5.00001
-5.00001
-5.00001
-5.00001
-5.00001
-5.00001
-5.00001
-5.00001
-5.00001
-5.00001
-5.00001
-5.00001
-5.00001
-5
-5
-5
-5
-5
-5
-5
-5
-5
-5
-5
-5
-5
-5
-5
-5
-5
-5
-5
-5
-5
-5
-5
-5
-5
-5
-5
-5
-5
-5
-5
-5
-5
-5
-5
-5
-5
-5
-5
-5
-5
-5
-5
-5
-5
-5
-5
-5
-5
-5
-5
-5
-5
-5
-5
-5
-5
-5
-5
-5
-5
-5
-5
-5
-5
-5
-5
-5
-5
-5
-5
-5
-5
-5
-5
-5
-5
-5
-5
-5
-5
-5
-5
-5
-5
-5
-5
-5
-5
-5
-5
-5
-5
-5
-5
-5
-5
-5
-5
-5
-5
-5
-5
-5
-5
-5
-5
-5
-5
-5
-5
-5
-5
-5
-5
-5
-5
-5
-5
-5
-5
-5
-5
-5
-5
-5
-5
-5
-5
-5
-5
-5
-5
-5
-5
-5
-5
-5
-5
-5
-5
-5
-5
-5
-5
-5
-5
-5
-5
-5
-5
-5
-5
-5
-5
-5
-5
-5
-5
-5
-5
-5
-5
-5
-5
-5
-5
-5
-5
-5
-5
-5
-5
-5
-5
-5
-5
-5
-5
-5
-5
-5
-5
-5
-5
-5
-5
-5
-5
-5
-5
-5
-5
-5
-5
-5
-5
-5
-5
-5
-5
-5
-5
-5
-5
-5
-5
-5
-5
-5
-5
-5
-5
-5
-5
-5
-5
-5
-5
-5
-5
-5
-5
-5
-5
-5
-5
-5
-5
-5
-5
-5
-5
-5
-5
-5
-5
-5
-5
-5
-5
-5
-5
-5
-5
-5
-5
-5
-5
-5
-5
-5
-5
-5
-5
-5
-5
-5
-5
-5
-5
-5
-5
-5
-5
-5
-5
-5
-5
-5
-5
-5
-5
-5
-5
-5
-5
-5
-5
-5
-5
-5
-5
-5
-5
-5
-5
-5
-5
-5
-5
-5
-5
-5
-5
-5
-5
-5
-5
-5
-5
-5
-5
-5
-5
-5
-5
-5
-5
-5
-5
-5
-5
-5
-5
-5
-5
-5
-5
-5
-5
-5
-5
-5
-5
-5
-5
-5
-5
-5
-5
-5
-5
-5
-5
-5
-5
-5
-5
-5
-5
-5
-5
-5
-5
-5
-5
-5
-5
-5
-5
-5
-5
-5
-5
-5
-5
-5
-5
-5
-5
-5
-5
-5
-5
-5
-5
-5
-5
-5
-5
-5
-5
-5
-5
-5
-5
-5
-5
-5
-5
-5
-5
-5
-5
-5
-5
-5
-5
-5
-5
-5
-5
-5
-5
-5
-5
-5
-5
-5
-5
-5
-5
-5
-5
-5
-5
-5
-5
-5
-5
-5
-5
-5
-5
-5
-5
-5
-5
-5
-5
-5
-5
-5
-5
-5
-5
-5
-5
-5
-5
-5
-5
-5
-5
-5
-5
-5
-5
-5
-5
-5
-5
-5
-5
-5
-5
-5
-5
-5
-5
-5
-5
-5
-5
-5
-5
-5
-5
-5
-5
-5
-5
-5
-5
-5
-5
-5
-5
-5
-5
-5
-5
-5
-5
-5
-5
-5
-5
-5
-5
-5
-5
-5
-5
-5
-5
-5
-5
-5
-5
-5
-5
-5
-5
-5
-5
-5
-5
-5
-5
-5
-5
-5
-5
-5
-5
-5
-5
-5
-5
-5
-5
-5
-5
-5
-5
-5
-5
-5
-5
-5
-5
-5
-5
-5
-5
-5
-5
-5
-5
-5
-5
-5
-5
-5
-5
-5
-5
-5
-5
-5
-5
-5
-5
-5
-5
-5
-5
-5
-5
-5
-5
-5
-5
-5
-5
-5
-5
-5
-5
-5
-5
-5
-5
-5
-5
-5
-5
-5
-5
-5
-5
-5
-5
-5
-5
-5
-5
-5
-5
-5
-5
-5
-5
-5
-5
-5
-5
-5
-5
-5
-5
-5
-5
-5
-5
-5
-5
-5
-5
-5
-5
-5
-5
-5
-5
-5
-5
-5
-5
-5
-5
-5
-5
-5
-5
-5
-5
-5
-5
-5
-5
-5
-5
-5
-5
-5
-5
-5
-5
-5
-5
-5
-5
-5
-5
-5
-5
-5
-5
-5
-5
-5
-5
-5
-5
-5
-5
-5
-5
-5
-5
-5
-5
-5
-5
-5
-5
-5
-5
-5
-5
-5
-5
-5
-5
-5
-5
-5
-5
-5
-5
-5
-5
-5
-5
-5
-5
-5
-5
-5
-5
-5
-5
-5
-5
-5
-5
-5
-5
-5
-5
-5
-5
-5
-5
-5
-5
-5
-5
-5
-5
-5
-5
-5
-5
-5
-5
-5
-5
-5
-5
-5
-5
-5
-5
-5
-5
-5
-5
-5
-5
-5
-5
-5
-5
-5
-5
-5
-5
-5
-5
-5
-5
-5
-5
-5
-5
-5
-5
-5
-5
-5
-5
-5
-5
-5
-5
-5
-5
-5
-5
-5
-5
-5
-5
-5
-5
-5
-5
-5
-5
-5
-5
-5
-5
-5
-5
-5
-5
-5
-5
-5
-5
-5
-5
-5
-5
-5
-5
-5
-5
-5
-5
-5
-5
-5
-5
-5
-5
-5
-5
-5
-5
-5
-5
-5
-5
-5
-5
-5
-5
-5
-5
-5
-5
-5
-5
-5
-5
-5
-5
-5
-5
-5
-5
-5
-5
-5
-5
-5
-5
-5
-5
-5
-5
-5
-5
-5
-5
-5
-5
-5
-5
-5
-5
-5
-5
-5
-5
-5
-5
-5
-5
-5
-5
-5
-5
-5
-5
-5
-5
-5
-5
-5
-5
-5
-5
-5
-5
-5
-5
-5
-5
-5
-5
-5
-5
-5
-5
-5
-5
-5
-5
-5
-5
-5
-5
-5
-5
-5
-5
-5
-5
-5
-5
-5
-5
-5
-5
-5
-5
-5
-5
-5
-5
-5
-5
-5
-5
-5
-5
-5
-5
-5
-5
-5
-5
-5
-5
-5
-5
-5
-5
-5
-5
-5
-5
-5
-5
-5
-5
-5
-5
-5
-5
-5
-5
-5
-5
-5
-5
-5
-5
-5
-5
-5
-5
-5
-5
-5
-5
-5
-5
-5
-5
-5
-5
-5
-5
-5
-5
-5
-5
-5
-5
-5
-5
-5
-5
-5
-5
-5
-5
-5
-5
-5
-5
-5
-5
-5
-5
-5
-5
-5
-5
-5
-5
-5
-5
-5
-5
-5
-5
-5
-5
-5
-5
-5
-5
-5
-5
-5
-5
-5
-5
-5
-5
-5
-5
-5
-5
-5
-5
-5
-5
-5
-5
-5
