-4.47098e-08
-6.15075e-08
-6.15075e-08
-1.08761e-07
-1.40625e-07
-1.40625e-07
-2.24711e-07
-2.78627e-07
-2.78627e-07
-4.14798e-07
-4.99027e-07
-5.95415e-07
-5.95415e-07
-7.05062e-07
-9.68777e-07
-1.12528e-06
-1.2999e-06
-1.2999e-06
-1.70887e-06
-1.70887e-06
-1.94601e-06
-2.49286e-06
-2.49286e-06
-3.14673e-06
-3.51778e-06
-3.92047e-06
-4.35649e-06
-4.82761e-06
-5.33562e-06
-5.88236e-06
-5.88236e-06
-7.09956e-06
-7.09956e-06
-8.49471e-06
-8.49471e-06
-1.00839e-05
-1.09565e-05
-1.1884e-05
-1.1884e-05
-1.39122e-05
-1.50175e-05
-1.61866e-05
-1.74219e-05
-1.74219e-05
-2.01006e-05
-2.15489e-05
-2.30731e-05
-2.46757e-05
-2.63592e-05
-2.81264e-05
-2.99798e-05
-3.1922e-05
-3.39559e-05
-3.6084e-05
-3.83092e-05
-3.83092e-05
-4.3062e-05
-4.3062e-05
-4.55954e-05
-4.82371e-05
-5.38579e-05
-5.68428e-05
-5.99481e-05
-5.99481e-05
-6.65321e-05
-6.65321e-05
-7.36347e-05
-7.73885e-05
-7.73885e-05
-8.53167e-05
-8.94978e-05
-8.94978e-05
-9.83103e-05
-0.000102949
-0.000102949
-0.000112706
-0.000117831
-0.000117831
-0.000128595
-0.000134239
-0.000140064
-0.000140064
-0.000152267
-0.000158654
-0.000165234
-0.000172013
-0.000172013
-0.000186181
-0.000193577
-0.000193577
-0.000209013
-0.000209013
-0.000225332
-0.000233832
-0.000233832
-0.000242565
-0.000260744
-0.000270199
-0.000279902
-0.000279902
-0.000300068
-0.000310541
-0.000321278
-0.000332283
-0.000332283
-0.000355118
-0.000355118
-0.000379077
-0.000391489
-0.000404195
-0.0004172
-0.0004172
-0.00044412
-0.000458044
-0.000472284
-0.000486844
-0.000501728
-0.00051694
-0.000532486
-0.000548369
-0.000548369
-0.000581164
-0.000598086
-0.000598086
-0.000633
-0.000651002
-0.000651002
-0.000688116
-0.000707238
-0.000726742
-0.000726742
-0.000766918
-0.000787599
-0.00080868
-0.000830168
-0.000852066
-0.000852066
-0.000897114
-0.000920272
-0.00094386
-0.000967883
-0.000992344
-0.000992344
-0.0010426
-0.00106841
-0.00109468
-0.00112141
-0.00112141
-0.00117627
-0.00120442
-0.00123305
-0.00126217
-0.00126217
-0.00129178
-0.0013525
-0.00138361
-0.00141524
-0.00141524
-0.00148006
-0.00148006
-0.00154698
-0.00158125
-0.00161606
-0.00165141
-0.00165141
-0.00168732
-0.00172378
-0.00179841
-0.00183657
-0.00187532
-0.00191464
-0.00191464
-0.00199506
-0.00203617
-0.00203617
-0.00207788
-0.00212019
-0.00220667
-0.00225084
-0.00225084
-0.00229564
-0.00238715
-0.00238715
-0.00248123
-0.00252925
-0.00257793
-0.00257793
-0.00267729
-0.00272798
-0.00272798
-0.00283141
-0.00283141
-0.0029376
-0.0029376
-0.0030466
-0.00310216
-0.00315844
-0.00321544
-0.00321544
-0.00333163
-0.00339083
-0.00339083
-0.00351146
-0.00357291
-0.00357291
-0.00369808
-0.00376181
-0.00376181
-0.00389161
-0.00389161
-0.00402455
-0.00409221
-0.00416067
-0.00422994
-0.00430002
-0.00430002
-0.00444263
-0.00451517
-0.00451517
-0.00466276
-0.00473782
-0.00481372
-0.00481372
-0.0049681
-0.00504658
-0.00512592
-0.00512592
-0.00528725
-0.00528725
-0.00545211
-0.00545211
-0.00553588
-0.00570613
-0.00579262
-0.00588002
-0.00596835
-0.00596835
-0.00614778
-0.0062389
-0.0062389
-0.00642397
-0.00651794
-0.00651794
-0.00670874
-0.00670874
-0.00690341
-0.00690341
-0.00700222
-0.00720278
-0.00730454
-0.00740731
-0.00751108
-0.00761586
-0.00772166
-0.00782848
-0.00793632
-0.00793632
-0.00815509
-0.00826603
-0.00837803
-0.00837803
-0.00849107
-0.00860516
-0.00883654
-0.00895383
-0.0090722
-0.00919165
-0.00931219
-0.00943381
-0.00943381
-0.00955653
-0.00980528
-0.00993132
-0.0100585
-0.0100585
-0.0103162
-0.0103162
-0.0105784
-0.0107112
-0.0107112
-0.0109802
-0.0111165
-0.0111165
-0.0113925
-0.0115323
-0.0115323
-0.0116732
-0.0118153
-0.0119586
-0.0122488
-0.0122488
-0.0125438
-0.0125438
-0.0128436
-0.0128436
-0.0129953
-0.0133024
-0.0134579
-0.0134579
-0.0137724
-0.0137724
-0.0139316
-0.0142536
-0.0144165
-0.0145807
-0.0147462
-0.0147462
-0.0150809
-0.0150809
-0.0152502
-0.0155927
-0.0155927
-0.0159403
-0.0161161
-0.0161161
-0.0164716
-0.0166514
-0.0166514
-0.0170148
-0.0171986
-0.0171986
-0.0175701
-0.0177578
-0.0177578
-0.0181374
-0.0183293
-0.0183293
-0.0187171
-0.018913
-0.0191103
-0.0193091
-0.0195092
-0.0195092
-0.0199136
-0.0201179
-0.0201179
-0.0205307
-0.0207392
-0.0207392
-0.0211605
-0.0213733
-0.0215875
-0.0218032
-0.0220203
-0.0220203
-0.0224588
-0.0226803
-0.0229032
-0.0231275
-0.0233533
-0.0235806
-0.0238094
-0.0240396
-0.0242713
-0.0245045
-0.0247392
-0.0247392
-0.0252131
-0.0254523
-0.025693
-0.0259352
-0.0261789
-0.0261789
-0.0266708
-0.0269191
-0.0271688
-0.0271688
-0.0274202
-0.027673
-0.0281833
-0.0284408
-0.0286998
-0.0289604
-0.0292226
-0.0292226
-0.0297515
-0.0297515
-0.0302867
-0.0305567
-0.0305567
-0.0311014
-0.0313761
-0.0313761
-0.0319303
-0.0322098
-0.0324909
-0.0324909
-0.0330579
-0.0330579
-0.0336313
-0.0339205
-0.0339205
-0.0345036
-0.0347976
-0.0350933
-0.0350933
-0.0356895
-0.03599
-0.03599
-0.036596
-0.0369015
-0.0372087
-0.0372087
-0.0375174
-0.03814
-0.03814
-0.0387692
-0.0390863
-0.0390863
-0.0397256
-0.0400477
-0.0400477
-0.040697
-0.0410242
-0.0413531
-0.0416837
-0.042016
-0.0423499
-0.0426856
-0.0426856
-0.0433621
-0.0437029
-0.0440454
-0.0443896
-0.0447356
-0.0447356
-0.0454326
-0.0457837
-0.0461366
-0.0464911
-0.0468475
-0.0472055
-0.0475653
-0.0479268
-0.0482901
-0.0482901
-0.0490219
-0.0493904
-0.0493904
-0.0501327
-0.0501327
-0.050882
-0.050882
-0.0516384
-0.0520192
-0.0520192
-0.0527862
-0.0531724
-0.0535603
-0.05395
-0.05395
-0.0547348
-0.0551299
-0.0555267
-0.0559254
-0.0563258
-0.056728
-0.057132
-0.0575378
-0.0579454
-0.0583548
-0.0583548
-0.0591791
-0.0591791
-0.0600105
-0.0600105
-0.0608492
-0.0612713
-0.0616952
-0.0621208
-0.0621208
-0.0629777
-0.0634088
-0.0638418
-0.0638418
-0.0642766
-0.0651517
-0.065592
-0.0660341
-0.0664781
-0.0669238
-0.0673715
-0.0673715
-0.0682722
-0.0682722
-0.0691803
-0.0691803
-0.0700958
-0.0705563
-0.0710186
-0.0710186
-0.0719489
-0.0724168
-0.0724168
-0.0728865
-0.0738315
-0.0738315
-0.074784
-0.075263
-0.0757439
-0.0762266
-0.0767112
-0.0771976
-0.0771976
-0.0781761
-0.0786681
-0.079162
-0.079162
-0.0801554
-0.0806549
-0.0806549
-0.0811562
-0.0821645
-0.0826715
-0.0831803
-0.083691
-0.0842036
-0.084718
-0.0852343
-0.0852343
-0.0862725
-0.0867945
-0.0867945
-0.0878439
-0.0878439
-0.0889009
-0.0894322
-0.0894322
-0.0899654
-0.0910374
-0.0915762
-0.0915762
-0.0926594
-0.0932038
-0.0937502
-0.0942983
-0.0948484
-0.0954004
-0.0954004
-0.0965099
-0.0970675
-0.0976269
-0.0981883
-0.0981883
-0.0987515
-0.0998835
-0.0998835
-0.101023
-0.101596
-0.101596
-0.102747
-0.103325
-0.103325
-0.103905
-0.104487
-0.105657
-0.106244
-0.106244
-0.107425
-0.107425
-0.108018
-0.10921
-0.109809
-0.11041
-0.111013
-0.111617
-0.112223
-0.112832
-0.113442
-0.113442
-0.114668
-0.115283
-0.115901
-0.11652
-0.117142
-0.117142
-0.11839
-0.119017
-0.119645
-0.120276
-0.120276
-0.121543
-0.122179
-0.122179
-0.123457
-0.124099
-0.124743
-0.125388
-0.126035
-0.126685
-0.127336
-0.127989
-0.127989
-0.1293
-0.1293
-0.130619
-0.131281
-0.131945
-0.13261
-0.133278
-0.133948
-0.134619
-0.135292
-0.135967
-0.136644
-0.137323
-0.137323
-0.138003
-0.13937
-0.140056
-0.140743
-0.141433
-0.142124
-0.142124
-0.143513
-0.14421
-0.144908
-0.145609
-0.146311
-0.147015
-0.147015
-0.148429
-0.149139
-0.149139
-0.150563
-0.151278
-0.151995
-0.152713
-0.153434
-0.154156
-0.154156
-0.155605
-0.155605
-0.157062
-0.157793
-0.158526
-0.159261
-0.159997
-0.159997
-0.161475
-0.162217
-0.16296
-0.163705
-0.163705
-0.165201
-0.165951
-0.166704
-0.167458
-0.168213
-0.168971
-0.16973
-0.170491
-0.171254
-0.171254
-0.172784
-0.173552
-0.174322
-0.174322
-0.175866
-0.176641
-0.177417
-0.178196
-0.178975
-0.179757
-0.18054
-0.181325
-0.182112
-0.182112
-0.182901
-0.184483
-0.185276
-0.186071
-0.186071
-0.187667
-0.188467
-0.188467
-0.190073
-0.190878
-0.191685
-0.192493
-0.193304
-0.193304
-0.194929
-0.195744
-0.196561
-0.196561
-0.1982
-0.199021
-0.199845
-0.199845
-0.201496
-0.201496
-0.203155
-0.203986
-0.204819
-0.205654
-0.20649
-0.20649
-0.208168
-0.209009
-0.209009
-0.210696
-0.210696
-0.21239
-0.213239
-0.214089
-0.214941
-0.215795
-0.215795
-0.217508
-0.218366
-0.219226
-0.219226
-0.220951
-0.221815
-0.222682
-0.223549
-0.223549
-0.225289
-0.225289
-0.227036
-0.227911
-0.228788
-0.229666
-0.230546
-0.231427
-0.23231
-0.233195
-0.23408
-0.234968
-0.234968
-0.236747
-0.237639
-0.238532
-0.239427
-0.240323
-0.24122
-0.242119
-0.24302
-0.24302
-0.244825
-0.24573
-0.246636
-0.246636
-0.247544
-0.249364
-0.250275
-0.250275
-0.252103
-0.25302
-0.25302
-0.254856
-0.255776
-0.255776
-0.257621
-0.258545
-0.258545
-0.259471
-0.261327
-0.261327
-0.262257
-0.263188
-0.265054
-0.26599
-0.266926
-0.266926
-0.268803
-0.269744
-0.270686
-0.271629
-0.271629
-0.273519
-0.274466
-0.275414
-0.275414
-0.277315
-0.278267
-0.279221
-0.280175
-0.281131
-0.281131
-0.283047
-0.284007
-0.284007
-0.284968
-0.286893
-0.287858
-0.288824
-0.288824
-0.289791
-0.290759
-0.292699
-0.292699
-0.293671
-0.295618
-0.296594
-0.296594
-0.298548
-0.299527
-0.300507
-0.301488
-0.301488
-0.303454
-0.303454
-0.305425
-0.306412
-0.306412
-0.308389
-0.309379
-0.310371
-0.310371
-0.312357
-0.313351
-0.314347
-0.315344
-0.316342
-0.317341
-0.317341
-0.319342
-0.320344
-0.320344
-0.321348
-0.323357
-0.324363
-0.324363
-0.326379
-0.327388
-0.327388
-0.32941
-0.330423
-0.331436
-0.33245
-0.33245
-0.333466
-0.335499
-0.335499
-0.337537
-0.338557
-0.338557
-0.3406
-0.341623
-0.341623
-0.342647
-0.344697
-0.345724
-0.346752
-0.34778
-0.34778
-0.34984
-0.350871
-0.351903
-0.352936
-0.353969
-0.355004
-0.355004
-0.357076
-0.358113
-0.358113
-0.36019
-0.361229
-0.361229
-0.363311
-0.364353
-0.365396
-0.36644
-0.367484
-0.368529
-0.369575
-0.369575
-0.37167
-0.372718
-0.373767
-0.373767
-0.375867
-0.376919
-0.377971
-0.377971
-0.380077
-0.381131
-0.381131
-0.383242
-0.384298
-0.385355
-0.386412
-0.387471
-0.387471
-0.38853
-0.39065
-0.391711
-0.391711
-0.393834
-0.394897
-0.394897
-0.395961
-0.398089
-0.399155
-0.400221
-0.401287
-0.402354
-0.403422
-0.403422
-0.405559
-0.406628
-0.407698
-0.408769
-0.40984
-0.410911
-0.411983
-0.411983
-0.413056
-0.415203
-0.416277
-0.417352
-0.418427
-0.419503
-0.420579
-0.421655
-0.422732
-0.422732
-0.424888
-0.425966
-0.427045
-0.428124
-0.428124
-0.430284
-0.431365
-0.431365
-0.433527
-0.434609
-0.434609
-0.436774
-0.437857
-0.43894
-0.440024
-0.441108
-0.442192
-0.442192
-0.444362
-0.445447
-0.446533
-0.447619
-0.448705
-0.449792
-0.449792
-0.451966
-0.453054
-0.454142
-0.45523
-0.456318
-0.457407
-0.458496
-0.458496
-0.459585
-0.461764
-0.462854
-0.463944
-0.465034
-0.466124
-0.467215
-0.468306
-0.469397
-0.470488
-0.47158
-0.472671
-0.473763
-0.474855
-0.475947
-0.477039
-0.478132
-0.479224
-0.480317
-0.48141
-0.48141
-0.483595
-0.484689
-0.484689
-0.486875
-0.487968
-0.489062
-0.490155
-0.491249
-0.492342
-0.492342
-0.494529
-0.495623
-0.495623
-0.497811
-0.498904
-0.498904
-0.501092
-0.502185
-0.502185
-0.504373
-0.505467
-0.505467
-0.507654
-0.508747
-0.508747
-0.510934
-0.510934
-0.513121
-0.514214
-0.514214
-0.515307
-0.517493
-0.518586
-0.519679
-0.520772
-0.520772
-0.522957
-0.524049
-0.525141
-0.525141
-0.527325
-0.528416
-0.528416
-0.530599
-0.53169
-0.53169
-0.533872
-0.534962
-0.536052
-0.537142
-0.537142
-0.539322
-0.540411
-0.540411
-0.542589
-0.543678
-0.544766
-0.545854
-0.545854
-0.54803
-0.549117
-0.549117
-0.551291
-0.552377
-0.552377
-0.554549
-0.555634
-0.556719
-0.556719
-0.558888
-0.559972
-0.561056
-0.562139
-0.563222
-0.564305
-0.565387
-0.566469
-0.56755
-0.568631
-0.569712
-0.570792
-0.571872
-0.572951
-0.57403
-0.575108
-0.576186
-0.577264
-0.578341
-0.579417
-0.580494
-0.580494
-0.582644
-0.582644
-0.584793
-0.585867
-0.58694
-0.588013
-0.589085
-0.590156
-0.591227
-0.592298
-0.593368
-0.594437
-0.595506
-0.596574
-0.596574
-0.598709
-0.599775
-0.600841
-0.601907
-0.602971
-0.602971
-0.605099
-0.605099
-0.607224
-0.608286
-0.609346
-0.610407
-0.611466
-0.611466
-0.613584
-0.614641
-0.614641
-0.616755
-0.616755
-0.61781
-0.619919
-0.620973
-0.622025
-0.623077
-0.624129
-0.625179
-0.626229
-0.627278
-0.628326
-0.628326
-0.629374
-0.631467
-0.632512
-0.632512
-0.633556
-0.635643
-0.636685
-0.637726
-0.638767
-0.638767
-0.640845
-0.641883
-0.64292
-0.643957
-0.644992
-0.646027
-0.647061
-0.648093
-0.648093
-0.650157
-0.651187
-0.651187
-0.653245
-0.653245
-0.655299
-0.656325
-0.656325
-0.658373
-0.659396
-0.659396
-0.661439
-0.66246
-0.663479
-0.664497
-0.665514
-0.665514
-0.667546
-0.66856
-0.66856
-0.670586
-0.671597
-0.672608
-0.673617
-0.673617
-0.675633
-0.676639
-0.676639
-0.678649
-0.679652
-0.680654
-0.681655
-0.681655
-0.683654
-0.683654
-0.685649
-0.686645
-0.687639
-0.688633
-0.689625
-0.689625
-0.691607
-0.692596
-0.693584
-0.694571
-0.695557
-0.696542
-0.697525
-0.698508
-0.699489
-0.699489
-0.701448
-0.702426
-0.703402
-0.704378
-0.705352
-0.706325
-0.707297
-0.708268
-0.709237
-0.710206
-0.711173
-0.712139
-0.713103
-0.713103
-0.714067
-0.71599
-0.716949
-0.717908
-0.717908
-0.719821
-0.720776
-0.721729
-0.722681
-0.723632
-0.724582
-0.72553
-0.726477
-0.727423
-0.728367
-0.728367
-0.730252
-0.731193
-0.731193
-0.73307
-0.73307
-0.734942
-0.735876
-0.735876
-0.73774
-0.738669
-0.739598
-0.740525
-0.740525
-0.742375
-0.743298
-0.74422
-0.74514
-0.74514
-0.746977
-0.747893
-0.748808
-0.749721
-0.750633
-0.750633
-0.751543
-0.752452
-0.75336
-0.755171
-0.756075
-0.756977
-0.757877
-0.758776
-0.759674
-0.76057
-0.76057
-0.762358
-0.762358
-0.76414
-0.765029
-0.765916
-0.766802
-0.767686
-0.767686
-0.76945
-0.76945
-0.771209
-0.772086
-0.772086
-0.773835
-0.774707
-0.774707
-0.776447
-0.777315
-0.778181
-0.779046
-0.779046
-0.78077
-0.78163
-0.782489
-0.783346
-0.784201
-0.785055
-0.785907
-0.786758
-0.787607
-0.787607
-0.7893
-0.7893
-0.790987
-0.791829
-0.792668
-0.793506
-0.794342
-0.794342
-0.79601
-0.796842
-0.796842
-0.7985
-0.799327
-0.800152
-0.800975
-0.801797
-0.802617
-0.803436
-0.804252
-0.805068
-0.805881
-0.805881
-0.807503
-0.808312
-0.809119
-0.809924
-0.810728
-0.81153
-0.81233
-0.813128
-0.813925
-0.813925
-0.815514
-0.815514
-0.817096
-0.817096
-0.818671
-0.819456
-0.820239
-0.821021
-0.821801
-0.822579
-0.822579
-0.824131
-0.824131
-0.825675
-0.826445
-0.826445
-0.827979
-0.828743
-0.829506
-0.829506
-0.830267
-0.831783
-0.832539
-0.833293
-0.834045
-0.834796
-0.834796
-0.836291
-0.837037
-0.83778
-0.838522
-0.839262
-0.839262
-0.840736
-0.840736
-0.842204
-0.842935
-0.843664
-0.844391
-0.844391
-0.845841
-0.846563
-0.847283
-0.848002
-0.848719
-0.849434
-0.849434
-0.850147
-0.851568
-0.851568
-0.852981
-0.853686
-0.854388
-0.855088
-0.855787
-0.855787
-0.857179
-0.857872
-0.857872
-0.859253
-0.859941
-0.860627
-0.860627
-0.861994
-0.862674
-0.862674
-0.86403
-0.864705
-0.864705
-0.866049
-0.866719
-0.867386
-0.867386
-0.868716
-0.869378
-0.869378
-0.870697
-0.871354
-0.872008
-0.872661
-0.873312
-0.873961
-0.874609
-0.874609
-0.875898
-0.87654
-0.87718
-0.877818
-0.878454
-0.878454
-0.879721
-0.880351
-0.880351
-0.881607
-0.882232
-0.882855
-0.882855
-0.884096
-0.884714
-0.884714
-0.885943
-0.886555
-0.886555
-0.887773
-0.88838
-0.88838
-0.889587
-0.890188
-0.890188
-0.890787
-0.891979
-0.891979
-0.892572
-0.893753
-0.89434
-0.894926
-0.89551
-0.89551
-0.896672
-0.896672
-0.897827
-0.898401
-0.898401
-0.899545
-0.900113
-0.90068
-0.901245
-0.901809
-0.901809
-0.902929
-0.903487
-0.904043
-0.904597
-0.904597
-0.905699
-0.906247
-0.906793
-0.907338
-0.90788
-0.908421
-0.90896
-0.909497
-0.910032
-0.910565
-0.910565
-0.911626
-0.912153
-0.912679
-0.913203
-0.913724
-0.914245
-0.914763
-0.915279
-0.915793
-0.915793
-0.916817
-0.917326
-0.917833
-0.918338
-0.918841
-0.919342
-0.919342
-0.919842
-0.920835
-0.921329
-0.921821
-0.922311
-0.922799
-0.922799
-0.92377
-0.924253
-0.924734
-0.925213
-0.925213
-0.926166
-0.926639
-0.927111
-0.92758
-0.92758
-0.928514
-0.928514
-0.929441
-0.929901
-0.93036
-0.93036
-0.931272
-0.931725
-0.932176
-0.932626
-0.933073
-0.933519
-0.933963
-0.934405
-0.934845
-0.935284
-0.935284
-0.936155
-0.936588
-0.937019
-0.937019
-0.937876
-0.938302
-0.938726
-0.939148
-0.939148
-0.939987
-0.940403
-0.940818
-0.941231
-0.941642
-0.942052
-0.942052
-0.942865
-0.943269
-0.943671
-0.944072
-0.944072
-0.944867
-0.945262
-0.945262
-0.946047
-0.946437
-0.946437
-0.947211
-0.947595
-0.947978
-0.948359
-0.948738
-0.948738
-0.949491
-0.949491
-0.950236
-0.950607
-0.950607
-0.951342
-0.951707
-0.951707
-0.952432
-0.952432
-0.95315
-0.953506
-0.953861
-0.953861
-0.954565
-0.954914
-0.955262
-0.955608
-0.955608
-0.956294
-0.956635
-0.956974
-0.957312
-0.957647
-0.957981
-0.958313
-0.958313
-0.958973
-0.958973
-0.959626
-0.959949
-0.960272
-0.960592
-0.960911
-0.961228
-0.961228
-0.961857
-0.962169
-0.96248
-0.962789
-0.962789
-0.963401
-0.963705
-0.963705
-0.964308
-0.964607
-0.964607
-0.9652
-0.9652
-0.965786
-0.966077
-0.966366
-0.966653
-0.966939
-0.967224
-0.967224
-0.967787
-0.968067
-0.968345
-0.968621
-0.968896
-0.969169
-0.96944
-0.96944
-0.969979
-0.970246
-0.970511
-0.970775
-0.971037
-0.971297
-0.971556
-0.971814
-0.971814
-0.97207
-0.972577
-0.972828
-0.973078
-0.973078
-0.973573
-0.973573
-0.974062
-0.974304
-0.974304
-0.974784
-0.975022
-0.975258
-0.975258
-0.975726
-0.975958
-0.976188
-0.976417
-0.976417
-0.97687
-0.977094
-0.977317
-0.977538
-0.977758
-0.977977
-0.978194
-0.97841
-0.978624
-0.978837
-0.979048
-0.979258
-0.979466
-0.979674
-0.979674
-0.980084
-0.980084
-0.980488
-0.980688
-0.980688
-0.980887
-0.98128
-0.981475
-0.981475
-0.98186
-0.98205
-0.982239
-0.982427
-0.982427
-0.982799
-0.982982
-0.982982
-0.983346
-0.983525
-0.983704
-0.983881
-0.984057
-0.984057
-0.984404
-0.984576
-0.984747
-0.984916
-0.985084
-0.985251
-0.985416
-0.985581
-0.985743
-0.985743
-0.986065
-0.986225
-0.986383
-0.986539
-0.986695
-0.986849
-0.986849
-0.987153
-0.987153
-0.987453
-0.987453
-0.987748
-0.987894
-0.988038
-0.988182
-0.988324
-0.988465
-0.988604
-0.988604
-0.988743
-0.989017
-0.989152
-0.989286
-0.989419
-0.989419
-0.989681
-0.98981
-0.98981
-0.990066
-0.990066
-0.990317
-0.99044
-0.990563
-0.990685
-0.990805
-0.990805
-0.991043
-0.991043
-0.991277
-0.991392
-0.991506
-0.991619
-0.991731
-0.991842
-0.991842
-0.991952
-0.992168
-0.992275
-0.992381
-0.992486
-0.992486
-0.992692
-0.992794
-0.992895
-0.992995
-0.993093
-0.993093
-0.993288
-0.993288
-0.993479
-0.993573
-0.993666
-0.993666
-0.993849
-0.993939
-0.994028
-0.994117
-0.994117
-0.994291
-0.994376
-0.994461
-0.994461
-0.994627
-0.994709
-0.994709
-0.994871
-0.99495
-0.995029
-0.995106
-0.995183
-0.995183
-0.995334
-0.995334
-0.995481
-0.995554
-0.995554
-0.995697
-0.995767
-0.995836
-0.995836
-0.995972
-0.995972
-0.996105
-0.99617
-0.99617
-0.996298
-0.996361
-0.996424
-0.996485
-0.996546
-0.996606
-0.996606
-0.996723
-0.996781
-0.996838
-0.996894
-0.99695
-0.997005
-0.997059
-0.997059
-0.997165
-0.997217
-0.997268
-0.997319
-0.997369
-0.997418
-0.997467
-0.997515
-0.997562
-0.997609
-0.997609
-0.997701
-0.997745
-0.99779
-0.997833
-0.997876
-0.997918
-0.99796
-0.998001
-0.998042
-0.998042
-0.998121
-0.99816
-0.99816
-0.998235
-0.998235
-0.998309
-0.998345
-0.99838
-0.998415
-0.998449
-0.998449
-0.998483
-0.998549
-0.998549
-0.998612
-0.998644
-0.998674
-0.998704
-0.998734
-0.998734
-0.998792
-0.998792
-0.998847
-0.998847
-0.998901
-0.998901
-0.998953
-0.998979
-0.999004
-0.999028
-0.999052
-0.999076
-0.999099
-0.999122
-0.999144
-0.999166
-0.999166
-0.999208
-0.999229
-0.999229
-0.999269
-0.999269
-0.999308
-0.999308
-0.999345
-0.999363
-0.999363
-0.999398
-0.999415
-0.999431
-0.999447
-0.999463
-0.999463
-0.999494
-0.999509
-0.999523
-0.999538
-0.999551
-0.999565
-0.999578
-0.999578
-0.999604
-0.999616
-0.999629
-0.99964
-0.999652
-0.999663
-0.999674
-0.999674
-0.999695
-0.999706
-0.999706
-0.999725
-0.999735
-0.999744
-0.999744
-0.999762
-0.99977
-0.999778
-0.999786
-0.999786
-0.999802
-0.999809
-0.999816
-0.999823
-0.99983
-0.999837
-0.999843
-0.999849
-0.999849
-0.999861
-0.999867
-0.999872
-0.999877
-0.999882
-0.999887
-0.999892
-0.999897
-0.999897
-0.999906
-0.99991
-0.999914
-0.999918
-0.999921
-0.999925
-0.999925
-0.999932
-0.999935
-0.999938
-0.999941
-0.999941
-0.999947
-0.999947
-0.999952
-0.999954
-0.999956
-0.999956
-0.999961
-0.999961
-0.999965
-0.999967
-0.999967
-0.99997
-0.99997
-0.999973
-0.999974
-0.999974
-0.999976
-0.999978
-0.999978
-0.999981
-0.999982
-0.999983
-0.999983
-0.999984
-0.999985
-0.999986
-0.999986
-0.999987
-0.999988
-0.999988
-0.999989
-0.999989
-0.99999
-0.99999
-0.999991
-0.999991
-0.999991
-0.999992
-0.999992
-0.999992
-0.999992
-0.999993
-0.999993
-0.999993
-0.999993
-0.999993
-0.999993
-0.999993
-0.999993
-0.999993
-0.999993
-0.999994
-0.999994
-0.999994
-0.999994
-0.999994
-0.999994
-0.999994
-0.999994
-0.999994
-0.999994
-0.999994
-0.999994
-0.999994
-0.999994
-0.999994
-0.999994
-0.999994
-0.999993
-0.999993
-0.999993
-0.999993
-1
-1
-1
-1
-1
-1
-1
-1
-1
-1
-1
-1
-1
-1
-1
-1
-1
-1
-1
-1
-1
-1
-1
-1
-1
-1
-1
-1
-1
-1
-1
-1
-1
-1
-1
-1
-1
-1
-1
-1
-1
-1
-1
-1
-1
-1
-1
-1
-1
-1
-1
-1
-1
-1
-1
-1
-1
-1
-1
-1
-1
-1
-1
-1
-1
-1
-1
-1
-1
-1
-1
-1
-1
-1
-1
-1
-1
-1
-1
-1
-1
-1
-1
-1
-1
-1
-1
-1
-1
-1
-1
-1
-1
-1
-1
-1
-1
-1
-1
-1
-1
-1
-1
-1
-1
-1
-1
-1
-1
-1
-1
-1
-1
-1
-1
-1
-1
-1
-1
-1
-1
-1
-1
-1
-1
-1
-1
-1
-1
-1
-1
-1
-1
-1
-1
-1
-1
-1
-1
-1
-1
-1
-1
-1
-1
-1
-1
-1
-1
-1
-1
-1
-1
-1
-1
-1
-1
-1
-1
-1
-1
-1
-1
-1
-1
-1
-1
-1
-1
-1
-1
-1
-1
-1
-1
-1
-1
-1
-1
-1
-1
-1
-1
-1
-1
-1
-1
-1
-1
-1
-1
-1
-1
-1
-1
-1
-1
-1
-1
-1
-1
-1
-1
-1
-1
-1
-1
-1
-1
-1
-1
-1
-1
-1
-1
-1
-1
-1
-1
-1
-1
-1
-1
-1
-1
-1
-1
-1
-1
-1
-1
-1
-1
-1
-1
-1
-1
-1
-1
-1
-1
-1
-1
-1
-1
-1
-1
-1
-1
-1
-1
-1
-1
-1
-1
-1
-1
-1
-1
-1
-1
-1
-1
-1
-1
-1
-1
-1
-1
-1
-1
-1
-1
-1
-1
-1
-1
-1
-1
-1
-1
-1
-1
-1
-1
-1
-1
-1
-1
-1
-1
-1
-1
-1
-1
-1
-1
-1
-1
-1
-1
-1
-1
-1
-1
-1
-1
-1
-1
-1
-1
-1
-1
-1
-1
-1
-1
-1
-1
-1
-1
-1
-1
-1
-1
-1
-1
-1
-1
-1
-1
-1
-1
-1
-1
-1
-1
-1
-1
-1
-1
-1
-1
-1
-1
-1
-1
-1
-1
-1
-1
-1
-1
-1
-1
-1
-1
-1
-1
-1
-1
-1
-1
-1
-1
-1
-1
-1
-1
-1
-1
-1
-1
-1
-1
-1
-1
-1
-1
-1
-1
-1
-1
-1
-1
-1
-1
-1
-1
-1
-1
-1
-1
-1
-1
-1
-1
-1
-1
-1
-1
-1
-1
-1
-1
-1
-1
-1
-1
-1
-1
-1
-1
-1
-1
-1
-1
-1
-1
-1
-1
-1
-1
-1
-1
-1
-1
-1
-1
-1
-1
-1
-1
-1
-1
-1
-1
-1
-1
-1
-1
-1
-1
-1
-1
-1
-1
-1
-1
-1
-1
-1
-1
-1
-1
-1
-1
-1
-1
-1
-1
-1
-1
-1
-1
-1
-1
-1
-1
-1
-1
-1
-1
-1
-1
-1
-1
-1
-1
-1
-1
-1
-1
-1
-1
-1
-1
-1
-1
-1
-1
-1
-1
-1
-1
-1
-1
-1
-1
-1
-1
-1
-1
-1
-1
-1
-1
-1
-1
-1
-1
-1
-1
-1
-1
-1
-1
-1
-1
-1
-1
-1
-1
-1
-1
-1
-1
-1
-1
-1
-1
-1
-1
-1
-1
-1
-1
-1
-1
-1
-1
-1
-1
-1
-1
-1
-1
-1
-1
-1
-1
-1
-1
-1
-1
-1
-1
-1
-1
-1
-1
-1
-1
-1
-1
-1
-1
-1
-1
-1
-1
-1
-1
-1
-1
-1
-1
-1
-1
-1
-1
-1
-1
-1
-1
-1
-1
-1
-1
-1
-1
-1
-1
-1
-1
-1
-1
-1
-1
-1
-1
-1
-1
-1
-1
-1
-1
-1
-1
-1
-1
-1
-1
-1
-1
-1
-1
-1
-1
-1
-1
-1
-1
-1
-1
-1
-1
-1
-1
-1
-1
-1
-1
-1
-1
-1
-1
-1
-1
-1
-1
-1
-1
-1
-1
-1
-1
-1
-1
-1
-1
-1
-1
-1
-1
-1
-1
-1
-1
-1
-1
-1
-1
-1
-1
-1
-1
-1
-1
-1
-1
-1
-1
-1
-1
-1
-1
-1
-1
-1
-1
-1
-1
-1
-1
-1
-1
-1
-1
-1
-1
-1
-1
-1
-1
-1
-1
-1
-1
-1
-1
-1
-1
-1
-1
-1
-1
-1
-1
-1
-1
-1
-1
-1
-1
-1
-1
-1
-1
-1
-1
-1
-1
-1
-1
-1
-1
-1
-1
-1
-1
-1
-1
-1
-1
-1
-1
-1
-1
-1
-1
-1
-1
-1
-1
-1
-1
-1
-1
-1
-1
-1
-1
-1
-1
-1
-1
-1
-1
-1
-1
-1
-1
-1
-1
-1
-1
-1
-1
-1
-1
-1
-1
-1
-1
-1
-1
-1
-1
-1
-1
-1
-1
-1
-1
-1
-1
-1
-1
-1
-1
-1
-1
-1
-1
-1
-1
-1
-1
-1
-1
-1
-1
-1
-1
-1
-1
-1
-1
-1
-1
-1
-1
-1
-1
-1
-1
-1
-1
-1
-1
-1
-1
-1
-1
-1
-1
-1
-1
-1
-1
-1
-1
-1
-1
-1
-1
-1
-1
-1
-1
-1
-1
-1
-1
-1
-1
-1
-1
-1
-1
-1
-1
-1
-1
-1
-1
-1
-1
-1
-1
-1
-1
-1
-1
-1
-1
-1
-1
-1
-1
-1
-1
-1
-1
-1
-1
-1
-1
-1
-1
-1
-1
-1
-1
-1
-1
-1
-1
-1
-1
-1
-1
-1
-1
-1
-1
-1
-1
-1
-1
-1
-1
-1
-1
-1
-1
-1
-1
-1
-1
-1
-1
-1
-1
-1
-1
-1
-1
-1
-1
-1
-1
-1
-1
-1
-1
-1
-1
-1
-1
-1
-1
-1
-1
-1
-1
-1
-1
-1
-1
-1
-1
-1
-1
-1
-1
-1
-1
-1
-1
-1
-1
-1
-1
-1
-1
-1
-1
-1
-1
-1
-1
-1
-1
-1
-1
-1
-1
-1
-1
-1
-1
-1
-1
-1
-1
-1
-1
-1
-1
-1
-1
-1
-1
-1
-1
-1
-1
-1
-1
-1
-1
-1
-1
-1
-1
-1
-1
-1
-1
-1
-1
-1
-1
-1
-1
-1
-1
-1
