0.00323331
0.00323331
0.00646674
0.00970018
0.0129335
0.0161669
0.0161669
0.0194004
0.0226338
0.025832
0.0290654
0.0322989
0.0355323
0.0381448
0.0411038
0.0443373
0.0475708
0.0508044
0.054038
0.0554792
0.0587128
0.0619464
0.0651801
0.0653419
0.0685756
0.0718093
0.0750432
0.0725481
0.0757819
0.0790158
0.0822497
0.0854837
0.0810764
0.0843104
0.0825829
0.0858169
0.0890509
0.0922851
0.088055
0.0912891
0.0945233
0.0977576
0.100992
0.0938733
0.0971076
0.100342
0.103576
0.0978931
0.0988244
0.0997286
0.102963
0.106198
0.109432
0.103097
0.106331
0.109566
0.1128
0.106104
0.109339
0.112573
0.115808
0.108783
0.112018
0.112018
0.115253
0.118488
0.108456
0.111691
0.114926
0.118161
0.110426
0.110868
0.11129
0.114525
0.11776
0.120995
0.112771
0.116006
0.119241
0.122477
0.125712
0.114161
0.117396
0.120632
0.123867
0.111811
0.115046
0.115163
0.118398
0.121633
0.124869
0.112196
0.115432
0.118667
0.121903
0.112157
0.115393
0.118628
0.121864
0.108462
0.111698
0.114933
0.118169
0.121405
0.107579
0.107355
0.110591
0.113826
0.117062
0.109827
0.113063
0.116299
0.119535
0.12277
0.108274
0.108274
0.11151
0.114746
0.103574
0.0995401
0.102776
0.106012
0.109248
0.101501
0.104737
0.107973
0.111208
0.114444
0.0991939
0.102429
0.105664
0.1089
0.093459
0.0966939
0.0961729
0.0994076
0.102642
0.105877
0.094024
0.0972584
0.100493
0.103727
0.106961
0.0912003
0.0912003
0.0944342
0.0976682
0.100902
0.0850085
0.088242
0.0914755
0.094709
0.0979425
0.0819257
0.0851586
0.0883915
0.0916244
0.0754975
0.0748464
0.0780787
0.081311
0.0845433
0.0877749
0.0754425
0.078674
0.0819054
0.0851369
0.0727697
0.0760006
0.0792314
0.0824623
0.0856926
0.066178
0.0694083
0.0726385
0.0758688
0.0634891
0.0589124
0.0621418
0.0653712
0.0686006
0.0718291
0.0594362
0.0626645
0.0658928
0.0691211
0.0567133
0.0599409
0.0631684
0.066396
0.0696235
0.0532959
0.0565226
0.0597493
0.0629761
0.0662017
0.0498791
0.0531047
0.0563303
0.0595559
0.0627804
0.046484
0.0497082
0.0529324
0.0561566
0.040576
0.0399107
0.0392485
0.0424716
0.0456948
0.0489169
0.0366327
0.0398548
0.0430769
0.0462979
0.0340827
0.0373037
0.0405247
0.0437457
0.0469652
0.0310207
0.0342402
0.0374597
0.0406777
0.0249042
0.0243459
0.0275638
0.0307804
0.0339967
0.0372126
0.0253978
0.0286137
0.0318296
0.0318296
0.0350441
0.0196406
0.0228551
0.0260696
0.0292826
0.0177402
0.0172832
0.0168337
0.0200467
0.0232577
0.0264687
0.0151032
0.0183142
0.0215232
0.0247322
0.0134825
0.0166915
0.0198987
0.0231054
0.0119736
0.0151799
0.0183862
0.0215925
0.0247969
0.0102474
0.0134519
0.0166563
0.0198607
0.00899276
0.0052029
0.0052029
0.00840538
0.0116079
0.0148078
0.00410563
0.00730553
0.0105054
0.0137026
0.0168992
0.00287298
0.0060696
0.00926622
0.0124605
-0.00138774
-0.00158008
0.00161422
0.00480852
0.0080004
0.0111923
0.000909792
0.00410167
0.00729036
0.0104791
0.000309396
0.00349809
0.00668679
0.00987212
0.0130575
-0.000290497
0.00289484
0.00608017
0.00608017
0.00926195
-0.00391345
-0.000731671
0.00245011
0.00562813
0.00880538
-0.00421262
-0.00103537
0.00214188
0.00531593
0.00848998
-0.00438215
-0.0012081
0.00196595
0.00513666
-0.00442727
-0.00759076
-0.00442005
-0.00125285
0.00191436
0.00508156
-0.0043546
-0.001192
0.0019706
0.0051332
-0.00422062
-0.0010619
0.00209581
0.00525252
0.00840923
-0.00395579
-0.00395579
-0.00079908
0.00235347
0.00550602
-0.00673075
-0.0035782
-0.000430008
0.00271819
-0.00940006
-0.00929112
-0.00614749
-0.00300386
0.000139776
0.00328341
-0.0056845
-0.00254688
0.000590741
0.00372836
-0.0051725
-0.00204126
0.00108998
0.00422123
0.00735247
-0.00446549
-0.00134101
0.00178206
0.00490514
-0.00680559
-0.00680559
-0.00663725
-0.00351995
-0.000402652
0.00271465
-0.00595611
-0.00284645
0.000263218
0.00337288
0.00648254
-0.00509475
-0.00199322
0.00110661
0.00420644
-0.0073467
-0.00717459
-0.00408176
-0.000988921
0.00210391
0.00519675
-0.00342022
-0.00033476
0.0027507
0.00583615
-0.00276327
0.000314406
0.00339208
0.00646975
0.00954743
-0.00501989
-0.00195254
0.00111481
0.00418217
-0.00435752
-0.00708392
-0.00402757
-0.000971231
0.00208511
0.00514146
-0.00332959
-0.000287397
0.0027548
0.00579699
-0.00260136
0.000430807
0.00346298
0.00649515
-0.00183184
0.00120033
0.00422198
0.00724363
0.0102653
-0.000801813
0.00220596
0.00521372
0.00822149
-0.00275597
0.000251798
0.000457422
0.000457422
0.00345043
0.00644343
-0.00168591
0.00129137
0.00426537
0.00723938
-0.000863481
0.00211052
0.00507104
0.00803156
0.0109921
0.000181572
0.00314209
0.00608843
0.00903477
-0.00169906
0.00124728
0.00417873
0.00711017
0.0100416
0.00209118
0.00229026
0.00249231
0.00540408
0.00831585
0.0112276
0.00330778
0.00619426
0.00908075
0.0119672
0.00119706
0.00408355
0.00695209
0.00982064
0.0126892
0.00214358
0.00501213
0.00785694
0.0107018
0.0135466
0.000352306
0.00317186
0.00598617
0.00880048
0.0116148
0.0037663
0.00655897
0.00935164
0.0121443
0.00429586
0.00706582
0.00983577
0.0126057
0.0153757
0.00487941
0.00761939
0.0103594
0.0130994
0.00251924
0.0026191
0.00268916
0.00539085
0.00809253
0.000261499
0.00296319
0.0056379
0.00831261
0.0109873
0.00316576
0.00584047
0.00848705
0.0111336
0.00332933
0.00597592
0.00859327
0.0112106
0.013828
0.00345494
0.00603423
0.00861351
0.0111928
0.000867864
0.00341555
0.00595518
0.0084867
0.0084867
0.000755975
0.000730226
0.000707727
0.00320623
0.00570474
0.00820324
0.000519207
0.00301771
0.0054738
0.00792989
0.010386
0.000197693
0.00261038
0.0050143
0.00741823
-0.000215332
-0.00280221
-0.000433529
0.00193516
0.00430384
0.00667253
-0.000917514
0.00141583
0.00374917
0.00608251
0.00841585
0.000873346
0.00317153
0.00546971
0.00776789
-0.00215011
-0.00215011
0.000104933
0.00235998
0.00461502
-0.00519352
-0.002988
-0.000782469
0.00142306
-0.00587902
-0.008413
-0.00623089
-0.00404878
-0.00186667
0.000279068
-0.00692785
-0.00478211
-0.00263637
-0.000490635
-0.00761391
-0.00550033
-0.00338676
-0.00127319
-0.0105485
-0.00846178
-0.00637978
-0.00429777
-0.00221577
-0.00907843
-0.0114352
-0.0114352
-0.0093692
-0.00730323
-0.00523725
-0.0119297
-0.00987531
-0.00782089
-0.00576648
-0.00371206
-0.0124195
-0.0103727
-0.00832595
-0.0062792
-0.0147961
-0.0148395
-0.0127916
-0.0107437
-0.00869578
-0.00664072
-0.0128846
-0.0108296
-0.00877452
-0.00671946
-0.0128473
-0.0107763
-0.00870529
-0.00663427
-0.0146642
-0.0125641
-0.0104641
-0.0104641
-0.008364
-0.0162565
-0.0141565
-0.0140166
-0.0118917
-0.00976667
-0.00764168
-0.0133886
-0.0112346
-0.0090807
-0.00692676
-0.012584
-0.0103975
-0.00821108
-0.00602464
-0.00379341
-0.0112982
-0.00906697
-0.00683575
-0.00460452
-0.0100671
-0.0116355
-0.00934599
-0.00705649
-0.00476698
-0.00243682
-0.0101332
-0.00780303
-0.00547287
-0.0031427
-0.0084937
-0.00611166
-0.00372962
-0.00134758
0.00103446
-0.00613317
-0.00124399
-0.00124399
0.00120061
-0.00405484
-0.00349858
-0.00294467
-0.000458796
0.00202708
0.00455354
-0.000677208
0.00184926
0.00437572
0.00690219
0.0094683
0.00225217
0.00481828
0.00738439
0.00999842
0.00208601
0.000709861
0.00332389
0.00593791
0.00859776
0.0112665
0.0058786
0.00854735
0.0112161
0.0138848
0.00842359
0.011127
0.0138304
0.0165339
0.0192704
0.0116422
0.0143787
0.0171153
0.0198911
0.0142401
0.0148896
0.0155309
0.0183364
0.0211491
0.0239689
0.0181675
0.0209872
0.023807
0.023807
0.0266542
0.0185319
0.0213791
0.0242263
0.0270995
0.0187815
0.0216547
0.0222622
0.0251354
0.0280393
0.0309432
0.0246916
0.0275955
0.0304994
0.0334321
0.0270623
0.0299949
0.0329275
0.0358872
0.0294005
0.0323602
0.0353198
0.0383
0.0412851
0.0322636
0.0352536
0.0382436
0.0412337
0.0442429
0.0319976
0.0350068
0.038016
0.0410252
0.0340604
0.0345733
0.0350756
0.0381078
0.0411399
0.0441941
0.0370283
0.0400867
0.0431452
0.0462036
0.0492621
0.0393257
0.0424011
0.0454765
0.0485519
0.0516479
0.0414859
0.0445819
0.0476779
0.0507901
0.0431242
0.0407944
0.0439146
0.0470348
0.0470348
0.0501549
0.042272
0.0454081
0.0485441
0.0516802
0.0436598
0.0468156
0.0499714
0.0531272
0.0449544
0.0481299
0.0513094
0.0544889
0.0576683
0.0464801
0.0496596
0.052855
0.0560503
0.0592457
0.0478503
0.0510656
0.054281
0.0574964
0.0607117
0.0491304
0.052366
0.0556058
0.0588456
0.0620854
0.0502877
0.0535441
0.0535441
0.0568005
0.0447936
0.0480499
0.0482433
0.0515166
0.0547899
0.0580631
0.04895
0.0522448
0.0555397
0.0588345
0.0495881
0.0529051
0.0562265
0.0595479
0.0502077
0.0535292
0.0568687
0.0602083
0.0635478
0.0509009
0.0542589
0.0576169
0.0609749
0.0481723
0.0482955
0.0482955
0.0516723
0.0550491
0.0584259
0.0487155
0.0521162
0.0555169
0.0589175
0.0623182
0.0492194
0.0526493
0.0560792
0.0595091
0.0495934
0.0463093
0.049759
0.0532087
0.0566584
0.0601081
0.0500725
0.0535472
0.0570219
0.0604965
0.0503735
0.0538733
0.0573782
0.0573782
0.047162
0.0506668
0.0541716
0.0576966
0.0612215
0.0474495
0.0509744
0.0544993
0.0580493
0.0615992
0.0476892
0.0477276
0.0513022
0.0548817
0.0584612
0.0479316
0.0515111
0.0550906
0.0586894
0.0480793
0.0516781
0.0552768
0.0588991
0.0625213
0.0482495
0.0518717
0.0555121
0.0591569
0.0483896
0.0411483
0.0484467
0.0484467
0.0520959
0.0557621
0.0485252
0.0521914
0.0558577
0.0595401
0.0449422
0.0486246
0.052307
0.0560083
0.0597096
0.0450048
0.0487061
0.0524073
0.0561257
0.0598442
0.0450338
0.0487522
0.0524706
0.0562043
0.0450291
0.0450253
0.0450165
0.0487531
0.0525001
0.0449814
0.0487284
0.0524755
0.0524755
0.0562316
0.0411163
0.0448725
0.0486286
0.0523847
0.0561502
0.0409364
0.0447019
0.0484675
0.0522401
0.0407581
0.0368815
0.0406553
0.0444291
0.0482065
0.051984
0.0404197
0.0441972
0.0479747
0.0517546
0.0555345
0.0400689
0.0438488
0.0476291
0.0514092
0.0358852
0.0396651
0.0395782
0.0395782
0.043358
0.0471361
0.0354287
0.0392067
0.0429847
0.0467595
0.0505343
0.0349177
0.0386925
0.0424614
0.0462303
0.0344696
0.0304703
0.034233
0.0379941
0.0417533
0.0455126
0.0337303
0.0374896
0.0412409
0.0449923
0.0449923
0.029309
0.0368028
0.0368028
0.0405452
0.0287396
0.0247086
0.028451
0.0321808
0.0359106
0.0396404
0.0278274
0.0315432
0.035259
0.0389748
0.0271607
0.0308765
0.0345771
0.0382745
0.0264659
0.0301633
0.0338607
0.037545
0.0412292
0.0255741
0.0292584
0.0329289
0.0365994
0.0209846
0.0246551
0.0244751
0.0244751
0.0281277
0.0317804
0.0200522
0.0237049
0.0273576
0.0309917
0.0154542
0.0190883
0.0227224
0.0263375
0.0299488
0.0182813
0.0142769
0.0178881
0.0214838
0.0250794
0.0286751
0.0170945
0.0206902
0.0242662
0.0278422
0.0163223
0.0198983
0.0234585
0.0270147
0.0270147
0.0153701
0.0153701
0.0189224
0.0224588
0.0110908
0.0109136
0.0107412
0.0142776
0.0177982
0.0213188
0.0100514
0.013572
0.0170769
0.0205818
0.0093692
0.0128741
0.0163594
0.0198448
0.00867043
0.0121558
0.0156257
0.0190917
0.0225539
0.00775134
0.0112135
0.0146757
0.0181226
0.00699721
0.00680638
0.00661773
0.0100494
0.0100494
0.0134811
0.00239518
0.00582689
0.00923984
0.0126528
0.0160658
0.00139173
0.00480469
0.00819916
0.01159
-0.00303553
0.00035528
0.00015158
0.00354239
0.00691869
0.010295
-0.000674921
0.00270137
0.00605983
0.00941828
-0.00150913
0.00184932
0.00519378
0.00853478
-0.00587611
-0.00253856
0.000799004
0.000799004
0.00413656
-0.0066349
-0.0103179
-0.00699397
-0.00367
-0.000359303
-0.0109663
-0.00765561
-0.00434491
-0.00103422
0.00226034
-0.00821735
-0.00492279
-0.00162823
0.00165074
0.00492667
-0.00878831
-0.00551239
-0.00223646
0.00103946
-0.0124383
-0.0124933
-0.00922934
-0.0059654
-0.00271591
0.000533567
-0.00939528
-0.0061458
-0.00290749
-0.00290749
-0.0127
-0.00946714
-0.00623428
-0.00300143
0.000231429
-0.0126225
-0.00940026
-0.00617805
-0.00295585
-0.0124559
-0.0155558
-0.012344
-0.00913208
-0.0059202
-0.00272078
-0.0120656
-0.00886619
-0.00566677
-0.00247935
0.000708072
-0.0116492
-0.00846181
-0.00527439
-0.00209854
-0.0143322
-0.0111586
-0.0110516
-0.00787796
-0.00787796
-0.00154855
-0.0106046
-0.0106046
-0.00743988
-0.00428382
-0.0132806
-0.0101245
-0.00696844
-0.00381238
-0.0127535
-0.00960789
-0.00646228
-0.00331667
-0.000181143
-0.0120636
-0.00893009
-0.00579654
-0.00266299
-0.011477
-0.0113263
-0.0111718
-0.00804598
-0.0049277
-0.00180942
-0.0105393
-0.00742101
-0.00430273
-0.00119354
-0.00119354
-0.0128132
-0.00970397
-0.00659479
-0.00349435
-0.0150365
-0.0119378
-0.0117574
-0.00865872
-0.00556672
-0.00247472
-0.0110254
-0.00793341
-0.00793341
-0.00484793
-0.013355
-0.0102695
-0.00718404
-0.00409856
-0.00102095
-0.0123616
-0.00928402
-0.00620641
-0.00313637
-6.78097e-05
-0.0113389
-0.0111292
-0.00806065
-0.00499789
-0.00193513
-0.0102791
-0.00721636
-0.00415359
-0.00109645
-0.009404
-0.00634686
-0.00328971
-0.000239345
0.00281102
-0.0082894
-0.00523903
-0.00523903
-0.00219518
-0.0132469
-0.0102044
-0.00997522
-0.00693264
-0.00389006
-0.000852472
-0.00905198
-0.00601439
-0.0029768
5.5949e-05
-0.00812085
-0.00508809
-0.00205534
0.000971573
0.00399849
-0.00694287
-0.00391596
-0.000889042
0.00213227
-0.00876736
-0.00852593
-0.00550571
-0.0024855
0.000530435
0.00354637
-0.0045386
-0.00152267
0.00148912
0.0045009
-0.00356763
-0.000555852
-0.000555852
0.00245593
0.00546271
-0.00535454
-0.00234776
0.00065902
0.00366099
-0.00714043
-0.00413939
-0.00389695
-0.00089591
0.00210145
0.00509881
-0.0029333
6.40647e-05
0.00306143
0.00605523
-0.00197238
0.00102142
0.00401522
0.00700474
0.00999425
-0.00077948
0.00221003
0.00519624
0.00818163
0.0111662
0.000398823
0.00338341
0.006368
0.006368
-0.00440167
-0.00142023
-0.00119009
0.00179135
0.00476973
0.00774812
-0.000284803
0.00269358
0.00567197
0.00864667
0.000601721
0.00357642
0.00655113
0.00952229
0.00147062
0.00444178
0.00741294
0.0103841
0.0133519
0.00254053
0.00550829
0.00847605
0.0114438
0.0144083
0.000628126
0.00359199
0.00655585
0.00951971
0.00144914
0.00164911
0.00184695
0.0048083
0.00776966
0.0107286
0.00260721
0.00556613
0.00852506
0.0114816
0.00330918
0.00626574
0.00922231
0.0121789
0.0151326
0.00410654
0.00706024
0.0100139
0.0129649
0.00186941
0.00482036
0.00495514
0.00790608
0.0108544
0.0138021
0.00251859
0.00841411
0.00841411
0.0113619
0.00300112
0.00594685
0.00889257
0.0118383
0.014782
0.00357684
0.0065206
0.00946435
0.0124081
0.0153495
0.00414124
0.00708262
0.010024
0.0129631
0.0159022
0.00470266
0.00481567
0.00775301
0.0106899
0.0136264
0.00526418
0.00820067
0.0111372
0.014072
0.00571545
0.00571545
0.00865026
0.0115851
0.0145183
0.00334735
0.00628056
0.00921376
0.012147
0.0150782
0.00391478
0.00684604
0.0097773
0.0127067
0.00436559
0.0016612
0.00459023
0.00751926
0.0104469
0.0133745
0.00503252
0.00796012
0.0108863
0.0138125
0.00545263
0.00837885
0.0113051
0.0142296
0.0171541
0.00592963
0.00885416
0.0117774
0.0147003
0.00341511
0.00341511
0.00348864
0.00641123
0.00933382
0.0122552
0.00375653
0.00667787
0.00959922
0.0125191
0.0154389
0.00404258
0.00696242
0.00988225
0.0128006
0.00138521
0.0043033
0.00435473
0.00727283
0.0101898
0.0131068
0.00456196
0.00747894
0.0103949
0.0133108
0.00477868
0.00769458
0.0106105
0.0135251
0.0164397
0.00507412
0.00798873
0.00798873
0.0109021
0.0138152
0.00248325
0.00539638
0.0083095
0.0112217
-8.20934e-05
-1.00888e-05
0.00290209
0.00581427
0.0087253
0.0116363
0.00319654
0.00610758
0.00901742
0.0119273
0.00350344
0.00641328
0.00932166
0.01223
0.0151384
0.00390791
0.00681513
0.00972206
0.0126287
0.0155353
0.00433273
0.00723938
0.0101449
0.0101449
0.0130504
0.00186746
0.00477296
0.00767846
0.0105825
-0.000591763
-0.000502661
0.00240143
0.00530411
0.00820651
0.0111089
0.00275425
0.00565665
0.00855793
0.0114592
0.0143605
0.00320351
0.00610368
0.00900385
0.011904
0.00357545
0.00367106
0.00376648
0.00666555
0.00956461
0.0124637
0.00125779
0.00415547
0.00705314
0.00995081
-0.00114502
0.00175126
0.00464726
0.00754326
0.0104393
-0.000646053
0.00224883
0.00234916
0.00524404
0.00813892
0.0110338
0.00275766
0.00565142
0.00854518
0.0114389
0.0143313
0.00328463
0.00617697
0.00906932
0.0119605
0.0148514
0.00383298
0.0067236
0.00961423
0.0125049
0.00150793
0.00162171
0.00162171
0.00451118
0.00740064
0.0102889
0.00207693
0.00496521
0.0078535
0.0107418
0.00253143
0.00541822
0.008305
0.0111918
0.014077
0.00310036
0.00598531
0.00887025
0.0117552
0.00356119
0.000908568
0.00379226
0.00667594
0.00955963
0.0124421
0.00425658
0.00713909
0.0100216
0.0129029
0.00472114
0.00760239
0.0104836
0.0104836
0.0133649
0.00242368
0.00530359
0.0081835
0.0110634
0.0139419
0.00300353
0.00588174
0.00875994
0.0116382
0.000697043
0.000809887
0.00368689
0.00656389
0.0094409
0.0123166
0.00413388
0.00700962
0.00988537
0.0127595
0.004575
0.00744908
0.0103232
0.0131973
0.0160696
0.00513101
0.00800334
0.0108757
0.0137465
0.00282806
0.00569813
0.00294291
0.00581298
0.00868305
0.0115531
0.00340734
0.00627582
0.0091443
0.0120128
0.0148796
0.00399077
0.00685757
0.00972437
0.0125894
0.00171253
0.00183034
0.00469538
0.0075581
0.0104208
0.0132835
0.00515901
0.00802172
0.010882
0.0137417
0.00561525
0.00847497
0.0113347
0.0141923
0.00606419
0.00892178
0.0117794
0.0117794
0.0174917
0.00375589
0.00661065
0.00946541
0.0123202
0.00142606
0.0015262
0.00437731
0.00722841
0.0100795
0.012928
0.00476633
0.00761482
0.0104633
0.0133118
0.00514064
0.00798638
0.0108321
0.0136779
0.0165207
0.00559251
0.00843533
0.0112782
0.0141171
0.00318942
0.00602836
0.00611429
0.00894991
0.00894991
0.0117838
0.00360541
0.00643931
0.0092732
0.0121071
0.00392485
0.00675514
0.00958542
0.0124157
0.0152422
0.0043082
0.00713466
0.00996111
0.0127825
0.00185466
0.00467601
0.00474893
0.0075659
0.0103817
0.0131964
0.00502157
0.00783625
0.00783625
0.0106509
0.00247872
0.00528863
0.00809853
0.0109084
0.0137133
0.00280438
0.0056092
0.00841402
0.0112134
0.00305416
0.000378438
0.00317786
0.00597004
0.00876222
0.0115544
0.00340684
0.00619902
0.00898338
0.0117661
0.0036353
0.00641803
0.00920075
0.0119767
0.00110449
0.00388041
0.00665633
0.00943225
0.0121991
0.00144329
0.00421011
0.00697692
0.00974374
-0.000948614
0.00180631
0.0018793
0.00463423
0.00738916
0.0101355
0.00217692
0.00492329
0.00766965
0.00766965
-0.000265548
0.00247169
0.00520892
0.00794615
0.0106736
0.000100567
0.00282806
0.00555555
0.00828304
0.000383959
-0.00220052
0.000513849
0.00322822
0.00592833
0.00862843
0.000744794
0.0034449
0.00613268
0.00881724
0.000933267
0.00361455
0.00629584
0.00897713
0.00110033
0.00376793
0.00643554
0.00910315
0.0117561
0.00125966
0.00125966
0.00391259
0.00656553
-0.00127531
-0.00388093
-0.00124787
0.00138519
0.00401826
0.00662957
-0.00122506
0.00138166
0.00398839
0.00659511
-0.00125378
0.00133371
0.00392119
0.00650868
0.00909616
-0.00133677
0.00123001
0.00379679
0.00636357
-0.00145468
-0.00149891
-0.00154064
0.000998008
0.00350576
0.00350576
-0.00428215
-0.00178093
0.000720286
0.00322151
-0.00452965
-0.00205585
0.000417943
0.00289174
-0.00483793
-0.00239374
5.04466e-05
0.00249464
0.00493883
-0.0053234
-0.00291117
-0.000498944
0.00191328
-0.00829115
-0.00842407
-0.00605541
-0.00368675
-0.00131809
0.00100258
-0.00664736
-0.00433685
-0.00202635
0.000284157
-0.00732968
-0.00506188
-0.00279409
-0.000526288
0.00174151
-0.0104866
-0.00827709
-0.00606755
-0.00385802
-0.00164848
-0.0115819
-0.00945014
-0.00731841
-0.00518669
-0.00305497
-0.0129015
-0.0108269
-0.00875238
-0.00667783
-0.0140181
-0.0166682
-0.0146554
-0.0126427
-0.01063
-0.00861724
-0.0159172
-0.0139888
-0.0120604
-0.0101319
-0.0173837
-0.015548
-0.0137123
-0.0118766
-0.0101215
-0.0195295
-0.0195295
-0.017817
-0.0161046
-0.0143921
-0.023561
-0.0219385
-0.0203161
-0.0186937
-0.025573
-0.0282251
-0.0266993
-0.0251735
-0.0236477
-0.0222255
-0.0290036
-0.0275814
-0.0261592
-0.0248764
-0.0235937
-0.0322491
-0.0309663
-0.0296836
-0.0285516
-0.0274511
-0.0359108
-0.0348103
-0.0337098
-0.0327398
-0.0409182
-0.0399482
-0.0407552
-0.0397852
-0.0389881
-0.0389881
-0.0451106
-0.0443134
-0.0435163
-0.0429018
-0.0489228
-0.0483458
-0.0477688
-0.0471919
-0.0466149
-0.0539485
-0.0535246
-0.0531007
-0.0526768
-0.059614
-0.0607431
-0.0605154
-0.0602877
-0.0600601
-0.0600307
-0.0652042
-0.0652144
-0.0652247
-0.0652349
-0.0654022
-0.0714123
-0.0715796
-0.071747
-0.0720676
-0.0762316
-0.0775194
-0.0787769
-0.0790976
-0.0795651
-0.0800327
-0.0839353
-0.0844029
-0.0848704
-0.0855077
-0.0890619
-0.0896993
-0.0903366
-0.0911225
-0.091935
-0.0956304
-0.0964429
-0.0972555
-0.0981627
-0.101074
-0.101981
-0.103181
-0.104089
-0.10507
-0.106051
-0.107835
-0.108816
-0.109857
-0.110898
-0.111939
-0.113147
-0.114188
-0.115249
-0.115249
-0.115555
-0.116357
-0.117418
-0.11848
-0.119525
-0.120569
-0.120221
-0.121266
-0.12227
-0.123274
-0.122344
-0.123348
-0.12429
-0.125233
-0.123738
-0.12468
-0.12552
-0.126359
-0.127199
-0.12435
-0.125189
-0.125904
-0.126591
-0.122962
-0.123649
-0.124336
-0.12491
-0.125483
-0.121644
-0.120188
-0.120761
-0.121214
-0.121667
-0.12212
-0.11833
-0.118629
-0.118928
-0.119226
-0.119525
-0.114238
-0.114382
-0.114496
-0.11461
-0.110079
-0.109013
-0.107819
-0.107812
-0.107805
-0.107797
-0.102993
-0.102869
-0.102744
-0.10262
-0.0964421
-0.0961778
-0.0959135
-0.0956492
-0.095385
-0.0889854
-0.0873698
-0.0873698
-0.0869503
-0.0865307
-0.0861111
-0.0820633
-0.0815717
-0.0810801
-0.0805885
-0.0743138
-0.0737108
-0.0731079
-0.072505
-0.0719021
-0.065758
-0.065055
-0.064352
-0.063649
-0.0576985
-0.0569064
-0.0561143
-0.0553222
-0.0545301
-0.0488236
-0.0479529
-0.0461281
-0.0452429
-0.0443577
-0.0434724
-0.0389315
-0.0379922
-0.0379922
-0.037053
-0.0327787
-0.0317917
-0.0308047
-0.0298178
-0.0288308
-0.0240827
-0.0230447
-0.0220068
-0.0209689
-0.0172675
-0.0155716
-0.0138885
-0.0128019
-0.0117152
-0.0106286
-0.00733321
-0.00622128
-0.00510935
-0.00399742
-0.00101101
0.000120612
0.00125223
0.00238386
0.00503479
0.00618062
0.00732646
0.0084723
0.00961813
0.0121928
0.0121928
0.0133488
0.0145048
0.0156608
0.0176935
0.0188512
0.020009
0.0211667
0.0226558
0.0238067
0.0249564
0.0261049
0.0272535
0.0284021
0.0293273
0.0304629
0.0315985
0.0327342
0.0333224
0.0344396
0.0355568
0.036674
0.0369179
0.0380351
0.0391216
0.040208
0.0412944
0.0408486
0.0418955
0.0429424
0.0439893
0.0419896
0.0425826
0.043581
0.0445685
0.0455561
0.0465436
0.0455427
0.0464831
0.0474236
0.048364
0.0470527
0.0479932
0.0488804
0.0497675
0.0506547
0.0483896
0.0492013
0.050013
0.0508247
0.0481482
0.0482253
0.0489513
0.049659
0.0503666
0.0510742
0.0487302
0.0493599
0.0499896
0.0506193
0.048033
0.0485777
0.0491225
0.0491225
0.0463121
0.0468569
0.0474016
0.0478302
0.0482587
0.044338
0.0447665
0.0450676
0.0453419
0.0411441
0.0405137
0.0407879
0.0409504
0.0411128
0.0412753
0.0377993
0.0379617
0.0380053
0.038049
0.0380926
0.033585
0.0334709
0.0333568
0.0332427
0.0295304
0.0276432
0.0273625
0.0270818
0.0268012
0.0265205
0.0225918
0.0225918
0.0221373
0.0216473
0.0178098
0.0173198
0.0168299
0.0161966
0.0155633
0.0109828
0.0103495
0.00957189
0.00879429
0.00801669
0.00362949
0.00267329
0.00171709
0.000760895
-0.00278853
-0.00493072
-0.00605917
-0.00722086
-0.00838255
-0.00954424
-0.0128346
-0.0141238
-0.0154129
-0.0167021
-0.0197656
-0.0210548
-0.0224875
-0.0224875
-0.0239201
-0.027019
-0.0284517
-0.0300046
-0.0315783
-0.033152
-0.0357198
-0.0372935
-0.0389381
-0.0405826
-0.0425032
-0.0441138
-0.0457583
-0.0474526
-0.0491469
-0.0508412
-0.0522519
-0.0539733
-0.0556947
-0.0574161
-0.0580565
-0.0597789
-0.0615013
-0.0632237
-0.0635415
-0.0648141
-0.0660479
-0.0677244
-0.0694008
-0.0710772
-0.0706555
-0.0706555
-0.0722746
-0.0738937
-0.07298
-0.0745991
-0.076142
-0.0776849
-0.0792278
-0.0770415
-0.0784666
-0.0798917
-0.0813168
-0.0793508
-0.0798763
-0.0802445
-0.0815027
-0.082761
-0.0840192
-0.0814162
-0.0825834
-0.0837505
-0.0849177
-0.081961
-0.0831282
-0.0841364
-0.0851447
-0.0861529
-0.0817072
-0.0825522
-0.0825522
-0.0833972
-0.0785334
-0.0793784
-0.0788941
-0.0795435
-0.0801929
-0.0808423
-0.0767651
-0.0774145
-0.0779362
-0.0784578
-0.0741834
-0.0747051
-0.0750726
-0.0754401
-0.0709885
-0.071356
-0.0716062
-0.0718281
-0.0720219
-0.0662216
-0.0664155
-0.0666093
-0.0666954
-0.0608855
-0.0598104
-0.0598965
-0.0599826
-0.0599826
-0.059944
-0.0553389
-0.0553003
-0.0552617
-0.0551101
-0.0505398
-0.0503882
-0.0502366
-0.050085
-0.0498324
-0.0442801
-0.0440087
-0.0437372
-0.0434657
-0.0391148
-0.0378025
-0.0365036
-0.0361614
-0.0357555
-0.0353497
-0.0312548
-0.030849
-0.0304432
-0.0299806
-0.0260585
-0.025596
-0.0251334
-0.0246092
-0.020862
-0.0203378
-0.0203378
-0.0198136
-0.0192894
-0.0150228
-0.0144468
-0.0138707
-0.0132946
-0.0126758
-0.00874158
-0.00811537
-0.00748916
-0.00686295
-0.00329449
-0.00210689
-0.00145435
-0.000801807
-0.000149264
0.000524068
0.00317295
0.00384628
0.00451961
0.0052082
0.0076034
0.008292
0.00898059
0.0096805
0.0118128
0.0125127
0.0132126
0.0139126
0.0146152
0.0167188
0.0167188
0.0174214
0.018124
0.019789
0.0204835
0.0213201
0.0220146
0.0227091
0.0233913
0.0244719
0.0251541
0.0258363
0.0265185
0.0273154
0.0279798
0.0286441
0.0293085
0.0299428
0.0303841
0.0310184
0.0316527
0.0322569
0.0324246
0.0327103
0.0332973
0.0338843
0.0344713
0.0350199
0.0347993
0.0347993
0.0353479
0.0358965
0.0354229
0.0359275
0.0364322
0.0369368
0.0373788
0.0363304
0.0367724
0.0372144
0.0376565
0.0362701
0.0366258
0.0369815
0.0373372
0.0376929
0.0364092
0.0358631
0.0361545
0.0364459
0.0367373
0.0369591
0.0354193
0.035641
0.0358628
0.0359903
0.0342606
0.0343881
0.0343881
0.0345157
0.0346432
0.0322487
0.0322745
0.0323002
0.032326
0.0297552
0.0296497
0.0295442
0.0294386
0.0293331
0.0266263
0.0259281
0.0257302
0.0255322
0.0253343
0.0250406
0.0227664
0.0224727
0.0221789
0.021762
0.0194196
0.0190026
0.0185856
0.0181687
0.0176262
0.0147974
0.014255
0.0137125
0.0130693
0.0106999
0.00990078
0.00920751
0.00851424
0.00782097
0.0071277
0.00485688
0.00406467
0.00327246
0.00248024
-2.10206e-05
-0.000932823
-0.00184463
-0.00275643
-0.00366823
-0.00572545
-0.00717891
-0.00820311
-0.00922731
-0.0103343
-0.0114609
-0.0131335
-0.0142791
-0.0154247
-0.0165703
-0.018333
-0.0195491
-0.0207652
-0.0219813
-0.0233756
-0.0233581
-0.024598
-0.0258747
-0.0271514
-0.0284281
-0.0294204
-0.0307569
-0.0320933
-0.0334298
-0.0348065
-0.035307
-0.0366893
-0.0380716
-0.039454
-0.0394498
-0.0405085
-0.0419049
-0.0433014
-0.0446979
-0.0460932
-0.0459364
-0.0473318
-0.0487271
-0.0501225
-0.0514962
-0.0504839
-0.0518575
-0.0532312
-0.0545734
-0.0530307
-0.0537234
-0.0537234
-0.0550453
-0.0563673
-0.0576893
-0.0562621
-0.0575351
-0.0588081
-0.0600811
-0.058314
-0.0595277
-0.0607413
-0.061955
-0.0631003
-0.0601613
-0.0613066
-0.0624519
-0.0635972
-0.0646468
-0.0612622
-0.0623118
-0.0633613
-0.0643064
-0.0652514
-0.061468
-0.0624131
-0.0633581
-0.0641703
-0.0600163
-0.0600163
-0.0598121
-0.0606243
-0.0614365
-0.0621577
-0.0587534
-0.0594746
-0.0601958
-0.0608257
-0.0572602
-0.0578901
-0.05852
-0.0590372
-0.0584989
-0.0547824
-0.0552996
-0.0558168
-0.0562246
-0.0523802
-0.0506606
-0.0510471
-0.0514335
-0.0517368
-0.047862
-0.0481653
-0.0484685
-0.0486922
-0.0489159
-0.0450275
-0.0452512
-0.045475
-0.045475
-0.0456054
-0.040724
-0.0408544
-0.0409848
-0.0410291
-0.0371744
-0.0353083
-0.0353363
-0.0353644
-0.0353302
-0.0352961
-0.0315758
-0.0315417
-0.0315075
-0.0314161
-0.0277866
-0.0276951
-0.0276037
-0.0274477
-0.0272916
-0.0237609
-0.0236048
-0.0234028
-0.0231901
-0.0189963
-0.0187732
-0.0185501
-0.0183269
-0.0180654
-0.0143865
-0.0141249
-0.0138634
-0.0136018
-0.00996973
-0.00903145
-0.00872893
-0.0084264
-0.00812388
-0.00778826
-0.00503447
-0.00469316
-0.00435185
-0.00401054
-0.00144818
-0.00108718
-0.000726182
-0.000365186
1.066e-05
0.00283785
0.00321369
0.00358954
0.00396538
0.00606935
0.00685081
0.00761868
0.00800458
0.00839633
0.00878809
0.0101802
0.010572
0.0109637
0.0113555
0.0117457
0.0135738
0.0139639
0.0143541
0.0147355
0.0160274
0.0167854
0.0171642
0.0175429
0.0179216
0.0182869
0.01926
0.0196253
0.0199906
0.0203381
0.0210986
0.0214461
0.0217935
0.022141
0.0226873
0.0230062
0.0233251
0.023644
0.0239276
0.0242485
0.0245322
0.0248158
0.0250576
0.0251438
0.0250078
0.0252404
0.0254731
0.0257057
0.0258993
0.0257124
0.025906
0.0260995
0.0262931
0.0264436
0.0259325
0.026083
0.0262336
0.0263251
0.0255743
0.0256658
0.0255696
0.0256611
0.025688
0.0257015
0.0249077
0.0249212
0.0249346
0.0248921
0.0239648
0.0239223
0.0238797
0.0238372
0.0238372
0.022419
0.022419
0.0223026
0.0221863
0.0207569
0.0205475
0.0200883
0.019879
0.0196696
0.0193963
0.0181243
0.017851
0.0175777
0.0173043
0.0169661
0.0154063
0.0150681
0.0147299
0.0143105
0.0127399
0.0121022
0.0116828
0.0112634
0.010764
0.0102489
0.00890903
0.00839392
0.00787881
0.00730196
0.00672512
0.00524542
0.00466857
0.00466857
0.00403243
0.0033963
0.00202945
0.00139331
0.000687574
-1.81637e-05
-0.00125126
-0.00203575
-0.00274149
-0.00351056
-0.00429145
-0.00507233
-0.00607362
-0.0068545
-0.00767944
-0.00850437
-0.00932931
-0.0102051
-0.0110301
-0.0119022
-0.0127744
-0.0134962
-0.0143031
-0.0151293
-0.0160389
-0.0169548
-0.0178707
-0.0174482
-0.0183641
-0.0192799
-0.0202163
-0.0205415
-0.0214779
-0.0224143
-0.0233639
-0.0243136
-0.0242281
-0.0251777
-0.0261333
-0.0270888
-0.0269983
-0.0276622
-0.0283142
-0.0292637
-0.0302107
-0.0311576
-0.0307716
-0.0317186
-0.0326504
-0.0335822
-0.034514
-0.0335199
-0.0344517
-0.0353612
-0.0362706
-0.0371801
-0.0358894
-0.0358894
-0.0367614
-0.0376333
-0.0365592
-0.0363994
-0.037224
-0.0380485
-0.0388731
-0.0396977
-0.0383461
-0.0391144
-0.0398704
-0.0406264
-0.0390632
-0.0398192
-0.0405752
-0.0412792
-0.0419832
-0.0396062
-0.0403102
-0.0409432
-0.0415763
-0.0389551
-0.0395882
-0.0395526
-0.0401093
-0.040666
-0.0412228
-0.0390551
-0.0395479
-0.040008
-0.040008
-0.0376803
-0.0381404
-0.0386006
-0.0389945
-0.0393884
-0.0362434
-0.0366373
-0.0370313
-0.0373584
-0.0348404
-0.0337487
-0.0340758
-0.0343198
-0.0345639
-0.0348079
-0.0322356
-0.0324796
-0.0326421
-0.0327885
-0.032935
-0.0296259
-0.0297723
-0.0298557
-0.0299392
-0.0300226
-0.0267563
-0.0267788
-0.0268013
-0.0268237
-0.023635
-0.023635
-0.0230346
-0.0229843
-0.0229341
-0.0228838
-0.0204131
-0.0202944
-0.0201624
-0.0200305
-0.0176
-0.017468
-0.0173361
-0.0171532
-0.0169704
-0.0140946
-0.0139118
-0.0136693
-0.0134268
-0.0131843
-0.0104616
-0.0101746
-0.00987703
-0.00956896
-0.00743979
-0.00670015
-0.00597027
-0.00562221
-0.00562221
-0.00527414
-0.00333958
-0.00299152
-0.00260655
-0.00222158
-0.000419487
-3.45164e-05
0.000392066
0.000818649
0.00124523
0.003191
0.00361758
0.00408064
0.00455039
0.00502014
0.00671848
0.00718822
0.00768268
0.00817713
0.00944148
0.0100985
0.0107435
0.0112595
0.0117755
0.0122914
0.0132885
0.0138269
0.0143653
0.0143653
0.0151902
0.0157286
0.0162846
0.0168436
0.0174942
0.0180532
0.0186121
0.019171
0.0197399
0.0201502
0.020719
0.0212879
0.0218638
0.0224397
0.0225555
0.0231314
0.0237121
0.0242929
0.0242909
0.0246966
0.0250905
0.0256719
0.0262528
0.0268338
0.0265526
0.0271335
0.0277115
0.0282894
0.0278256
0.0284036
0.0289762
0.0289762
0.0295488
0.0285774
0.0291501
0.0297227
0.0302856
0.0294288
0.0296122
0.0297859
0.0303361
0.0308864
0.0314366
0.0303364
0.0308866
0.0314215
0.0319531
0.0306918
0.0312233
0.0317549
0.0322724
0.0327898
0.0308815
0.0313989
0.0319012
0.0324034
0.0308296
0.0307953
0.0307383
0.0312245
0.0317107
0.0317107
0.0299592
0.0304454
0.0309109
0.0313764
0.0295086
0.0299741
0.0304186
0.0308589
0.0312993
0.0287077
0.029148
0.0295883
0.0300122
0.0285644
0.0277216
0.0281455
0.0285535
0.0289616
0.0261452
0.0265532
0.0262891
0.0266787
0.0270683
0.0274579
0.0252069
0.0255801
0.0259503
0.0263205
0.0240148
0.024385
0.0247444
0.0247444
0.0251039
0.0220804
0.0224398
0.0227992
0.0231481
0.0200839
0.0197475
0.0200963
0.0204384
0.0207796
0.0211208
0.018715
0.0190562
0.0193974
0.019737
0.0173241
0.0176637
0.0180032
0.0183443
0.0159331
0.0162741
0.0166151
0.0169562
0.0173036
0.0142203
0.0145677
0.0149151
0.0152744
0.0152744
0.0122234
0.0125827
0.0129419
0.0133187
0.0136997
0.0106967
0.0110777
0.0114586
0.0118396
0.00888306
0.00928307
0.00901491
0.00941493
0.009844
0.0102731
0.0080386
0.00846767
0.00889674
0.0093606
0.00717344
0.0076373
0.00810117
0.00859688
0.0091011
0.006312
0.00682493
0.00733786
0.0078508
0.00576143
0.00498989
0.00553976
0.00553976
0.00608963
0.00667962
0.00461718
0.00520717
0.00579716
0.00638714
0.00435892
0.0050032
0.00564747
0.00629175
0.00699447
0.00431731
0.00502003
0.00572275
0.00642547
0.00719031
0.00453219
0.00530985
0.00608752
0.00686518
0.00418715
0.00501728
0.00513541
0.00596555
0.00679568
0.00767996
0.00567577
0.00656005
0.00744433
0.00839817
0.00639095
0.00639095
0.00829862
0.00829862
0.00932351
0.00654602
0.00758525
0.00862448
0.00966372
0.0076047
0.00789721
0.00818322
0.00928014
0.0104351
0.01159
0.00943293
0.0105879
0.0117428
0.0129704
0.0141979
0.00989409
0.0111216
0.0123492
0.0136489
0.0104677
0.0108589
0.012173
0.0134871
0.0148583
0.0162295
0.0138269
0.0151981
0.0165693
0.0179969
0.0155154
0.016943
0.0183706
0.0198537
0.0213368
0.0177339
0.0192171
0.0207002
0.0222513
0.0184845
0.0200357
0.0204945
0.0221121
0.0237296
0.0253472
0.0208792
0.0224967
0.0241791
0.0258742
0.0229396
0.0246347
0.0263298
0.0280753
0.0298208
0.0255409
0.0272864
0.0290318
0.0308266
0.0263144
0.0281092
0.0286069
0.0304499
0.0322928
0.0341357
0.0306671
0.0325686
0.0344701
0.0363716
0.038273
0.0332978
0.035256
0.0372253
0.0391947
0.0353967
0.034404
0.0364172
0.0384305
0.0384305
0.0404437
0.036372
0.038428
0.040484
0.04254
0.0382909
0.0403989
0.0425069
0.044615
0.046723
0.0406319
0.0427902
0.0449585
0.0471267
0.0424783
0.0411517
0.0433589
0.0455661
0.0477733
0.0499805
0.0450629
0.0473081
0.0495534
0.0517986
0.0466521
0.0489346
0.0512171
0.0512171
0.0534996
0.0462279
0.0485559
0.0508839
0.0532118
0.0476501
0.0459967
0.0483778
0.050759
0.0531401
0.0555213
0.0497267
0.0521426
0.0545585
0.0569744
0.0509736
0.0534237
0.0558738
0.058324
0.0607741
0.0524643
0.0549565
0.0574488
0.059941
0.0536025
0.0538895
0.0541722
0.0567142
0.0592562
0.0617981
0.0552118
0.0552118
0.0577864
0.0603611
0.0535763
0.0561834
0.0587905
0.0613976
0.0640048
0.054636
0.0572833
0.0599306
0.0625779
0.0554285
0.0531469
0.0558421
0.0585373
0.0612324
0.0639276
0.0565787
0.0593056
0.0620324
0.0647593
0.0674862
0.0574061
0.0601725
0.0629389
0.0657053
0.0553845
0.0527279
0.0555415
0.0583552
0.0611688
0.0639825
0.0560592
0.0589044
0.0617495
0.0645946
0.0565273
0.0594039
0.0622805
0.0651571
0.0680337
0.0570695
0.0599854
0.0629014
0.0658174
0.0687334
0.0575294
0.0604927
0.063456
0.0664193
0.0549203
0.0579153
0.05798
0.060975
0.06397
0.066965
0.0581514
0.0611862
0.0611862
0.0642211
0.0552097
0.0582845
0.0613675
0.0644504
0.0553032
0.0583861
0.0615011
0.0646162
0.0677313
0.0553241
0.0584392
0.0615865
0.0647338
0.0678811
0.0552687
0.0584563
0.0616439
0.0648314
0.0552343
0.0552319
0.055227
0.0584628
0.0616986
0.0649344
0.0551325
0.0584004
0.0584004
0.0616684
0.0517306
0.0549985
0.0582985
0.0615985
0.0648985
0.0514699
0.0548098
0.0581497
0.0614895
0.0512857
0.0478056
0.051185
0.0545723
0.0579595
0.0613467
0.0510081
0.0544265
0.0578449
0.0612634
0.0508547
0.0543039
0.057753
0.0612022
0.0646514
0.0506939
0.0541808
0.0576678
0.0576678
0.0436176
0.0471045
0.0471047
0.0506358
0.054167
0.0576981
0.0470772
0.0506083
0.054168
0.0577276
0.0470426
0.0506023
0.0541619
0.0577562
0.0613505
0.0470132
0.0506075
0.0542354
0.0578633
0.0470471
0.0434199
0.047074
0.0507345
0.0544014
0.0580683
0.0471574
0.0508243
0.0545163
0.0582083
0.0435412
0.0472331
0.0509251
0.0546474
0.0436154
0.0473377
0.05106
0.0547823
0.0585337
0.043725
0.0474821
0.0512392
0.0549963
0.0587701
0.0438421
0.0476159
0.0513897
0.0551635
0.0589642
0.0439233
0.047724
0.0515247
0.0553509
0.0401891
0.0440154
0.0440234
0.0478496
0.0517001
0.0555506
0.0440485
0.047899
0.047899
0.0517725
0.0401653
0.0440433
0.0479213
0.0517993
0.0556946
0.0400744
0.0439697
0.0478651
0.0517604
0.0360309
0.0360036
0.0399154
0.0438271
0.0477544
0.0516817
0.0398268
0.0437541
0.0476814
0.0516268
0.039762
0.0437075
0.0476529
0.0516151
0.0397565
0.0437219
0.0476873
0.0516527
0.0594801
0.0475108
0.0553383
0.0631657
0.0708804
0.0708804
0.0587649
0.0664796
0.0741943
0.0817951
0.0733588
0.0727183
0.0803191
0.0879199
0.0953728
0.102826
0.0930073
0.10046
0.107752
0.115044
0.103687
0.110979
0.118129
0.125242
0.132316
0.113887
0.120962
0.128036
0.134951
0.141866
0.11404
0.120955
0.12787
0.134784
0.141484
0.118465
0.125165
0.131865
0.138337
0.119997
0.12013
0.120232
0.126657
0.13289
0.139124
0.119828
0.126061
0.1321
0.138139
0.118436
0.124474
0.130513
0.136354
0.142196
0.115844
0.121685
0.127278
0.127278
0.107246
0.106459
0.105684
0.111276
0.11662
0.121964
0.101949
0.107293
0.112637
0.117731
0.122826
0.0965007
0.101595
0.106441
0.111287
0.0912583
0.0837629
0.0886086
0.0932063
0.0977546
0.102303
0.0823714
0.0869197
0.091271
0.0956222
0.0697803
0.0697803
0.0741316
0.0782871
0.0824426
0.0569169
0.0610725
0.0593585
0.0632717
0.0671849
0.0710982
0.0517691
0.0554432
0.0591174
0.0627916
0.0664657
0.0416498
0.0450888
0.0485277
0.0519667
0.0441951
0.0308423
0.0340505
0.0372132
0.0403759
0.0164414
0.0196041
0.0172576
0.0202402
0.0202402
0.00222329
0.00520587
0.00801193
0.010818
0.013624
-0.00403491
-0.00122885
0.00136222
0.00395329
-0.0133487
-0.0107577
-0.00837458
-0.00603219
-0.0036898
-0.0253598
-0.0230174
-0.0208346
-0.0186519
-0.0164691
-0.0373027
-0.0352743
-0.0332459
-0.0312175
-0.0511571
-0.0511571
-0.053392
-0.0515486
-0.0497053
-0.047862
-0.0626247
-0.0609572
-0.0593237
-0.0576902
-0.0560567
-0.0741484
-0.0725149
-0.0710135
-0.0695121
-0.0829409
-0.0850513
-0.0872384
-0.0858625
-0.0844867
-0.0831108
-0.0956425
-0.0944141
-0.0931857
-0.0919573
-0.103806
-0.102714
-0.101649
-0.100583
-0.100583
-0.114601
-0.113536
-0.11257
-0.111604
-0.124467
-0.126116
-0.125243
-0.12437
-0.123497
-0.122624
-0.131813
-0.131046
-0.130279
-0.129512
-0.137975
-0.137303
-0.136649
-0.135994
-0.143701
-0.143047
-0.142459
-0.141871
-0.141283
-0.150047
-0.149459
-0.148931
-0.148403
-0.147874
-0.156026
-0.155498
-0.155035
-0.154571
-0.159785
-0.161886
-0.161423
-0.161015
-0.160606
-0.160198
-0.164383
-0.164019
-0.163664
-0.163308
-0.166854
-0.166498
-0.16617
-0.165842
-0.168749
-0.168422
-0.168116
-0.16781
-0.167504
-0.170342
-0.170036
-0.169747
-0.169457
-0.171282
-0.171684
-0.171395
-0.171119
-0.170843
-0.170567
-0.171061
-0.17079
-0.17052
-0.17025
-0.17058
-0.170309
-0.170038
-0.169767
-0.169496
-0.169013
-0.168737
-0.16846
-0.168184
-0.166941
-0.166373
-0.166084
-0.165796
-0.165507
-0.165219
-0.163522
-0.163522
-0.163215
-0.162908
-0.162602
-0.159968
-0.159632
-0.159297
-0.158961
-0.158625
-0.155408
-0.155049
-0.154691
-0.154332
-0.151336
-0.150248
-0.149145
-0.148761
-0.148377
-0.147992
-0.144544
-0.144125
-0.143706
-0.143287
-0.139586
-0.139129
-0.138672
-0.138216
-0.137727
-0.132919
-0.132414
-0.132414
-0.131909
-0.127784
-0.125421
-0.124883
-0.124345
-0.123806
-0.123268
-0.118939
-0.118358
-0.117776
-0.117195
-0.116614
-0.11115
-0.110525
-0.1099
-0.109275
-0.104703
-0.102075
-0.101397
-0.10072
-0.100042
-0.0993644
-0.0947442
-0.0940318
-0.0933194
-0.092607
-0.088027
-0.0872804
-0.0865338
-0.0857871
-0.0857871
-0.0803087
-0.0795205
-0.0787323
-0.0779441
-0.0734853
-0.0717586
-0.0700324
-0.0691966
-0.0683608
-0.067525
-0.0631862
-0.0623204
-0.0614546
-0.0605887
-0.0564059
-0.0555116
-0.0546173
-0.053723
-0.0528288
-0.0480042
-0.0470768
-0.0461493
-0.0452219
-0.0442701
-0.0397257
-0.0387625
-0.0377992
-0.0377992
-0.036836
-0.0326279
-0.0316435
-0.030659
-0.0296745
-0.0258154
-0.024812
-0.0232802
-0.0222768
-0.0212733
-0.0202493
-0.0172727
-0.0162488
-0.0152248
-0.0142009
-0.0114697
-0.0104262
-0.00938265
-0.00833911
-0.00729557
-0.00450664
-0.00345312
-0.0023996
-0.00134608
-0.000285095
0.00208255
0.00314354
0.00420453
0.00526551
0.00633227
0.00720174
0.0082685
0.00933526
0.010402
0.0114705
0.0129653
0.0140337
0.0151021
0.0161705
0.0172579
0.0182286
0.0192949
0.0203612
0.0214276
0.0224893
0.0231495
0.0242112
0.0252729
0.0263275
0.0267044
0.027759
0.0288136
0.0298559
0.0308982
0.0307138
0.0317561
0.0317561
0.0327985
0.032187
0.0332135
0.033864
0.0348904
0.0358974
0.0369001
0.0362413
0.037244
0.0382467
0.0392309
0.0383087
0.0392929
0.0402771
0.0412613
0.042225
0.0404862
0.0414499
0.0424136
0.0433549
0.0412693
0.0422106
0.0425099
0.043421
0.044332
0.045243
0.0434697
0.0443546
0.0452329
0.0461043
0.0441131
0.0441131
0.0449845
0.0458559
0.0466992
0.0437297
0.0445729
0.0454162
0.0462224
0.0438033
0.0437802
0.0437481
0.0445543
0.0453216
0.0460808
0.0434014
0.0441606
0.0449199
0.0456465
0.0463731
0.0426227
0.0433493
0.0440423
0.0447354
0.0417207
0.0414711
0.0412155
0.0418742
0.0425328
0.0431915
0.0393423
0.040001
0.0406157
0.0412304
0.037919
0.0385337
0.0391037
0.0396646
0.0402254
0.0357926
0.0363535
0.0368781
0.0374027
0.0379272
0.0323682
0.0328927
0.0333807
0.0338687
0.0343567
0.030755
0.0311971
0.0316393
0.0320814
0.0325236
0.0278406
0.028237
0.0286242
0.0290115
0.0242865
0.0236554
0.0240064
0.0240064
0.0243574
0.0247085
0.0210078
0.0213229
0.021638
0.0219531
0.0182638
0.0185348
0.0188059
0.0190769
0.0193479
0.014705
0.014933
0.0151527
0.0153723
0.0117511
0.0100847
0.0102711
0.0104576
0.010644
0.0108304
0.00728815
0.00744241
0.00759667
0.00775093
0.0043187
0.00443428
0.00443428
0.00466544
0.00119981
0.00131539
0.00139417
0.00146583
0.00153749
-0.00253947
-0.00246781
-0.00239615
-0.00235216
-0.0062404
-0.00619641
-0.00691175
-0.00690041
-0.00688907
-0.00687773
-0.00981001
-0.00979867
-0.00981775
-0.00984264
-0.0126569
-0.0126818
-0.0127067
-0.0127539
-0.0128011
-0.0161099
-0.0161571
-0.0162043
-0.0162772
-0.0187735
-0.0194259
-0.0200676
-0.0200676
-0.0201405
-0.0202366
-0.0225002
-0.0225963
-0.0226925
-0.0228094
-0.0229301
-0.0250435
-0.0251642
-0.025285
-0.0254057
-0.0277825
-0.0279176
-0.0280527
-0.0281878
-0.0283386
-0.0304516
-0.0306024
-0.0307532
-0.0309039
-0.0327493
-0.0329156
-0.0330818
-0.0332481
-0.0334143
-0.034733
-0.0351658
-0.0354132
-0.0355877
-0.0357623
-0.0359435
-0.037005
-0.0371863
-0.0373675
-0.037554
-0.0377404
-0.0387857
-0.0389722
-0.0391629
-0.0393536
-0.0401428
-0.0404227
-0.0406134
-0.0408062
-0.0409992
-0.0411921
-0.0416426
-0.0418356
-0.0420282
-0.0422209
-0.0425163
-0.0427089
-0.0429
-0.0430911
-0.0432821
-0.0433925
-0.0435836
-0.0437718
-0.04396
-0.0441482
-0.0438465
-0.0440347
-0.0442176
-0.0444005
-0.0441911
-0.0442558
-0.0443056
-0.0444798
-0.044654
-0.0448283
-0.0444217
-0.044596
-0.0447631
-0.0449302
-0.0444
-0.0445671
-0.0447343
-0.0448912
-0.0442424
-0.0443993
-0.0445562
-0.0447016
-0.0448445
-0.0438397
-0.0439826
-0.0441255
-0.0442581
-0.0433693
-0.0429593
-0.0429593
-0.0430919
-0.0432135
-0.0433351
-0.0423126
-0.0424342
-0.0425558
-0.0426628
-0.0415543
-0.0416613
-0.0417683
-0.0418599
-0.0419514
-0.0404369
-0.0405284
-0.04062
-0.0406955
-0.0394235
-0.0391524
-0.0388788
-0.038951
-0.03901
-0.0390689
-0.0377204
-0.0377793
-0.0378383
-0.0378803
-0.036483
-0.036525
-0.036525
-0.0365671
-0.0351469
-0.0351718
-0.0351967
-0.0352216
-0.0352465
-0.0334068
-0.033411
-0.0334153
-0.0334195
-0.0334238
-0.0315729
-0.0315634
-0.031554
-0.0315446
-0.0296873
-0.029297
-0.029274
-0.029251
-0.029228
-0.0291884
-0.0276912
-0.0276515
-0.0276119
-0.0275593
-0.0260698
-0.0260107
-0.0259517
-0.0258927
-0.0258337
-0.024014
-0.024014
-0.0239425
-0.023871
-0.0237995
-0.0220396
-0.0219531
-0.0218667
-0.0217802
-0.0200755
-0.0196603
-0.0195569
-0.0194534
-0.01935
-0.0192465
-0.0179069
-0.0177928
-0.0176787
-0.0175646
-0.0162802
-0.016156
-0.0160318
-0.0159076
-0.0157835
-0.0142698
-0.0141338
-0.0139979
-0.013862
-0.0137261
-0.0124506
-0.012304
-0.0121573
-0.0120107
-0.0109215
-0.0101627
-0.0101627
-0.0100046
-0.00984652
-0.00968844
-0.00868944
-0.00852461
-0.00835979
-0.00819496
-0.00726425
-0.00709339
-0.00692254
-0.00675169
-0.00589689
-0.00572074
-0.00554459
-0.00536844
-0.0051923
-0.00444612
-0.00426438
-0.00408265
-0.00390091
-0.00371917
-0.00290922
-0.00272305
-0.00253688
-0.00235071
-0.00166374
-0.00138887
-0.0011989
-0.00100893
-0.000818957
-0.000628985
-0.000144693
4.69025e-05
0.000238498
0.000430094
0.000837383
0.00102989
0.00122239
0.00141489
0.00174514
0.00193785
0.00213055
0.00232326
0.00251596
0.00277329
0.00277329
0.00296528
0.00315727
0.00334926
0.00348917
0.00367939
0.00386961
0.00405983
0.00412505
0.00422275
0.00440948
0.00459621
0.00478294
0.00496967
0.00492098
0.00510459
0.0052882
0.00547181
0.00535161
0.0055315
0.0057114
0.00589129
0.00570703
0.0058815
0.00605597
0.00623043
0.0064049
0.00603476
0.00620299
0.0063699
0.0065368
0.00620875
0.00624358
0.00610827
0.00626955
0.00643084
0.00659212
0.006181
0.00633624
0.00649149
0.00664673
0.00618257
0.00633781
0.00648497
0.00663212
0.00677927
0.00626401
0.00640255
0.0065393
0.00667606
0.00593007
0.00606682
0.00619629
0.00632575
0.00645522
0.00564739
0.00577686
0.00589878
0.0060207
0.00535798
0.0052794
0.00518946
0.00530166
0.00530166
0.00552604
0.00470255
0.00480474
0.00490693
0.00500912
0.00426692
0.00436911
0.0044611
0.00455104
0.00356253
0.00365247
0.00374241
0.00383235
0.00391402
0.00311875
0.00275826
0.00283994
0.00291123
0.00298252
0.00305381
0.0022355
0.00229848
0.00235938
0.0024182
0.00247703
0.00141839
0.00147722
0.00152779
0.00157835
0.000735361
0.000563144
0.00034074
0.000383126
0.000425513
0.000467899
-0.000374228
-0.000331842
-0.000299505
-0.000267167
-0.00110794
-0.00107561
-0.00105305
-0.00103242
-0.00101179
-0.00206029
-0.00203966
-0.0020247
-0.00200974
-0.00282807
-0.00301795
-0.0032155
-0.00320969
-0.00320388
-0.00319808
-0.00398982
-0.00399273
-0.00399734
-0.00400194
-0.00477662
-0.00478123
-0.00479239
-0.00480355
-0.00480355
-0.00573467
-0.00574583
-0.00576323
-0.00578062
-0.00649705
-0.0066838
-0.00687563
-0.00690032
-0.00692501
-0.00694969
-0.00762034
-0.00765175
-0.00768443
-0.00771711
-0.00850461
-0.0085373
-0.00266533
-0.00266533
-0.00266533
-0.0033592
-0.0034904
-0.0034904
-0.0034904
-0.0034904
-0.0034904
-0.00399147
-0.00399147
-0.00399147
-0.00399147
-0.00446333
-0.00446333
-0.00446333
-0.00446333
-0.00446333
-0.00503205
-0.00503205
-0.00503205
-0.00503205
-0.00548276
-0.00570883
-0.00570883
-0.00570883
-0.00570883
-0.00570883
-0.00616367
-0.00616367
-0.00616367
-0.00616367
-0.00673561
-0.00673561
-0.00673561
-0.00673561
-0.00673561
-0.00719143
-0.00741708
-0.00741708
-0.00741708
-0.00741708
-0.00741708
-0.00786047
-0.00786047
-0.00786047
-0.00786047
-0.00786047
-0.00839353
-0.00839353
-0.00839353
-0.00839353
-0.00889563
-0.00899182
-0.00899182
-0.00899182
-0.00899182
-0.00899182
-0.00936149
-0.00936149
-0.00936149
-0.00936149
-0.00970619
-0.00970619
-0.00970619
-0.00970619
-0.0100255
-0.0100255
-0.0100255
-0.0100255
-0.0100255
-0.0103894
-0.0103894
-0.0103894
-0.0103894
-0.0103894
-0.0107154
-0.0107154
-0.0107154
-0.0107154
-0.0110053
-0.0110053
-0.0110591
-0.0110591
-0.0110591
-0.0110591
-0.0112608
-0.0112608
-0.0112608
-0.0112608
-0.0114415
-0.0114415
-0.0114415
-0.0114415
-0.0114415
-0.0116393
-0.0116393
-0.0116393
-0.0116393
-0.0116393
-0.0118068
-0.0118068
-0.0118068
-0.0118068
-0.0119452
-0.0119452
-0.0119694
-0.0119694
-0.0119694
-0.0119694
-0.0120553
-0.0120553
-0.0120553
-0.0120553
-0.0121238
-0.0121238
-0.0121238
-0.0121238
-0.0121755
-0.0121755
-0.0121755
-0.0121755
-0.0121755
-0.0122173
-0.0122173
-0.0122173
-0.0122173
-0.0122173
-0.0122347
-0.0122347
-0.0122347
-0.0122347
-0.0122347
-0.012229
-0.012229
-0.012229
-0.012229
-0.012229
-0.0122015
-0.0122015
-0.0122015
-0.0122015
-0.0121646
-0.0121415
-0.0121415
-0.0121415
-0.0121415
-0.0121415
-0.0120863
-0.0120863
-0.0120863
-0.0120863
-0.0120198
-0.0120198
-0.0120198
-0.0120198
-0.011943
-0.011943
-0.011943
-0.011943
-0.011943
-0.0118335
-0.0118335
-0.0118335
-0.0118335
-0.0118335
-0.0117103
-0.0117103
-0.0117103
-0.0117103
-0.0115747
-0.0115747
-0.0115463
-0.0115463
-0.0115463
-0.0115463
-0.0114281
-0.0114281
-0.0114281
-0.0114281
-0.0113036
-0.0113036
-0.0113036
-0.0113036
-0.0111737
-0.0111737
-0.0111737
-0.0111737
-0.0111737
-0.0110045
-0.0110045
-0.0110045
-0.0110045
-0.0108645
-0.0107932
-0.0107932
-0.0107932
-0.0107932
-0.0107932
-0.0106482
-0.0106482
-0.0106482
-0.0106482
-0.0105006
-0.0105006
-0.0105006
-0.0105006
-0.0105006
-0.0103133
-0.0103133
-0.0103133
-0.0103133
-0.0103133
-0.0101238
-0.0101238
-0.0101238
-0.0101238
-0.00993306
-0.00993306
-0.00989485
-0.00989485
-0.00989485
-0.00989485
-0.009742
-0.009742
-0.009742
-0.009742
-0.009742
-0.00955153
-0.00955153
-0.00955153
-0.00955153
-0.00940022
-0.00932506
-0.00932506
-0.00932506
-0.00932506
-0.00932506
-0.00917597
-0.00917597
-0.00917597
-0.00917597
-0.00902882
-0.00902882
-0.00902882
-0.00902882
-0.00902882
-0.00884814
-0.00884814
-0.00884814
-0.00884814
-0.00867163
-0.00867163
-0.00863687
-0.00863687
-0.00863687
-0.00863687
-0.00849976
-0.00849976
-0.00849976
-0.00849976
-0.00836592
-0.00836592
-0.00836592
-0.00836592
-0.00836592
-0.00820358
-0.00820358
-0.00820358
-0.00820358
-0.0080471
-0.00801654
-0.00801654
-0.00801654
-0.00801654
-0.00801654
-0.0078968
-0.0078968
-0.0078968
-0.0078968
-0.00778117
-0.00778117
-0.00778117
-0.00778117
-0.00778117
-0.00764265
-0.00764265
-0.00764265
-0.00764265
-0.00764265
-0.00751099
-0.00751099
-0.00751099
-0.00751099
-0.00741071
-0.00736228
-0.00736228
-0.00736228
-0.00736228
-0.00736228
-0.00726885
-0.00726885
-0.00726885
-0.00726885
-0.00718002
-0.00718002
-0.00718002
-0.00718002
-0.00709583
-0.00709583
-0.00709583
-0.00709583
-0.00709583
-0.00699711
-0.00699711
-0.00699711
-0.00699711
-0.0069233
-0.00690556
-0.00688811
-0.00688811
-0.00688811
-0.00688811
-0.00682108
-0.00682108
-0.00682108
-0.00682108
-0.00682108
-0.00674353
-0.00674353
-0.00674353
-0.00674353
-0.00674353
-0.00667276
-0.00667276
-0.00667276
-0.00667276
-0.00667276
-0.00660861
-0.00660861
-0.00660861
-0.00660861
-0.00655091
-0.00654012
-0.00654012
-0.00654012
-0.00654012
-0.00654012
-0.00649947
-0.00649947
-0.00649947
-0.00649947
-0.00649947
-0.00645411
-0.00645411
-0.00645411
-0.00645411
-0.00641464
-0.00641464
-0.00640743
-0.00640743
-0.00640743
-0.00640743
-0.00638086
-0.00638086
-0.00638086
-0.00638086
-0.00638086
-0.00635256
-0.00635256
-0.00635256
-0.00635256
-0.00633369
-0.00632545
-0.00632545
-0.00632545
-0.00632545
-0.00632545
-0.0063113
-0.0063113
-0.0063113
-0.0063113
-0.0063113
-0.00629778
-0.00629778
-0.00629778
-0.00629778
-0.00629778
-0.00628862
-0.00628862
-0.00628862
-0.00628862
-0.00628349
-0.00628349
-0.00628292
-0.00628292
-0.00628292
-0.00628292
-0.00628207
-0.00628207
-0.00628207
-0.00628207
-0.00628207
-0.00628401
-0.00628401
-0.00628401
-0.00628401
-0.00628401
-0.00628898
-0.00628898
-0.00628898
-0.00628898
-0.00629669
-0.00629669
-0.00629854
-0.00629854
-0.00629854
-0.00629854
-0.00630691
-0.00630691
-0.00630691
-0.00630691
-0.0063167
-0.0063167
-0.0063167
-0.0063167
-0.00632774
-0.00632774
-0.00632774
-0.00632774
-0.00632774
-0.00634305
-0.00634305
-0.00634305
-0.00634305
-0.00634305
-0.00635978
-0.00635978
-0.00635978
-0.00635978
-0.00637765
-0.00638133
-0.00638133
-0.00638133
-0.00638133
-0.00638133
-0.00639638
-0.00639638
-0.00639638
-0.00639638
-0.00641181
-0.00641181
-0.00641181
-0.00641181
-0.00641181
-0.00643142
-0.00643142
-0.00643142
-0.00643142
-0.00644724
-0.00645515
-0.00645515
-0.00645515
-0.00645515
-0.00645515
-0.00647093
-0.00647093
-0.00647093
-0.00647093
-0.00647093
-0.00649043
-0.00649043
-0.00649043
-0.00649043
-0.00650954
-0.00650954
-0.0065133
-0.0065133
-0.0065133
-0.0065133
-0.0065281
-0.0065281
-0.0065281
-0.0065281
-0.00654247
-0.00654247
-0.00654247
-0.00654247
-0.00654247
-0.00655972
-0.00655972
-0.00655972
-0.00655972
-0.00655972
-0.0065761
-0.0065761
-0.0065761
-0.0065761
-0.00659147
-0.00659147
-0.00659441
-0.00659441
-0.00659441
-0.00659441
-0.00660571
-0.00660571
-0.00660571
-0.00660571
-0.00660571
-0.00661872
-0.00661872
-0.00661872
-0.00661872
-0.00663039
-0.00663256
-0.00663256
-0.00663256
-0.00663256
-0.00663256
-0.00664066
-0.00664066
-0.00664066
-0.00664066
-0.00664785
-0.00664785
-0.00664785
-0.00664785
-0.00665409
-0.00665409
-0.00665409
-0.00665409
-0.00665409
-0.00666056
-0.00666056
-0.00666056
-0.00666056
-0.00666056
-0.00666553
-0.00666553
-0.00666553
-0.00666553
-0.00666842
-0.006669
-0.00666951
-0.00666951
-0.00666951
-0.00666951
-0.00667094
-0.00667094
-0.00667094
-0.00667094
-0.0066714
-0.0066714
-0.0066714
-0.0066714
-0.0066714
-0.00667062
-0.00667062
-0.00667062
-0.00667062
-0.00667062
-0.00666835
-0.00666835
-0.00666835
-0.00666835
-0.00666462
-0.00666462
-0.00666462
-0.00666462
-0.00666462
-0.00665945
-0.00665945
-0.00665825
-0.00665825
-0.00665825
-0.00665825
-0.00665289
-0.00665289
-0.00665289
-0.00665289
-0.00665289
-0.00664504
-0.00664504
-0.00664504
-0.00664504
-0.00663789
-0.00663598
-0.00663598
-0.00663598
-0.00663598
-0.00662792
-0.0066258
-0.00662363
-0.00662363
-0.00662363
-0.00662363
-0.00661452
-0.00661452
-0.00661452
-0.00661452
-0.00661452
-0.00660218
-0.00660218
-0.00660218
-0.00660218
-0.00658882
-0.00658602
-0.00658602
-0.00658602
-0.00658602
-0.00658602
-0.00657445
-0.00657445
-0.00657445
-0.00657445
-0.00656224
-0.00656224
-0.00656224
-0.00656224
-0.0065461
-0.0065461
-0.0065461
-0.0065461
-0.0065461
-0.00652906
-0.00652906
-0.00652555
-0.00652555
-0.00652555
-0.00652555
-0.00651117
-0.00651117
-0.00651117
-0.00651117
-0.00651117
-0.00649253
-0.00649253
-0.00649253
-0.00649253
-0.00647317
-0.00647317
-0.00647317
-0.00647317
-0.00647317
-0.00645718
-0.00645312
-0.00644903
-0.00644903
-0.00644903
-0.00644903
-0.00643242
-0.00643242
-0.00643242
-0.00643242
-0.00643242
-0.00641111
-0.00641111
-0.00641111
-0.00641111
-0.00638922
-0.00638922
-0.00638922
-0.00638922
-0.00638922
-0.00637134
-0.00636683
-0.00636229
-0.00636229
-0.00636229
-0.00636229
-0.00634399
-0.00634399
-0.00634399
-0.00634399
-0.00634399
-0.00632081
-0.00632081
-0.00632081
-0.00632081
-0.00630208
-0.00629737
-0.00629266
-0.00629266
-0.00629266
-0.00629266
-0.00627374
-0.00627374
-0.00627374
-0.00627374
-0.00625476
-0.00625476
-0.00625476
-0.00625476
-0.00625476
-0.00623099
-0.00623099
-0.00623099
-0.00623099
-0.00620724
-0.00620724
-0.00620251
-0.00620251
-0.00620251
-0.00620251
-0.00618361
-0.00618361
-0.00618361
-0.00618361
-0.00618361
-0.00616015
-0.00616015
-0.00616015
-0.00616015
-0.00614155
-0.00613693
-0.00613231
-0.00613231
-0.00613231
-0.00613231
-0.00611393
-0.00611393
-0.00611393
-0.00611393
-0.00609567
-0.00609567
-0.00609567
-0.00609567
-0.0060775
-0.0060775
-0.0060775
-0.0060775
-0.0060775
-0.00605492
-0.00605492
-0.00605492
-0.00605492
-0.00605492
-0.0060325
-0.0060325
-0.0060325
-0.0060325
-0.00601026
-0.00600584
-0.00600584
-0.00600584
-0.00600584
-0.00600584
-0.00598826
-0.00598826
-0.00598826
-0.00598826
-0.00597083
-0.00597083
-0.00597083
-0.00597083
-0.00597083
-0.00594928
-0.00594928
-0.00594928
-0.00594928
-0.00592805
-0.00592805
-0.00592385
-0.00592385
-0.00592385
-0.00592385
-0.00590718
-0.00590718
-0.00590718
-0.00590718
-0.00590718
-0.00588674
-0.00588674
-0.00588674
-0.00588674
-0.00587075
-0.0058668
-0.00586288
-0.00586288
-0.00586288
-0.00586288
-0.00584739
-0.00584739
-0.00584739
-0.00584739
-0.00583227
-0.00583227
-0.00583227
-0.00583227
-0.00583227
-0.00581389
-0.00581389
-0.00581389
-0.00581389
-0.00581389
-0.00579612
-0.00579612
-0.00579612
-0.00579612
-0.00577895
-0.0057756
-0.0057756
-0.0057756
-0.0057756
-0.0057756
-0.00576242
-0.00576242
-0.00576242
-0.00576242
-0.00574965
-0.00574965
-0.00574965
-0.00574965
-0.00574965
-0.00573427
-0.00573427
-0.00573427
-0.00573427
-0.00572243
-0.00571953
-0.00571665
-0.00571665
-0.00571665
-0.00571665
-0.00570537
-0.00570537
-0.00570537
-0.00570537
-0.00570537
-0.00569178
-0.00569178
-0.00569178
-0.00569178
-0.00567872
-0.00567872
-0.00567617
-0.00567617
-0.00567617
-0.00567617
-0.00566614
-0.00566614
-0.00566614
-0.00566614
-0.00565639
-0.00565639
-0.00565639
-0.00565639
-0.0056469
-0.0056469
-0.0056469
-0.0056469
-0.0056469
-0.00563534
-0.00563534
-0.00563534
-0.00563534
-0.00563534
-0.00562408
-0.00562408
-0.00562408
-0.00562408
-0.00561305
-0.00561086
-0.00561086
-0.00561086
-0.00561086
-0.00560869
-0.0056022
-0.0056022
-0.0056022
-0.0056022
-0.00559364
-0.00559364
-0.00559364
-0.00559364
-0.00559364
-0.00558308
-0.00558308
-0.00558308
-0.00558308
-0.00558308
-0.00557265
-0.00557265
-0.00557265
-0.00557265
-0.00556235
-0.00556031
-0.00556031
-0.00556031
-0.00556031
-0.00556031
-0.00555217
-0.00555217
-0.00555217
-0.00555217
-0.0055441
-0.0055441
-0.0055441
-0.0055441
-0.0055441
-0.00553412
-0.00553412
-0.00553412
-0.00553412
-0.00552621
-0.00552424
-0.00552228
-0.00552228
-0.00552228
-0.00552228
-0.00551447
-0.00551447
-0.00551447
-0.00551447
-0.00551447
-0.00550477
-0.00550477
-0.00550477
-0.00550477
-0.00549511
-0.00549511
-0.00549318
-0.00549318
-0.00549318
-0.00549318
-0.00548739
-0.00548739
-0.00548739
-0.00548739
-0.00547772
-0.00547772
-0.00547772
-0.00547772
-0.00546994
-0.00546798
-0.00546603
-0.00546603
-0.00546603
-0.00546603
-0.00545816
-0.00545816
-0.00545816
-0.00545816
-0.00545816
-0.00544821
-0.00544821
-0.00544821
-0.00544821
-0.00544015
-0.00543812
-0.00543608
-0.00543608
-0.00543608
-0.00543608
-0.00542786
-0.00542786
-0.00542786
-0.00542786
-0.00542786
-0.00541741
-0.00541741
-0.00541741
-0.00541741
-0.00540675
-0.00540459
-0.00540459
-0.00540459
-0.00540459
-0.00540459
-0.00539587
-0.00539587
-0.00539587
-0.00539587
-0.005387
-0.005387
-0.005387
-0.005387
-0.005387
-0.00537571
-0.00537571
-0.00537571
-0.00537571
-0.00536651
-0.00536186
-0.00536186
-0.00536186
-0.00536186
-0.00536186
-0.00535243
-0.00535243
-0.00535243
-0.00535243
-0.00534284
-0.00534284
-0.00534284
-0.00534284
-0.00534284
-0.00533061
-0.00533061
-0.00533061
-0.00533061
-0.00533061
-0.00531812
-0.00531812
-0.00531812
-0.00531812
-0.00531812
-0.00530534
-0.00530534
-0.00530534
-0.00530534
-0.00529491
-0.00528963
-0.00528963
-0.00528963
-0.00528963
-0.00528963
-0.00527891
-0.00527891
-0.00527891
-0.00527891
-0.00526802
-0.00526802
-0.00526802
-0.00526802
-0.00526802
-0.00525418
-0.00525418
-0.00525418
-0.00525418
-0.00524292
-0.00523724
-0.00523724
-0.00523724
-0.00523724
-0.00523724
-0.00522576
-0.00522576
-0.00522576
-0.00522576
-0.00521121
-0.00521121
-0.00521121
-0.00521121
-0.00521121
-0.00519944
-0.00519351
-0.00519351
-0.00519351
-0.00519351
-0.00518156
-0.00518156
-0.00518156
-0.00518156
-0.00518156
-0.00516953
-0.00516953
-0.00516953
-0.00516953
-0.00516953
-0.0051544
-0.0051544
-0.0051544
-0.0051544
-0.0051544
-0.00513924
-0.00513924
-0.00513924
-0.00513924
-0.00513924
-0.00512411
-0.00512411
-0.00512411
-0.00512411
-0.00510906
-0.00510607
-0.00510607
-0.00510607
-0.00510607
-0.00510607
-0.00509414
-0.00509414
-0.00509414
-0.00509414
-0.00508233
-0.00508233
-0.00508233
-0.00508233
-0.00508233
-0.00506773
-0.00506773
-0.00506773
-0.00506773
-0.00506773
-0.00505331
-0.00505331
-0.00505331
-0.00505331
-0.00504189
-0.00503621
-0.00503621
-0.00503621
-0.00503621
-0.00503621
-0.00502492
-0.00502492
-0.00502492
-0.00502492
-0.00501367
-0.00501367
-0.00501367
-0.00501367
-0.00500248
-0.00500248
-0.00500248
-0.00500248
-0.00500248
-0.00498855
-0.00498855
-0.00498855
-0.00498855
-0.00497468
-0.00497191
-0.00497191
-0.00497191
-0.00497191
-0.00497191
-0.00496087
-0.00496087
-0.00496087
-0.00496087
-0.00496087
-0.00494717
-0.00494717
-0.00494717
-0.00494717
-0.00493629
-0.00493088
-0.00493088
-0.00493088
-0.00493088
-0.00493088
-0.00492014
-0.00492014
-0.00492014
-0.00492014
-0.00490947
-0.00490947
-0.00490947
-0.00490947
-0.00489887
-0.00489887
-0.00489887
-0.00489887
-0.00489887
-0.00488572
-0.00488572
-0.00488572
-0.00488572
-0.00487526
-0.00487006
-0.00487006
-0.00487006
-0.00487006
-0.00487006
-0.00485971
-0.00485971
-0.00485971
-0.00485971
-0.00484944
-0.00484944
-0.00484944
-0.00484944
-0.00484944
-0.00483671
-0.00483671
-0.00483671
-0.00483671
-0.00482412
-0.00482162
-0.00482162
-0.00482162
-0.00482162
-0.00482162
-0.00481167
-0.00481167
-0.00481167
-0.00481167
-0.00480183
-0.00480183
-0.00480183
-0.00480183
-0.00480183
-0.0047897
-0.0047897
-0.0047897
-0.0047897
-0.00478014
-0.00477777
-0.00477541
-0.00477541
-0.00477541
-0.00477541
-0.00476605
-0.00476605
-0.00476605
-0.00476605
-0.00475683
-0.00475683
-0.00475683
-0.00475683
-0.00475683
-0.00474549
-0.00474549
-0.00474549
-0.00474549
-0.00474549
-0.00473436
-0.00473436
-0.00473436
-0.00473436
-0.00473436
-0.00472343
-0.00472343
-0.00472343
-0.00472343
-0.00471272
-0.0047106
-0.0047106
-0.0047106
-0.0047106
-0.0047106
-0.0047022
-0.0047022
-0.0047022
-0.0047022
-0.00469392
-0.00469392
-0.00469392
-0.00469392
-0.00469392
-0.00468372
-0.00468372
-0.00468372
-0.00468372
-0.00468372
-0.00467365
-0.00467365
-0.00467365
-0.00467365
-0.00466566
-0.00466169
-0.00466169
-0.00466169
-0.00466169
-0.00466169
-0.00465375
-0.00465375
-0.00465375
-0.00465375
-0.00464582
-0.00464582
-0.00464582
-0.00464582
-0.00464582
-0.00463591
-0.00463591
-0.00463591
-0.00463591
-0.00462798
-0.00462401
-0.00462401
-0.00462401
-0.00462401
-0.00462401
-0.00461607
-0.00461607
-0.00461607
-0.00461607
-0.00461607
-0.00460613
-0.00460613
-0.00460613
-0.00460613
-0.00459616
-0.00459616
-0.00459417
-0.00459417
-0.00459417
-0.00459417
-0.00458615
-0.00458615
-0.00458615
-0.00458615
-0.00457807
-0.00457807
-0.00457807
-0.00457807
-0.00456992
-0.00456992
-0.00456992
-0.00456992
-0.00456992
-0.0045596
-0.0045596
-0.0045596
-0.0045596
-0.0045491
-0.00454698
-0.00454698
-0.00454698
-0.00454698
-0.00454698
-0.00453842
-0.00453842
-0.00453842
-0.00453842
-0.00453842
-0.00452754
-0.00452754
-0.00452754
-0.00452754
-0.00451647
-0.00451647
-0.00451423
-0.00451423
-0.00451423
-0.00451423
-0.00450519
-0.00450519
-0.00450519
-0.00450519
-0.00449601
-0.00449601
-0.00449601
-0.00449601
-0.00449601
-0.00448433
-0.00448433
-0.00448433
-0.00448433
-0.00448433
-0.00447244
-0.00447244
-0.00447244
-0.00447244
-0.00446278
-0.0044579
-0.0044579
-0.0044579
-0.0044579
-0.0044579
-0.00444805
-0.00444805
-0.00444805
-0.00444805
-0.0044381
-0.0044381
-0.0044381
-0.0044381
-0.0044381
-0.00442554
-0.00442554
-0.00442554
-0.00442554
-0.00441542
-0.00441034
-0.00441034
-0.00441034
-0.00441034
-0.00441034
-0.00440015
-0.00440015
-0.00440015
-0.00440015
-0.00440015
-0.00438737
-0.00438737
-0.00438737
-0.00438737
-0.00437711
-0.00437197
-0.00437197
-0.00437197
-0.00437197
-0.00437197
-0.00436167
-0.00436167
-0.00436167
-0.00436167
-0.00435133
-0.00435133
-0.00435133
-0.00435133
-0.00435133
-0.00433833
-0.00433833
-0.00433833
-0.00433833
-0.00432523
-0.00432523
-0.00432523
-0.00432523
-0.00432523
-0.00431205
-0.00431205
-0.0043094
-0.0043094
-0.0043094
-0.0043094
-0.00429878
-0.00429878
-0.00429878
-0.00429878
-0.00428814
-0.00428814
-0.00428814
-0.00428814
-0.00428814
-0.00427481
-0.00427481
-0.00427481
-0.00427481
-0.00427481
-0.00426148
-0.00426148
-0.00426148
-0.00426148
-0.00425082
-0.0042455
-0.0042455
-0.0042455
-0.0042455
-0.0042455
-0.00423486
-0.00423486
-0.00423486
-0.00423486
-0.00423486
-0.00422162
-0.00422162
-0.00422162
-0.00422162
-0.00422162
-0.00420847
-0.00420847
-0.00420847
-0.00420847
-0.00419542
-0.00419282
-0.00419282
-0.00419282
-0.00419282
-0.00419282
-0.00418248
-0.00418248
-0.00418248
-0.00418248
-0.00418248
-0.00416966
-0.00416966
-0.00416966
-0.00416966
-0.004157
-0.00415448
-0.00415448
-0.00415448
-0.00415448
-0.00415448
-0.00414449
-0.00414449
-0.00414449
-0.00414449
-0.00414449
-0.00413214
-0.00413214
-0.00413214
-0.00413214
-0.00412235
-0.00411747
-0.00411747
-0.00411747
-0.00411747
-0.00411747
-0.00410776
-0.00410776
-0.00410776
-0.00410776
-0.00410776
-0.00409566
-0.00409566
-0.00409566
-0.00409566
-0.00409566
-0.00408361
-0.00408361
-0.00408361
-0.00408361
-0.00407159
-0.00406919
-0.00406919
-0.00406919
-0.00406919
-0.00406919
-0.00405962
-0.00405962
-0.00405962
-0.00405962
-0.00405011
-0.00405011
-0.00405011
-0.00405011
-0.00404067
-0.00404067
-0.00404067
-0.00404067
-0.00404067
-0.00402902
-0.00402902
-0.00402902
-0.00402902
-0.00401756
-0.00401756
-0.0040153
-0.0040153
-0.0040153
-0.0040153
-0.00400634
-0.00400634
-0.00400634
-0.00400634
-0.00399752
-0.00399752
-0.00399752
-0.00399752
-0.00399752
-0.00398669
-0.00398669
-0.00398669
-0.00398669
-0.00397817
-0.00397395
-0.00397395
-0.00397395
-0.00397395
-0.00397395
-0.00396556
-0.00396556
-0.00396556
-0.00396556
-0.00396556
-0.00395517
-0.00395517
-0.00395517
-0.00395517
-0.00395517
-0.00394485
-0.00394485
-0.00394485
-0.00394485
-0.0039346
-0.0039346
-0.00393255
-0.00393255
-0.00393255
-0.00393255
-0.00392439
-0.00392439
-0.00392439
-0.00392439
-0.00391626
-0.00391626
-0.00391626
-0.00391626
-0.00391626
-0.00390617
-0.00390617
-0.00390617
-0.00390617
-0.00390617
-0.00389419
-0.00389419
-0.00389419
-0.00389419
-0.00389419
-0.00388631
-0.00388631
-0.00388631
-0.00388631
-0.00387852
-0.00387852
-0.00387852
-0.00387852
-0.00386894
-0.00386894
-0.00386894
-0.00386894
-0.00386894
-0.00385956
-0.00385771
-0.00385771
-0.00385771
-0.00385771
-0.00385771
-0.00385038
-0.00385038
-0.00385038
-0.00385038
-0.00384318
-0.00384318
-0.00384318
-0.00384318
-0.0038361
-0.0038361
-0.0038361
-0.0038361
-0.0038361
-0.00382738
-0.00382738
-0.00382738
-0.00382738
-0.0038205
-0.00381878
-0.00381708
-0.00381708
-0.00381708
-0.00381708
-0.00381027
-0.00381027
-0.00381027
-0.00381027
-0.00380181
-0.00380181
-0.00380181
-0.00380181
-0.00380181
-0.00379338
-0.0037917
-0.0037917
-0.0037917
-0.0037917
-0.0037917
-0.00378498
-0.00378498
-0.00378498
-0.00378498
-0.00377828
-0.00377828
-0.00377828
-0.00377828
-0.00377828
-0.00376993
-0.00376993
-0.00376993
-0.00376993
-0.0037616
-0.00375994
-0.00375994
-0.00375994
-0.00375994
-0.00375994
-0.00375329
-0.00375329
-0.00375329
-0.00375329
-0.00374665
-0.00374665
-0.00374665
-0.00374665
-0.00373837
-0.00373837
-0.00373837
-0.00373837
-0.00373837
-0.00373011
-0.00372846
-0.00372846
-0.00372846
-0.00372846
-0.00372352
-0.00372352
-0.00372352
-0.00372352
-0.00372352
-0.0037153
-0.0037153
-0.0037153
-0.0037153
-0.0037153
-0.00370711
-0.00370711
-0.00370711
-0.00370711
-0.00370056
-0.00369728
-0.00369728
-0.00369728
-0.00369728
-0.00369728
-0.0036907
-0.0036907
-0.0036907
-0.0036907
-0.00368409
-0.00368409
-0.00368409
-0.00368409
-0.00367742
-0.00367742
-0.00367742
-0.00367742
-0.00367742
-0.00366902
-0.00366902
-0.00366902
-0.00366902
-0.00366053
-0.00365883
-0.00365883
-0.00365883
-0.00365883
-0.00365196
-0.00365196
-0.00365196
-0.00365196
-0.00365196
-0.00364505
-0.00364505
-0.00364505
-0.00364505
-0.00364505
-0.00363636
-0.00363636
-0.00363636
-0.00363636
