3.13922e-06
3.20641e-06
3.28055e-06
3.46957e-06
3.61204e-06
3.61204e-06
3.94838e-06
4.16405e-06
4.20735e-06
4.75204e-06
5.08896e-06
5.47451e-06
5.4912e-06
5.92979e-06
6.98465e-06
7.61065e-06
8.30914e-06
8.26958e-06
9.90547e-06
9.90547e-06
1.0854e-05
1.28771e-05
1.40696e-05
1.5434e-05
1.69182e-05
1.85289e-05
2.0273e-05
2.17694e-05
2.38015e-05
2.59884e-05
2.59884e-05
3.01717e-05
3.2869e-05
3.57523e-05
3.57523e-05
4.21092e-05
4.42037e-05
4.79134e-05
4.79134e-05
5.60264e-05
5.87345e-05
6.23047e-05
6.72459e-05
6.72459e-05
7.79607e-05
8.37538e-05
8.70171e-05
9.34275e-05
0.000100162
0.000107231
0.000110835
0.000118604
0.00012674
0.000135252
0.000139138
0.000139138
0.000158149
0.000158149
0.000168282
0.000181437
0.000192907
0.000204847
0.000217268
0.000217268
0.000232209
0.000232209
0.00026062
0.000275634
0.000276192
0.00028884
0.000305564
0.000305564
0.000340815
0.000359367
0.000347773
0.000386801
0.000407304
0.000428485
0.000426743
0.000449321
0.00047262
0.00047262
0.000521434
0.000517165
0.000543488
0.000570604
0.000570604
0.000589851
0.000619435
0.000610692
0.000672434
0.000672434
0.00073771
0.000732674
0.000732674
0.000767606
0.000840324
0.000832712
0.000871523
0.000871523
0.000952191
0.00099408
0.000981062
0.00102509
0.00102509
0.00111642
0.00100645
0.00110229
0.00115194
0.00120276
0.00125478
0.00109945
0.00120713
0.00126283
0.00131979
0.00137803
0.00123798
0.00129883
0.00136101
0.00142454
0.00129614
0.00125434
0.00132203
0.00132203
0.00146169
0.00135711
0.00135711
0.00150556
0.00158205
0.00166007
0.00132566
0.00148637
0.00156909
0.00165342
0.00173937
0.00144097
0.00144097
0.00162116
0.00171379
0.00136616
0.00146225
0.00146459
0.00146459
0.00166563
0.00176886
0.00146843
0.00157535
0.00157535
0.00179481
0.00146509
0.00157961
0.00169608
0.00169608
0.00133443
0.0015773
0.00170177
0.00182829
0.00182829
0.00143162
0.00143162
0.00169932
0.00183638
0.00140362
0.00139527
0.00124281
0.00138644
0.00153229
0.00183078
0.00134523
0.0015002
0.00165751
0.00165751
0.00129669
0.00146111
0.00146111
0.00179721
0.00179721
0.00122333
0.00140001
0.00140001
0.00157921
0.00115538
0.00074234
0.00111867
0.00131076
0.00150548
0.00150548
0.00103988
0.00124264
0.00124264
0.00165635
0.000743901
0.00116866
0.00116866
0.00160464
0.00182689
0.000839867
0.00106787
0.00106787
0.00153263
0.00176943
0.000473123
0.000955653
0.00120143
0.00120143
0.000316848
0.000571791
0.000571791
0.00109099
0.00109099
0.000146205
0.000416847
0.000385166
0.000662235
0.000942549
0.000942549
0.000256291
0.000546465
0.000546465
0.00113682
0.000123659
0.000427275
0.000427275
0.00104477
0.00135868
-4.64961e-05
-4.64961e-05
0.0005988
0.0005988
-0.000189253
-0.000226206
-0.000602174
7.88215e-05
0.000424774
0.00077439
-0.000416096
-0.000416096
0.000301645
0.000666126
-0.000570179
-0.000198141
0.000177707
0.000177707
-0.00115729
-0.00115729
-0.000378592
1.66173e-05
1.66173e-05
-0.00138707
-0.00143419
-0.00102312
-0.000608037
-0.000188912
-0.00115335
-0.000726084
-0.000294724
-0.000294724
0.000580375
-0.0013686
-0.000920641
-0.000920641
-1.2095e-05
-0.00250751
-0.001582
-0.00162588
-0.0011524
-0.000674606
-0.000192466
-0.00180322
-0.00131233
-0.00131233
-0.000317327
0.000186832
-0.00202718
-0.00202718
-0.000996459
-0.000996459
-0.00220943
-0.00283666
-0.00230083
-0.00176041
-0.00121536
-0.000665666
-0.00248452
-0.00192548
-0.00192548
-0.00136175
-0.00323828
-0.00266508
-0.00150438
-0.00150438
-0.00284301
-0.00224582
-0.00164377
-0.00164377
-0.000425028
-0.00306354
-0.00244187
-0.00181525
-0.00118366
-0.00387656
-0.00392571
-0.0033282
-0.00267653
-0.0020198
-0.00135799
-0.00417074
-0.00283178
-0.0021546
-0.0021546
-0.00367721
-0.00367721
-0.00228657
-0.00158341
-0.00158341
-0.0038953
-0.00317634
-0.00317634
-0.00172247
-0.00406931
-0.00485372
-0.0041576
-0.00340653
-0.00340653
-0.00188813
-0.00433264
-0.00433264
-0.0027815
-0.00199769
-0.00450114
-0.00370627
-0.00290585
-0.00209986
-0.00467021
-0.00385302
-0.00385302
-0.00220177
-0.00136766
-0.00572174
-0.0040365
-0.00318532
-0.00232842
-0.00146578
-0.00508712
-0.00421295
-0.00333299
-0.00244722
-0.00619469
-0.00624297
-0.00533968
-0.00443052
-0.00351547
-0.00259452
-0.00551047
-0.00457766
-0.0036389
-0.0036389
-0.0056746
-0.00471788
-0.00375515
-0.0027864
-0.00583472
-0.00583472
-0.00386691
-0.00287388
-0.00187473
-0.00703225
-0.00602699
-0.00501558
-0.0029743
-0.00724671
-0.00729051
-0.00624819
-0.00519965
-0.00519965
-0.00308382
-0.00746784
-0.00532693
-0.00424704
-0.00424704
-0.0065519
-0.00545302
-0.00545302
-0.00323619
-0.00211821
-0.00673793
-0.00673793
-0.00446992
-0.00446992
-0.00807202
-0.00811399
-0.00811399
-0.00578141
-0.00460537
-0.00342281
-0.00827989
-0.00589517
-0.00469299
-0.00469299
-0.00722746
-0.00600553
-0.00477699
-0.00477699
-0.00354183
-0.00740322
-0.00740322
-0.00488637
-0.00361793
-0.00882594
-0.00758794
-0.00762475
-0.00762475
-0.00502745
-0.00371867
-0.00777046
-0.00644815
-0.00511905
-0.00378316
-0.00791202
-0.0065625
-0.00520615
-0.00384295
-0.00247291
-0.0080781
-0.00669431
-0.00669431
-0.00390609
-0.00821126
-0.0082453
-0.00827928
-0.00685403
-0.00542185
-0.0039827
-0.00841251
-0.00695942
-0.00695942
-0.00403228
-0.00255821
-0.010046
-0.00707682
-0.00707682
-0.00407949
-0.00407949
-0.00871661
-0.00874779
-0.00721734
-0.00567981
-0.00413518
-0.0088806
-0.00732175
-0.00732175
-0.00418268
-0.00260244
-0.00742755
-0.005833
-0.0042313
-0.00262242
-0.00918313
-0.00755989
-0.00592946
-0.00429182
-0.00429182
-0.00936256
-0.00936256
-0.00603675
-0.004363
-0.002682
-0.00953722
-0.0095711
-0.00786832
-0.00786832
-0.00444093
-0.0097046
-0.00797269
-0.00797269
-0.00623348
-0.00983849
-0.00807734
-0.00630888
-0.00453309
-0.00274996
-0.0100142
-0.0100142
-0.00641126
-0.00641126
-0.00277885
-0.0120081
-0.00834624
-0.00650424
-0.00465485
-0.0140606
-0.0103397
-0.0103729
-0.00849397
-0.00849397
-0.00471382
-0.0124188
-0.008609
-0.00669296
-0.0047695
-0.0106686
-0.00873025
-0.00678447
-0.00678447
-0.0028706
-0.0108479
-0.00887238
-0.00887238
-0.00489888
-0.0109829
-0.0130226
-0.0130644
-0.0090312
-0.00700338
-0.00496808
-0.0111907
-0.00914042
-0.00708267
-0.00501744
-0.0133949
-0.00924197
-0.00715426
-0.00715426
-0.00295636
-0.0135863
-0.00935836
-0.00723316
-0.00723316
-0.0115956
-0.0138151
-0.0116599
-0.0116599
-0.00732693
-0.00514919
-0.0117953
-0.0096025
-0.00740223
-0.00519444
-0.0141431
-0.00970495
-0.00747462
-0.00523678
-0.00299143
-0.0120594
-0.00980658
-0.00527831
-0.00527831
-0.0122284
-0.009938
-0.009938
-0.00533462
-0.0147263
-0.0124059
-0.0147699
-0.0124419
-0.00776344
-0.00541295
-0.0149445
-0.010221
-0.00784802
-0.00784802
-0.00307955
-0.0127601
-0.0103572
-0.00794669
-0.00552875
-0.0153663
-0.0129334
-0.010493
-0.00804516
-0.00558981
-0.0155855
-0.0156276
-0.0131498
-0.0106646
-0.0106646
-0.0132482
-0.0107406
-0.00822555
-0.00570305
-0.00570305
-0.0133952
-0.0108504
-0.0108504
-0.00573846
-0.0160838
-0.0135093
-0.0135301
-0.0109407
-0.00834393
-0.00573975
-0.0136118
-0.0136118
-0.00836642
-0.00836642
-0.00309155
-0.0137105
-0.0110547
-0.00839143
-0.00572083
-0.0165048
-0.0138195
-0.0138425
-0.0111425
-0.00843516
-0.00572052
-0.0139385
-0.0139385
-0.00847263
-0.00572874
-0.014022
-0.0112635
-0.00849775
-0.00572472
-0.00294441
-0.0141184
-0.0113236
-0.00852149
-0.00571218
-0.0170533
-0.0199094
-0.0142546
-0.0114164
-0.0114164
-0.0057184
-0.0143627
-0.0114957
-0.00862155
-0.00574022
-0.0144622
-0.0144622
-0.00866376
-0.00866376
-0.00283679
-0.0145784
-0.0116471
-0.00870875
-0.00576328
-0.0205973
-0.0146851
-0.0147045
-0.0117308
-0.00874996
-0.00874996
-0.0147852
-0.0117833
-0.00877443
-0.00575854
-0.0148608
-0.0118309
-0.00879408
-0.00575028
-0.017989
-0.017989
-0.0118667
-0.0087952
-0.00571675
-0.0211649
-0.0180977
-0.0149986
-0.0118926
-0.0087798
-0.0150354
-0.0119088
-0.00877549
-0.00563533
-0.00248837
-0.0182408
-0.0150871
-0.00875922
-0.00558517
-0.00240437
-0.0182926
-0.0119109
-0.0087099
-0.0087099
-0.0151255
-0.0151323
-0.0151406
-0.0119063
-0.00866534
-0.00866534
-0.0151765
-0.0119157
-0.00864836
-0.00864836
-0.015202
-0.0119149
-0.0086213
-0.0086213
-0.0152229
-0.0152229
-0.0085902
-0.00526412
-0.0019316
-0.0152362
-0.0118908
-0.0118908
-0.00518075
-0.00181615
-0.0186186
-0.0118703
-0.0118703
-0.00509664
-0.0152692
-0.0152792
-0.0152916
-0.0118764
-0.0118764
-0.00502733
-0.0153443
-0.0119042
-0.0119042
-0.00500539
-0.0153765
-0.0119117
-0.00844074
-0.00844074
-0.00148048
-0.0154025
-0.0119071
-0.00840573
-0.00489827
-0.0189463
-0.0154268
-0.0154357
-0.0119042
-0.0083668
-0.00482341
-0.0154774
-0.0154774
-0.00836104
-0.00479401
-0.0155013
-0.0119225
-0.00833792
-0.00474752
-0.00115131
-0.0155125
-0.0155125
-0.00829122
-0.00467198
-0.0191705
-0.0191705
-0.019184
-0.0119057
-0.00825804
-0.00825804
-0.0155875
-0.011923
-0.011923
-0.00457735
-0.015622
-0.015622
-0.00824307
-0.00454538
-0.000842223
-0.0193514
-0.0119287
-0.0119287
-0.00820924
-0.0193887
-0.0156639
-0.0156693
-0.011923
-0.011923
-0.00441459
-0.0156868
-0.0119194
-0.00814682
-0.00814682
-0.0156854
-0.0118972
-0.00810391
-0.00810391
-0.000501868
-0.0156653
-0.0118516
-0.00803278
-0.00420894
-0.0233112
-0.0156485
-0.0156462
-0.0156462
-0.0118024
-0.0041
-0.0156417
-0.0117782
-0.0117782
-0.00790996
-0.0195082
-0.0117475
-0.0117475
-0.00786002
-0.0155948
-0.0116931
-0.0116931
-0.00387554
4.02123e-05
-0.0155284
-0.0116034
-0.0116034
-0.00373964
-0.0233251
-0.019374
-0.0154262
-0.0154262
-0.00751728
-0.00355613
-0.0153479
-0.0153479
-0.0074036
-0.00342488
-0.0152541
-0.0112667
-0.00727505
-0.0032791
-0.0032791
-0.0151412
-0.0111326
-0.00711978
-0.00711978
-0.015049
-0.0190372
-0.0190372
-0.0109744
-0.00693694
-0.00693694
-0.0149256
-0.0108761
-0.00682264
-0.00276522
-0.018887
-0.0148257
-0.00669136
-0.00669136
0.00145839
-0.0146915
-0.0146915
-0.00651901
-0.00242712
-0.018693
-0.0186588
-0.0145559
-0.0104492
-0.006339
-0.00222515
-0.0185843
-0.0103459
-0.00622137
-0.00209335
0.00203815
-0.010229
-0.00609063
-0.00609063
0.00219641
-0.0142364
-0.0142364
-0.00592923
-0.00177068
-0.00177068
-0.0141193
-0.00995101
-0.0057795
-0.00160482
-0.0181943
-0.0181781
-0.0139941
-0.0139941
-0.00561666
-0.0014234
-0.0139143
-0.0139143
-0.00551286
-0.0013077
-0.01381
-0.01381
-0.00538518
-0.0011685
0.003051
-0.009471
-0.00524594
-0.00101814
0.00321239
-0.0135402
-0.00930429
-0.00930429
-0.000824596
0.00341916
-0.0133767
-0.00912786
-0.00487645
-0.00487645
-0.0217406
-0.0132254
-0.013196
-0.00893236
-0.00466634
-0.000397965
-0.0130754
-0.0130754
-0.00452714
-0.000249621
0.00403012
-0.0129326
-0.0086485
-0.00436223
-7.38451e-05
-7.38451e-05
-0.0170856
-0.0127686
-0.00847199
-0.00417336
0.000127239
-0.00839489
-0.00409043
0.000215938
0.00452417
-0.0168932
-0.00827119
-0.0039575
0.00035796
0.00467516
-0.0124735
-0.00815289
-0.00383061
0.000493306
-0.0123932
-0.0166892
-0.0166892
-0.00803024
-0.0036985
0.000634726
-0.0123041
-0.007968
-0.00363047
-0.00363047
-0.0122382
-0.00789656
-0.00355365
0.000790545
0.00513599
-0.012147
-0.012147
-0.00345004
0.000900159
-0.0164018
-0.0163841
-0.0120306
-0.00767601
-0.00332044
-0.00332044
-0.011958
-0.00759952
-0.00324014
0.00112014
-0.0118654
-0.00750337
-0.00314058
0.001223
-0.0117655
-0.00740046
-0.00303468
0.00133179
0.00569891
-0.0116466
-0.00727828
-0.00290935
0.00146013
-0.0115487
-0.0158674
-0.0114964
-0.0114964
-0.00275315
0.00161909
-0.0157598
-0.00701427
-0.00264101
0.00173253
-0.0112746
-0.0069006
-0.00252635
-0.00252635
-0.0155104
-0.0111356
-0.0111356
-0.00238589
0.00198907
-0.0154022
-0.0110025
-0.010979
-0.010979
-0.0022293
0.00214542
-0.0152616
-0.00651257
-0.00213832
-0.00213832
-0.0107852
-0.0107852
-0.00203842
0.00233452
0.00233452
-0.0150282
-0.00628415
-0.00191273
0.00245825
-0.0148942
-0.0148942
-0.00615475
-0.00178582
0.00258253
-0.0147981
-0.0104077
-0.0103852
-0.0103852
-0.00165439
0.00270995
-0.0146583
-0.00593194
-0.00156995
0.00279119
0.00715148
-0.0145106
-0.00579271
-0.00143517
-0.00143517
-0.0143566
-0.0143271
-0.00997361
-0.00562118
-0.00562118
0.00308036
-0.00986073
-0.00986073
-0.00116617
0.00317928
-0.0140632
-0.00537607
-0.00103446
0.00330582
0.00330582
-0.0095191
-0.00518297
-0.000848277
0.00348495
-0.00936753
-0.00933072
-0.00929432
-0.00496719
-0.00064165
0.00368228
-0.00915597
-0.00483535
-0.000516423
0.00380079
-0.0090093
-0.0046956
-0.000383697
0.00392639
0.00823463
-0.00882327
-0.0045188
-0.000216245
0.00408436
-0.012966
-0.00863023
-0.00859394
-0.00430138
-1.08827e-05
0.00427751
-0.00845283
-0.00416871
0.000113239
0.00439299
-0.00830766
-0.00403238
0.000240618
0.000240618
0.0087797
-0.00811842
-0.00385476
0.000406494
0.00466533
0.00466533
-0.00791961
-0.00791961
0.000580687
0.00482703
-0.0119777
-0.00773655
-0.00770067
-0.00770067
0.000768457
0.00499899
-0.0117876
-0.0033347
-0.0033347
0.000887597
-0.00741313
-0.00319928
0.0010117
0.00521979
0.00942496
-0.00722824
-0.00302897
0.00116732
0.00536059
0.00536059
-0.0112374
-0.00286616
0.00131482
0.00131482
-0.0152422
-0.011037
-0.00686865
-0.00270357
0.00145827
0.00145827
-0.00676252
-0.00261058
0.00153801
0.00568324
-0.00664315
-0.00250473
0.00163025
0.00576177
-0.0106425
-0.00238999
0.001731
0.001731
0.0099623
-0.0104662
-0.00224934
0.00185364
0.00185364
-0.00623256
-0.0102684
-0.0102684
-0.00209582
0.0019848
0.00606161
-0.00608396
-0.00201484
-0.00201484
0.00611176
0.0101692
-0.00999766
-0.00189465
0.00215088
0.00619241
-0.0058179
-0.0138199
-0.00575713
-0.00173187
-0.00173187
0.00630627
-0.00564184
-0.00163319
0.00237125
0.00237125
-0.00550922
-0.00550922
0.00246985
0.00645293
0.0104317
-0.00534881
-0.00137881
-0.00137881
0.00654795
-0.00915405
-0.0091229
-0.00517513
-0.00123187
0.00270686
0.00664105
-0.00507218
-0.00114716
-0.00114716
0.00668901
0.0106001
-0.00493213
-0.00103039
0.00286664
0.00675894
-0.00867917
-0.00479642
-0.00477215
-0.000899011
0.00296929
0.00683274
-0.00467936
-0.00467936
-0.000825687
0.00686687
-0.00456927
-0.000735394
-0.000735394
0.00691734
0.0107362
-0.00441987
-0.000611176
0.00319242
0.0069909
-0.00429551
-0.00426547
-0.00423634
-0.000458508
-0.000458508
0.0070815
-0.00411895
-0.00411895
0.00338951
0.00338951
0.0108768
-0.003945
-0.003945
0.00351013
0.00722962
-0.00745882
-0.00375019
-0.00741548
-1.45865e-05
0.00367764
0.00736435
-0.00356128
-0.00356128
0.00378447
0.00744898
-0.00340082
0.000252489
0.00390016
0.00390016
-0.00687375
-0.00323739
0.000393294
0.00763754
0.0112511
-0.00303343
0.000568585
0.00416481
0.00775524
-0.00640782
-0.00640782
-0.00279005
-0.00279005
0.00433817
0.00789344
-0.00263214
0.000911278
0.00444875
0.00444875
0.0115058
-0.00594312
0.00108991
0.00459739
0.00459739
-0.00570396
-0.00565662
-0.00565662
0.00130368
0.00477466
-0.00546043
-0.00200174
-0.00200174
0.00489711
0.00833725
-0.00181618
0.00161152
0.00503297
0.00844817
-0.001634
0.00176864
0.00516498
0.00516498
0.0119387
-0.0047844
0.00196394
0.00532855
0.00868679
0.0120386
-0.00117354
-0.00446801
0.00220354
0.00552964
0.00552964
-0.000956619
0.00235003
0.00565018
0.0089438
0.0122309
-0.000742804
0.00253118
0.00579859
0.00905941
-0.00377489
-0.00372549
-0.0004845
0.00274985
0.00597756
0.0091986
0.00285676
0.00606444
0.00926543
0.0124597
-0.000133331
-0.000133331
0.00622158
0.00622158
0.0125495
-0.00305574
0.00324503
0.00638522
0.00951859
0.0126451
0.000319781
0.00343265
0.00343265
0.0096378
-0.00565442
0.000523224
0.000562161
0.000562161
0.00669837
0.00975609
0.000711243
0.000711243
0.00375507
0.00982182
0.0128447
0.000894435
0.00390335
0.00690526
0.00690526
0.0010402
-0.00186759
0.00110619
0.00407291
0.00703256
0.00703256
0.00123527
0.00123527
0.00710498
0.0100292
0.00137804
0.00428799
0.00428799
0.0100865
0.012975
0.00156645
0.00444065
0.00730767
0.0101675
0.0101675
-0.00108969
0.004594
0.004594
0.0102488
0.0130654
0.00194331
0.00198017
0.00477503
0.00477503
0.010343
0.00212354
0.00212354
0.00764783
0.010399
0.00227019
0.00227019
0.00773612
0.0104581
0.0104581
0.00513133
0.00783135
0.00783135
0.0132094
0.00262447
0.0052951
0.0052951
0.0106143
0.000178975
0.000178975
0.00285721
0.0054836
0.0081026
0.0107142
0.0030007
0.0055975
0.0081869
0.0081869
0.0133434
0.00318241
0.00574213
0.00829442
0.0108393
0.000795433
0.000886132
0.00340866
0.00340866
0.00843138
0.0109316
0.00356415
0.00356415
0.00852719
0.0109975
0.0109975
0.00377495
0.00622286
0.00622286
0.0110962
0.001564
0.001564
0.00402275
0.00642575
0.00642575
0.00882126
0.00418664
0.00418664
0.00655966
0.0112832
0.00435449
0.00669751
0.00903302
0.00903302
0.0136815
0.00225616
0.00687463
0.0091726
0.0091726
0.013746
0.00478156
0.00704948
0.00930989
0.0115628
0.000504743
0.00279765
0.00502801
0.00725085
0.00946618
0.00946618
0.00734592
0.00953871
0.011724
0.0139018
0.00533417
0.00749692
0.00965217
0.0117999
0.0139402
0.00551855
0.00551855
0.00976151
0.0118717
0.00565764
0.00569051
0.0057228
0.00780305
0.00987581
0.0119411
0.00584577
0.00584577
0.00993888
0.0119742
0.00397914
0.00599952
0.00801244
0.0100179
0.0100179
0.00412926
0.00614896
0.00617857
0.00814672
0.0101074
0.0120607
0.00435133
0.00823551
0.0101664
0.0120899
0.00642064
0.00642064
0.0102305
0.0121243
0.0140107
0.00657462
0.00657462
0.0103104
0.0103104
0.00669048
0.00490977
0.00674442
0.00674442
0.0103916
0.0122042
0.00684936
0.00864721
0.0104377
0.0122209
0.00695877
0.00872727
0.0104884
0.0122423
0.0122423
0.00708762
0.00881956
0.0105442
0.0105442
0.00717887
0.00552725
0.00722279
0.00891108
0.00891108
0.0122659
0.0073084
0.00896772
0.0106198
0.0122647
0.0139024
0.00578162
0.00903536
0.0106515
0.0122604
0.00590915
0.00590915
0.00752013
0.0091004
0.0091004
0.0122395
0.00758108
0.00758108
0.0106775
0.0122151
0.00764268
0.00916609
0.0106824
0.0106824
0.0136939
0.00621909
0.00920241
0.0106835
0.0106835
0.00631604
0.00777614
0.00633376
0.00923302
0.00923302
0.0121044
0.00782913
0.00924747
0.00924747
0.0120634
0.00787473
0.00926542
0.0106492
0.0120262
0.0133963
0.00792919
0.00928558
0.0106351
0.0119779
0.00665085
0.00797998
0.00666607
0.00930398
0.00930398
0.0119148
0.00801632
0.00930491
0.0105868
0.0118619
0.0131304
0.00678834
0.00930526
0.0105537
0.0117956
0.0068549
0.0068549
0.00808962
0.00930499
0.00930499
0.011716
0.00811176
0.00811176
0.0104835
0.0104835
0.0128291
0.00813991
0.00929651
0.0104466
0.0115903
0.00703776
0.00703776
0.00817357
0.00929158
0.0104032
0.0115085
0.00819182
0.00928439
0.0103706
0.0103706
0.0082138
0.00928114
0.0103422
0.011397
0.00823957
0.00928192
0.0103181
0.011348
0.0123717
0.00726015
0.00928917
0.0102945
0.0112936
0.00731619
0.00831677
0.00734322
0.00929896
0.0102677
0.0102677
0.00835293
0.00930367
0.0102484
0.0102484
0.0121201
0.00838935
0.00931034
0.0102254
0.0102254
0.00752673
0.00753922
0.00843085
0.00931665
0.0101966
0.0075886
0.00845703
0.0093197
0.0101766
0.0110278
0.00848437
0.00932418
0.0101583
0.0109868
0.0109868
0.00851716
0.00851716
0.0101348
0.0109352
0.0109352
0.00775627
0.00932948
0.0101078
0.0101078
0.00856622
0.00857101
0.0085757
0.0093268
0.0093268
0.0108128
0.00859164
0.00859164
0.0100456
0.0107646
0.00860597
0.00931441
0.0100176
0.0100176
0.0114083
0.00862521
0.00930758
0.00998478
0.0106569
0.00798283
0.00864467
0.00864812
0.00929981
0.00994646
0.0105881
0.00866015
0.00929177
0.00991842
0.0105401
0.0111569
0.00806489
0.00928369
0.00928369
0.010483
0.00809855
0.00811517
0.00869794
0.00927592
0.00984915
0.0104176
0.00871146
0.00927052
0.00927052
0.0103746
0.00872522
0.00926567
0.00980152
0.0103328
0.0103328
0.00874215
0.00925979
0.00925979
0.0102816
0.00825045
0.00875772
0.00876086
0.00925178
0.00973831
0.0102205
0.00829492
0.00924624
0.00924624
0.0101803
0.00878409
0.0092405
0.00969269
0.0101407
0.0105845
0.00835767
0.00879732
0.00966421
0.0100915
0.00880695
0.00880915
0.00839622
0.00922243
0.00962953
0.0100327
0.00921651
0.00961174
0.00961174
0.0103905
0.00844305
0.00920631
0.00958218
0.00995424
0.00995424
0.00883469
0.00919544
0.00955247
0.0099058
0.00814567
0.00884129
0.00884242
0.00918113
0.00918113
0.00984777
0.00884679
0.00884679
0.00949213
0.00980954
0.00885034
0.00916082
0.00946787
0.00977151
0.0100718
0.0088533
0.0094437
0.00973389
0.00973389
0.00885597
0.0091363
0.00941339
0.00941339
0.00885619
0.00832369
0.00885549
0.00911667
0.00911667
0.0096297
0.00885303
0.00910186
0.00934765
0.00959043
0.00884927
0.00884927
0.00931995
0.00955088
0.0088438
0.00906894
0.00929121
0.00951063
0.00972723
0.00862087
0.00904567
0.00925392
0.00945942
0.00882576
0.00882327
0.00882065
0.00901539
0.00920749
0.00939697
0.00880897
0.00880897
0.00917503
0.00935425
0.00861728
0.00879149
0.00896322
0.0091325
0.00929935
0.00877494
0.00860598
0.00860598
0.00892298
0.00907797
0.00907797
0.00874499
0.00874499
0.00903898
0.00918263
0.00872195
0.0088612
0.00899828
0.00913321
0.00913321
0.00868942
0.00868942
0.00894456
0.00906904
0.00865994
0.00852549
0.00864395
0.00864395
0.00887497
0.00887497
0.00860952
0.00860952
0.00882525
0.00882525
0.00857203
0.00867346
0.00877309
0.00887095
0.00842722
0.00852159
0.00861423
0.00870518
0.00879445
0.0083807
0.00828479
0.00845509
0.00853783
0.00861897
0.00869855
0.00832884
0.00848337
0.00848337
0.00863185
0.00835575
0.00835575
0.00849542
0.00856312
0.00862942
0.00828777
0.00835131
0.00835131
0.00847436
0.0085339
0.00821471
0.00827168
0.00832739
0.00838185
0.00808406
0.00808406
0.00811973
0.00816938
0.00821788
0.00826524
0.0080523
0.00809743
0.00814146
0.00818441
0.00822631
0.00796388
0.00796388
0.00804253
0.00808035
0.00783474
0.00783474
0.00785138
0.00788539
0.00791849
0.00795068
0.00774122
0.00780298
0.00783257
0.00786132
0.00769077
0.00771789
0.00774422
0.00776977
0.00760622
0.00760622
0.00765356
0.00767614
0.00769801
0.00749633
0.00751683
0.00753668
0.00755587
0.00757442
0.00736388
0.00739914
0.00741586
0.00743201
0.00728749
0.00722498
0.00723946
0.00723946
0.00726682
0.00727973
0.00714158
0.00715352
0.00715352
0.00717601
0.00703078
0.00705148
0.00706119
0.00707049
0.00693014
0.00694755
0.00694755
0.00696345
0.00697086
0.00680119
0.00681499
0.00681499
0.00682749
0.00670141
0.00666892
0.00664209
0.00665225
0.00665225
0.00666134
0.0065378
0.00654174
0.00654545
0.00654893
0.00655221
0.00639885
0.00639885
0.00640442
0.00640694
0.00625553
0.00622721
0.00622721
0.00623112
0.00623286
0.00623446
0.00611465
0.00611601
0.00611726
0.0061184
0.0059991
0.0059991
0.0060009
0.00600167
0.00600167
0.00585363
0.00585418
0.00585466
0.0058551
0.00573652
0.00570716
0.00567776
0.00567801
0.00567821
0.00567839
0.0055598
0.00555994
0.00556016
0.00556016
0.005442
0.00544205
0.00544208
0.00544208
0.0054421
0.00529458
0.00529458
0.00529457
0.00529456
0.00514724
0.00514723
0.00511779
0.00511778
0.00511778
0.00511139
0.00499379
0.00499379
0.00499379
0.00499379
0.00487667
0.00487667
0.00487667
0.00487667
0.00476025
0.00476025
0.00476025
0.00476025
0.00476025
0.00461593
0.00461593
0.00461593
0.00461593
0.00461593
0.00447332
0.00447332
0.00447332
0.00447332
0.00436067
0.00430486
0.00430486
0.00430486
0.00430486
0.00430486
0.00419441
0.00419441
0.00419441
0.00419441
0.00408584
0.00408584
0.00408584
0.00408584
0.00397924
0.00397924
0.00397924
0.00397924
0.00397924
0.0038489
0.0038489
0.0038489
0.0038489
0.00374715
0.00369713
0.00369713
0.00369713
0.00369713
0.00369713
0.00359891
0.00359891
0.00359891
0.00359891
0.00359891
0.00347987
0.00347987
0.00347987
0.00347987
0.00338771
0.0033651
0.00334265
0.00334265
0.00334265
0.00334265
0.00325465
0.00325465
0.00325465
0.00325465
0.00316967
0.00316967
0.00316967
0.00316967
0.00316967
0.00306772
0.00306772
0.00306772
0.00306772
0.00298963
0.00295173
0.00295173
0.00295173
0.00295173
0.00295173
0.00287827
0.00287827
0.00287827
0.00287827
0.00287827
0.00279105
0.00279105
0.00279105
0.00279105
0.00270892
0.00269309
0.00269309
0.00269309
0.00269309
0.00269309
0.00263177
0.00263177
0.00263177
0.00263177
0.00257374
0.00257374
0.00257374
0.00257374
0.00251898
0.00251898
0.00251898
0.00251898
0.00251898
0.00245503
0.00245503
0.00245503
0.00245503
0.00239604
0.00238483
0.00238483
0.00238483
0.00238483
0.00238483
0.0023419
0.0023419
0.0023419
0.0023419
0.0023419
0.00229259
0.00229259
0.00229259
0.00229259
0.00229259
0.00224803
0.00224803
0.00224803
0.00224803
0.00221567
0.00220802
0.00220055
0.00220055
0.00220055
0.00220055
0.00217239
0.00217239
0.00217239
0.00217239
0.00217239
0.00214703
0.00214703
0.00214703
0.00214703
0.0021191
0.0021191
0.0021191
0.0021191
0.00209966
0.00209518
0.00209084
0.00209084
0.00209084
0.00209084
0.00207497
0.00207497
0.00207497
0.00207497
0.00206137
0.00206137
0.00206137
0.00206137
0.00206137
0.00204744
0.00204744
0.00204744
0.00204744
0.00204744
0.00203672
0.00203672
0.00203672
0.00203672
0.00203032
0.0020278
0.0020278
0.0020278
0.0020278
0.0020278
0.00202405
0.00202405
0.00202405
0.00202405
0.00202197
0.00202197
0.00202197
0.00202197
0.00202144
0.00202144
0.00202144
0.00202144
0.00202144
0.00202274
0.00202274
0.00202274
0.00202274
0.002026
0.00202686
0.00202686
0.00202686
0.00202686
0.00202686
0.00203096
0.00203096
0.00203096
0.00203096
0.00203598
0.00203598
0.00203598
0.00203598
0.00203598
0.00204344
0.00204344
0.00204344
0.00204344
0.00205199
0.00205381
0.00205381
0.00205381
0.00205381
0.00205381
0.00205944
0.00205944
0.00205944
0.00205944
0.00206932
0.00206932
0.00206932
0.00206932
0.00206932
0.00207973
0.00207973
0.00207973
0.00207973
0.00207973
0.0020904
0.00209255
0.00209255
0.00209255
0.00209255
0.00210113
0.00210113
0.00210113
0.00210113
0.00210113
0.00211176
0.00211176
0.00211176
0.00211176
0.00212006
0.00212411
0.00212411
0.00212411
0.00212411
0.00212411
0.00213198
0.00213198
0.00213198
0.00213198
0.00213198
0.00214135
0.00214135
0.00214135
0.00214135
0.00214135
0.00214999
0.00214999
0.00214999
0.00214999
0.00215768
0.00215768
0.00215909
0.00215909
0.00215909
0.00215909
0.00216426
0.00216426
0.00216426
0.00216426
0.00216864
0.00216864
0.00216864
0.00216864
0.00216864
0.00217294
0.00217294
0.00217294
0.00217294
0.00217585
0.00217625
0.00217625
0.00217625
0.00217625
0.00217625
0.00217717
0.00217717
0.00217717
0.00217717
0.00217717
0.00217688
0.00217688
0.00217688
0.00217688
0.00217548
0.00217437
0.00217437
0.00217437
0.00217437
0.00217437
0.00217136
0.00217136
0.00217136
0.00217136
0.00216726
0.00216726
0.00216726
0.00216726
0.00216207
0.00216207
0.00216207
0.00216207
0.00216207
0.002154
0.002154
0.002154
0.002154
0.00214416
0.00214198
0.00214198
0.00214198
0.00214198
0.00214198
0.00213252
0.00213252
0.00213252
0.00213252
0.00213252
0.0021191
0.0021191
0.0021191
0.0021191
0.00210394
0.00210394
0.00210069
0.00210069
0.00210069
0.00210069
0.002087
0.002087
0.002087
0.002087
0.00207221
0.00207221
0.00207221
0.00207221
0.00207221
0.00205222
0.00205222
0.00205222
0.00205222
0.00203505
0.00203058
0.00202606
0.00202606
0.00202606
0.00202606
0.00200732
0.00200732
0.00200732
0.00200732
0.0019876
0.0019876
0.0019876
0.0019876
0.0019876
0.00196164
0.00196164
0.00196164
0.00196164
0.00196164
0.00193428
0.00193428
0.00193428
0.00193428
0.00191142
0.00190558
0.00189968
0.00189968
0.00189968
0.00189968
0.00187561
0.00187561
0.00187561
0.00187561
0.00185085
0.00185085
0.00185085
0.00185085
0.00185085
0.00181895
0.00181895
0.00181895
0.00181895
0.00181895
0.00178608
0.00178608
0.00178608
0.00178608
0.00175914
0.00175231
0.00174546
0.00174546
0.00174546
0.00174546
0.00171773
0.00171773
0.00171773
0.00171773
0.0016896
0.0016896
0.0016896
0.0016896
0.0016611
0.0016611
0.0016611
0.0016611
0.0016611
0.00162501
0.00162501
0.00162501
0.00162501
0.00162501
0.00158848
0.00158848
0.00158848
0.00158848
0.00155162
0.00154421
0.00154421
0.00154421
0.00154421
0.00154421
0.0015145
0.0015145
0.0015145
0.0015145
0.00148474
0.00148474
0.00148474
0.00148474
0.00148474
0.00144755
0.00144755
0.00144755
0.00144755
0.00144755
0.00141042
0.00141042
0.00141042
0.00141042
0.00137344
0.00136607
0.00136607
0.00136607
0.00136607
0.00136607
0.00133669
0.00133669
0.00133669
0.00133669
0.00130755
0.00130755
0.00130755
0.00130755
0.00130755
0.00127154
0.00127154
0.00127154
0.00127154
0.00127154
0.00123605
0.00123605
0.00123605
0.00123605
0.00120807
0.00119424
0.00119424
0.00119424
0.00119424
0.00119424
0.00116695
0.00116695
0.00116695
0.00116695
0.0011402
0.0011402
0.0011402
0.0011402
0.00111397
0.00111397
0.00111397
0.00111397
0.00111397
0.00108193
0.00108193
0.00108193
0.00108193
0.00105077
0.00105077
0.00104464
0.00104464
0.00104464
0.00104464
0.00102048
0.00102048
0.00102048
0.00102048
0.000996943
0.000996943
0.000996943
0.000996943
0.000996943
0.000968452
0.000968452
0.000968452
0.000968452
0.000941027
0.000941027
0.000935671
0.000935671
0.000935671
0.000935671
0.000914691
0.000914691
0.000914691
0.000914691
0.000894466
0.000894466
0.000894466
0.000894466
0.000894466
0.000870255
0.000870255
0.000870255
0.000870255
0.000870255
0.000847224
0.000847224
0.000847224
0.000847224
0.000829641
0.00082113
0.00082113
0.00082113
0.00082113
0.00082113
0.000804677
0.000804677
0.000804677
0.000804677
0.000788997
0.000788997
0.000788997
0.000788997
0.000788997
0.000770473
0.000770473
0.000770473
0.000770473
0.000770473
0.000749808
0.000749808
0.000749808
0.000749808
0.000749808
0.000736966
0.000736966
0.000736966
0.000736966
0.000736966
0.000721944
0.000721944
0.000721944
0.000721944
0.000710752
0.000708064
0.000705418
0.000705418
0.000705418
0.000705418
0.000695271
0.000695271
0.000695271
0.000695271
0.00068584
0.00068584
0.00068584
0.00068584
0.00068584
0.000675023
0.000675023
0.000675023
0.000675023
0.000675023
0.000665238
0.000665238
0.000665238
0.000665238
0.000658118
0.000656434
0.000654787
0.000654787
0.000654787
0.000654787
0.000648568
0.000648568
0.000648568
0.000648568
0.00064294
0.00064294
0.00064294
0.00064294
0.00064294
0.00063669
0.00063669
0.00063669
0.00063669
0.00063669
0.000631261
0.000631261
0.000631261
0.000631261
0.000627467
0.000625744
0.000625744
0.000625744
0.000625744
0.000625744
0.000622624
0.000622624
0.000622624
0.000622624
0.000619936
0.000619936
0.000619936
0.000619936
0.000619936
0.00061714
0.00061714
0.00061714
0.00061714
0.00061714
0.000614907
0.000614907
0.000614907
0.000614907
0.000613185
0.000613185
0.000612896
0.000612896
0.000612896
0.000612896
0.000611909
0.000611909
0.000611909
0.000611909
0.000611173
0.000611173
0.000611173
0.000611173
0.00061068
0.00061068
0.00061068
0.00061068
0.00061068
0.000610362
0.000610362
0.000610362
0.000610362
0.000610362
0.000610363
0.000610392
0.000610392
0.000610392
0.000610392
0.000610598
0.000610598
0.000610598
0.000610598
0.000610918
0.000610918
0.000610918
0.000610918
0.00061133
0.00061133
0.00061133
0.00061133
0.00061133
0.000611925
0.000611925
0.000611925
0.000611925
0.000611925
0.000612583
0.000612583
0.000612583
0.000612583
0.000613116
0.000613377
0.000613377
0.000613377
0.000613377
0.000613377
0.000613876
0.000613876
0.000613876
0.000613876
0.000614327
0.000614327
0.000614327
0.000614327
0.000614796
0.000614796
0.000614796
0.000614796
0.000614796
0.000615126
0.000615173
0.000615173
0.000615173
0.000615173
0.000615296
0.000615296
0.000615296
0.000615296
0.000615296
0.000615302
0.000615302
0.000615302
0.000615302
0.00061517
0.00061517
0.00061517
0.00061517
0.00061517
0.000614787
0.000614787
0.000614787
0.000614787
0.000614558
0.000614135
0.000614135
0.000614135
0.000614135
0.000613185
0.000612954
0.000612954
0.000612954
0.000612954
0.000612954
0.000611889
0.000611889
0.000611889
0.000611889
0.00061059
0.00061059
0.00061059
0.00061059
0.00061059
0.000608643
0.000608643
0.000608643
0.000608643
0.000608643
0.000606314
0.000606314
0.000606314
0.000606314
0.000604154
0.000603575
0.00060298
0.00060298
0.00060298
0.00060298
0.000600439
0.000600439
0.000600439
0.000600439
0.000600439
0.000596931
0.000596931
0.000596931
0.000596931
0.000593038
0.000593038
0.000592211
0.000592211
0.000592211
0.000592211
0.000588745
0.000588745
0.000588745
0.000588745
0.000585022
0.000585022
0.000585022
0.000585022
0.00057999
0.00057999
0.00057999
0.00057999
0.00057999
0.000575687
0.000573443
0.000573443
0.000573443
0.000573443
0.000573443
0.000568759
0.000568759
0.000568759
0.000568759
0.000563836
0.000563836
0.000563836
0.000563836
0.000563836
0.000557376
0.000557376
0.000557376
0.000557376
0.000551949
0.000550555
0.000549146
0.000549146
0.000549146
0.000549146
0.000543379
0.000543379
0.000543379
0.000543379
0.000537406
0.000537406
0.000537406
0.000537406
0.000531238
0.000531238
0.000531238
0.000531238
0.000531238
0.000523284
0.000523284
0.000523284
0.000523284
0.000523284
0.000515033
0.000515033
0.000515033
0.000515033
0.000508237
0.000504773
0.000504773
0.000504773
0.000504773
0.000504773
0.000497748
0.000497748
0.000497748
0.000497748
0.000490621
0.000490621
0.000490621
0.000490621
0.000490621
0.000481579
0.000481579
0.000481579
0.000481579
0.000472364
0.000472364
0.000470499
0.000470499
0.000470499
0.000470499
0.000462973
0.000462973
0.000462973
0.000462973
0.000455383
0.000455383
0.000455383
0.000455383
0.000455383
0.000445824
0.000445824
0.000445824
0.000445824
0.000438134
0.00043428
0.00043428
0.00043428
0.00043428
0.00043428
0.000426556
0.000426556
0.000426556
0.000426556
0.000418841
0.000418841
0.000418841
0.000418841
0.000411147
0.000411147
0.000411147
0.000411147
0.000411147
0.000401579
0.000401579
0.000401579
0.000401579
0.000401579
0.00039206
0.00039206
0.00039206
0.00039206
0.000384482
0.000382595
0.00038071
0.00038071
0.00038071
0.00038071
0.000373209
0.000373209
0.000373209
0.000373209
0.000365783
0.000365783
0.000365783
0.000365783
0.000358436
0.000358436
0.000358436
0.000358436
0.000358436
0.000349386
0.000349386
0.000349386
0.000349386
0.000349386
0.000340483
0.000340483
0.000340483
0.000340483
0.000331731
0.000329999
0.000329999
0.000329999
0.000329999
0.000329999
0.000323131
0.000323131
0.000323131
0.000323131
0.000316391
0.000316391
0.000316391
0.000316391
0.000309791
0.000309791
0.000309791
0.000309791
0.000309791
0.000301743
0.000301743
0.000301743
0.000301743
0.000301743
0.000293944
0.000293944
0.000293944
0.000293944
0.000286396
0.000286396
0.000284916
0.000284916
0.000284916
0.000284916
0.000279105
0.000279105
0.000279105
0.000279105
0.000273477
0.000273477
0.000273477
0.000273477
0.000273477
0.000266698
0.000266698
0.000266698
0.000266698
0.000261465
0.000258915
