-0.00230873
-0.00230873
-0.00461835
-0.00692796
-0.00923645
-0.0115461
-0.0115461
-0.0138557
-0.0161653
-0.0184475
-0.0207571
-0.0230667
-0.0253763
-0.0272223
-0.0293257
-0.0316353
-0.033945
-0.0362547
-0.0385644
-0.0395268
-0.0418365
-0.0441462
-0.0464559
-0.0464743
-0.0487841
-0.0510938
-0.0534036
-0.0514731
-0.0537828
-0.0560926
-0.0584024
-0.0607122
-0.057388
-0.0596978
-0.0584261
-0.0607359
-0.0630457
-0.0653555
-0.0621797
-0.0644896
-0.0667994
-0.0691093
-0.0714191
-0.0661473
-0.0684572
-0.070767
-0.0730769
-0.0688792
-0.0695115
-0.0701253
-0.0724352
-0.0747451
-0.077055
-0.0724121
-0.074722
-0.0770319
-0.0793419
-0.0744577
-0.0767676
-0.0790775
-0.0813875
-0.0781593
-0.0785972
-0.0785972
-0.0809072
-0.0832172
-0.0759747
-0.0782847
-0.0805947
-0.0829048
-0.0773396
-0.0776475
-0.0779419
-0.080252
-0.0825621
-0.0848722
-0.0789825
-0.0812926
-0.0836028
-0.0859129
-0.0882231
-0.0799737
-0.082284
-0.0845942
-0.0869044
-0.0783131
-0.0806234
-0.0807124
-0.0830227
-0.085333
-0.0876433
-0.078623
-0.0809334
-0.0832437
-0.0855541
-0.0786332
-0.0809436
-0.0832541
-0.0855645
-0.0760547
-0.0783652
-0.0806758
-0.0829863
-0.0852968
-0.075498
-0.0753542
-0.0776648
-0.0799755
-0.0822861
-0.077172
-0.0794827
-0.0817934
-0.084104
-0.0864147
-0.0761601
-0.0761601
-0.0784708
-0.0807816
-0.0728907
-0.0700559
-0.0723667
-0.0746776
-0.0769884
-0.0715293
-0.0738401
-0.0761508
-0.0784614
-0.080772
-0.0700105
-0.0723208
-0.0746311
-0.0769413
-0.0660528
-0.0683628
-0.0680193
-0.0703291
-0.0726389
-0.0749487
-0.0666013
-0.0689107
-0.0712202
-0.0735297
-0.0758391
-0.0647358
-0.0647358
-0.0670449
-0.069354
-0.0716631
-0.0604705
-0.0627792
-0.0650879
-0.0673966
-0.0697053
-0.0584291
-0.0607372
-0.0630453
-0.0653535
-0.0540024
-0.0535702
-0.0558778
-0.0581853
-0.0604929
-0.0627997
-0.0541272
-0.056434
-0.0587407
-0.0610474
-0.0523511
-0.0546573
-0.0569634
-0.0592696
-0.0615751
-0.0478109
-0.0501165
-0.052422
-0.0547275
-0.0460233
-0.0428223
-0.045127
-0.0474317
-0.0497364
-0.0520402
-0.0433258
-0.0456294
-0.047933
-0.0502365
-0.0415108
-0.0438136
-0.0461164
-0.0484191
-0.0507219
-0.0392299
-0.0415318
-0.0438337
-0.0461356
-0.0484363
-0.0369456
-0.0392464
-0.0415471
-0.0438478
-0.0461473
-0.0346725
-0.0369717
-0.0392709
-0.0415702
-0.0305744
-0.0301281
-0.0296837
-0.0319819
-0.03428
-0.0365769
-0.0279279
-0.0302248
-0.0325218
-0.0348175
-0.0262149
-0.0285106
-0.0308063
-0.033102
-0.035396
-0.0241569
-0.026451
-0.028745
-0.0310373
-0.019915
-0.0195395
-0.0218317
-0.0241224
-0.0264128
-0.0287027
-0.0203726
-0.0226625
-0.0249525
-0.0249525
-0.0272407
-0.0163711
-0.0186594
-0.0209476
-0.0232341
-0.0150897
-0.0147814
-0.0144782
-0.0167648
-0.0190489
-0.0213331
-0.0133089
-0.0155931
-0.0178748
-0.0201565
-0.0122107
-0.0144924
-0.0167719
-0.0190509
-0.0111846
-0.0134631
-0.0157415
-0.01802
-0.0202961
-0.0100074
-0.0122835
-0.0145597
-0.0168358
-0.009149
-0.00647204
-0.00647204
-0.00874576
-0.0110195
-0.01329
-0.00571611
-0.00798661
-0.0102571
-0.0125241
-0.0147905
-0.0048583
-0.00712463
-0.00939096
-0.0116543
-0.00184438
-0.00170832
-0.00397168
-0.00623504
-0.00849528
-0.0107555
-0.00346846
-0.0057287
-0.00798479
-0.0102409
-0.00303092
-0.005287
-0.00754309
-0.00979475
-0.0120464
-0.00258125
-0.00483291
-0.00708457
-0.00708457
-0.0093315
1.42311e-05
-0.00223271
-0.00447964
-0.00672153
-0.00896238
0.000274791
-0.00196605
-0.00420689
-0.0064434
-0.0086799
0.000455464
-0.00178104
-0.00401754
-0.00624946
0.000542711
0.00279889
0.000566964
-0.00166013
-0.00388722
-0.00611432
0.000587456
-0.00163322
-0.0038539
-0.00607458
0.000569904
-0.00164532
-0.00385914
-0.00607153
-0.00828391
0.000493678
0.000493678
-0.00171871
-0.00392519
-0.00613166
0.00255264
0.000346159
-0.00185408
-0.00405431
0.00454208
0.00449024
0.0022966
0.000102958
-0.00209069
-0.00428433
0.00207981
-0.000105067
-0.00228994
-0.00447482
0.00184017
-0.000335315
-0.0025108
-0.00468628
-0.00686177
0.00151228
-0.000653142
-0.00281646
-0.00497978
0.00330905
0.00330905
0.00322615
0.00107154
-0.00108308
-0.0032377
0.00290207
0.00075905
-0.00138397
-0.00352698
-0.00567
0.00250753
0.000377022
-0.00175087
-0.00387877
0.00427335
0.00419727
0.00208026
-3.67572e-05
-0.00215377
-0.00427079
0.00181733
-0.000288107
-0.00239354
-0.00449897
0.00156341
-0.000529689
-0.00262279
-0.0047159
-0.006809
0.00335275
0.00127617
-0.000800402
-0.00287698
0.00312487
0.00508435
0.00302562
0.000966886
-0.00109185
-0.00315058
0.00279795
0.000762471
-0.00127301
-0.00330849
0.00257242
0.000553623
-0.00146517
-0.00348397
0.00233621
0.000317419
-0.00168369
-0.00368479
-0.0056859
0.0020032
2.57265e-05
-0.00195175
-0.00392922
0.0036726
0.00169513
0.00164727
0.00164727
-0.000304725
-0.00225672
0.00337161
0.00144714
-0.000471567
-0.00239027
0.00321153
0.00129283
-0.000601888
-0.0024966
-0.00439132
0.00302193
0.00112721
-0.000741994
-0.0026112
0.00471607
0.00284687
0.0010048
-0.000837274
-0.00267934
0.00275387
0.00275585
0.00275341
0.000947707
-0.000857996
-0.0026637
0.00273932
0.000981202
-0.00077692
-0.00253504
0.00456587
0.00280775
0.00108396
-0.000639828
-0.00236362
0.00469321
0.00296943
0.00129178
-0.00038586
-0.0020635
0.00665257
0.00502497
0.00340787
0.00179076
0.000173664
0.005395
0.00382168
0.00224835
0.000675024
0.00586369
0.00433709
0.00281049
0.00128388
-0.000242718
0.00656406
0.00510027
0.00363648
0.00217268
0.00873356
0.00889422
0.00911643
0.00773492
0.00635341
0.011377
0.00999549
0.00867331
0.00735113
0.00602895
0.0109981
0.00967597
0.0084169
0.00715783
0.012064
0.0108049
0.00961289
0.00842082
0.00722876
0.013548
0.0124453
0.0113427
0.0102401
0.0164151
0.0153887
0.0143821
0.0133954
0.0133954
0.0180532
0.0184519
0.01884
0.0179361
0.0170322
0.0161283
0.0206131
0.0197092
0.018915
0.0181208
0.0173265
0.0230012
0.0223235
0.0216699
0.0210164
0.0253061
0.0270426
0.026488
0.0259334
0.0253789
0.0248243
0.0289815
0.0285299
0.0280784
0.0276268
0.0271752
0.0311954
0.0308504
0.0305054
0.0301604
0.0350346
0.0350346
0.0348272
0.0346198
0.0344124
0.0389704
0.0389326
0.0388948
0.038857
0.0421663
0.0437649
0.0438129
0.043861
0.0439091
0.0441006
0.0471354
0.0473269
0.0475184
0.0477099
0.0505223
0.0508555
0.0511886
0.0515217
0.0545197
0.0549899
0.0554867
0.0559835
0.0564803
0.0585652
0.0598028
0.0598028
0.0604026
0.0610025
0.0616023
0.063255
0.0639513
0.0646477
0.0653441
0.0660405
0.0674354
0.0682413
0.0690471
0.069853
0.0706703
0.0714912
0.0724091
0.0733269
0.0742448
0.0752241
0.0755504
0.0765297
0.0775091
0.0784884
0.0784543
0.0794944
0.0805345
0.0815746
0.0807208
0.0818088
0.0828967
0.0828967
0.0839846
0.0825025
0.0835904
0.084105
0.0852092
0.0863133
0.0874174
0.0859226
0.0870305
0.0881383
0.0892462
0.0873639
0.0884633
0.0895627
0.090662
0.0917346
0.0885796
0.0896521
0.0907247
0.0917972
0.0890772
0.0881097
0.0891286
0.0901475
0.0911664
0.0921384
0.0879616
0.0889335
0.0899055
0.0908774
0.0874272
0.08833
0.0892328
0.0901356
0.0910384
0.0860389
0.0876544
0.0876544
0.0884622
0.0844084
0.0839071
0.0833966
0.0841355
0.0848744
0.0855411
0.0811278
0.0817945
0.0824612
0.0831279
0.0837202
0.0778117
0.078404
0.0789963
0.0794938
0.0742093
0.0720459
0.0725435
0.073041
0.0734433
0.0738266
0.0688658
0.0692491
0.0696324
0.0700157
0.0649704
0.0652781
0.0655858
0.0658935
0.0661268
0.0597002
0.0599335
0.0601668
0.0603095
0.0551851
0.0540228
0.0528661
0.0529386
0.0529939
0.0530323
0.0479347
0.0479731
0.0480115
0.0480115
0.0479834
0.0417028
0.0416748
0.0416468
0.0415551
0.0354424
0.0353508
0.0340864
0.0339948
0.0338278
0.0336609
0.0289166
0.0287497
0.0285828
0.0283453
0.0237242
0.0234867
0.0232492
0.0229459
0.0184671
0.0181638
0.0178605
0.0175079
0.0171435
0.0118601
0.011484
0.0111079
0.0107318
0.0103109
0.00577404
0.00535308
0.00493212
0.00451115
0.000745807
-0.000521886
-0.00177271
-0.00224565
-0.00271859
-0.00323904
-0.00670843
-0.00723785
-0.00776728
-0.00829671
-0.00882614
-0.0126712
-0.0132348
-0.0137985
-0.0143622
-0.014965
-0.018401
-0.0190039
-0.0196067
-0.0202381
-0.0228126
-0.0243141
-0.0249589
-0.0256036
-0.0256036
-0.0262484
-0.028407
-0.0290767
-0.0297465
-0.0304163
-0.0323018
-0.0329998
-0.0336979
-0.0343959
-0.0359793
-0.0367024
-0.0374301
-0.0381579
-0.0388856
-0.0402973
-0.0410251
-0.0417703
-0.0425156
-0.0432608
-0.0442247
-0.0449894
-0.0457542
-0.046519
-0.0472838
-0.0478211
-0.048603
-0.0493881
-0.0501732
-0.0509583
-0.0510496
-0.0518466
-0.0518466
-0.0526436
-0.0523036
-0.0531006
-0.0536286
-0.0544363
-0.0552441
-0.0560518
-0.0555813
-0.0564011
-0.0572208
-0.0580406
-0.0573032
-0.0581338
-0.0589663
-0.0597989
-0.0588178
-0.0596504
-0.0604907
-0.0613311
-0.0621715
-0.060397
-0.0612448
-0.0620925
-0.0629403
-0.060801
-0.0610149
-0.0610149
-0.0618698
-0.0627247
-0.0635795
-0.0617289
-0.0625926
-0.0634562
-0.0643199
-0.0651836
-0.0623654
-0.0632398
-0.0641142
-0.0649886
-0.062675
-0.06188
-0.0627619
-0.0636439
-0.0645259
-0.0654079
-0.0628153
-0.0637075
-0.0645996
-0.0654918
-0.0627213
-0.0636247
-0.0645305
-0.0645305
-0.0615876
-0.0624934
-0.0633992
-0.0643152
-0.0652313
-0.0610993
-0.0620153
-0.0629313
-0.0638615
-0.0647918
-0.0604238
-0.0602656
-0.061212
-0.0621619
-0.0631117
-0.0596161
-0.060566
-0.0615159
-0.0624805
-0.0588584
-0.0598231
-0.0607878
-0.061773
-0.0627582
-0.0578239
-0.0588092
-0.0598126
-0.0608209
-0.056959
-0.0544774
-0.0565037
-0.0565037
-0.0575169
-0.0585507
-0.0558089
-0.0568428
-0.0578766
-0.0589329
-0.0535597
-0.054616
-0.0556722
-0.0567588
-0.0578455
-0.0523422
-0.0534289
-0.0545155
-0.0556351
-0.0567548
-0.0511311
-0.0522507
-0.0533704
-0.0545256
-0.0501858
-0.049958
-0.0497243
-0.050887
-0.0520803
-0.0490494
-0.0502427
-0.051436
-0.051436
-0.0526614
-0.0467316
-0.0479571
-0.0491825
-0.0504079
-0.0516754
-0.0456479
-0.0469154
-0.0481828
-0.0494943
-0.0448791
-0.0431989
-0.0445194
-0.0458399
-0.047197
-0.0485542
-0.0438455
-0.0452027
-0.0465598
-0.047964
-0.0493682
-0.0430695
-0.0444737
-0.0459164
-0.0473687
-0.0409955
-0.0424576
-0.0423367
-0.0423367
-0.0437988
-0.0453002
-0.0404157
-0.041917
-0.0434183
-0.0449591
-0.0465
-0.0399355
-0.0414763
-0.0430668
-0.0446573
-0.0396654
-0.0379319
-0.0395621
-0.0412021
-0.0428521
-0.044502
-0.0394372
-0.0410871
-0.0427765
-0.0444659
-0.0444659
-0.0376319
-0.0410498
-0.0410498
-0.0427784
-0.0375806
-0.0358088
-0.0375373
-0.0393141
-0.0410909
-0.0428678
-0.0375681
-0.0393923
-0.0412166
-0.0430408
-0.0376893
-0.0395135
-0.0413842
-0.0432639
-0.0378724
-0.0397522
-0.041632
-0.0435478
-0.0454637
-0.0381557
-0.0400716
-0.0420227
-0.0439738
-0.0365466
-0.0384977
-0.0385536
-0.0385536
-0.0405475
-0.0425415
-0.0368872
-0.0388811
-0.040875
-0.0429102
-0.0352321
-0.0372673
-0.0393026
-0.0413777
-0.0434605
-0.0376558
-0.0357576
-0.0378405
-0.0399538
-0.0420671
-0.0441804
-0.0382606
-0.0403739
-0.0425238
-0.0446737
-0.0386964
-0.0408463
-0.0430242
-0.0452091
-0.0452091
-0.0392988
-0.0392988
-0.0414904
-0.0437086
-0.0375775
-0.0376915
-0.0377985
-0.0400166
-0.0422602
-0.0445038
-0.0382316
-0.0404752
-0.0427432
-0.0450113
-0.0386456
-0.0409137
-0.043211
-0.0455082
-0.039046
-0.0413433
-0.0436629
-0.0459879
-0.0483184
-0.0395123
-0.0418427
-0.0441732
-0.0465247
-0.0398153
-0.0398807
-0.0399378
-0.0423095
-0.0423095
-0.0446812
-0.0377946
-0.0401663
-0.0425621
-0.0449579
-0.0473537
-0.0380005
-0.0403964
-0.042815
-0.0452381
-0.0357211
-0.0381442
-0.0381566
-0.0405797
-0.04302
-0.0454603
-0.0381845
-0.0406248
-0.0430856
-0.0455464
-0.0381808
-0.0406416
-0.0431179
-0.0455981
-0.0356634
-0.0381473
-0.0406311
-0.0406311
-0.043115
-0.0355838
-0.033041
-0.0355393
-0.0380376
-0.0405497
-0.0329398
-0.0354519
-0.0379639
-0.040476
-0.0430043
-0.0353735
-0.0379018
-0.0404301
-0.0429734
-0.0455197
-0.035336
-0.0378822
-0.0404285
-0.0429748
-0.0327732
-0.0327755
-0.0353329
-0.0378904
-0.040461
-0.0430315
-0.0353697
-0.0379403
-0.0405207
-0.0405207
-0.0328549
-0.03544
-0.0380252
-0.0406103
-0.0431954
-0.0329473
-0.0355414
-0.0381356
-0.0407297
-0.0330267
-0.0304625
-0.0330651
-0.0356678
-0.0382705
-0.0408831
-0.0331289
-0.0357415
-0.0383542
-0.0409761
-0.0435981
-0.0331963
-0.0358182
-0.0384402
-0.0410708
-0.0306075
-0.0332398
-0.033244
-0.0358763
-0.0358763
-0.0411538
-0.0332491
-0.0332491
-0.0358879
-0.0385327
-0.0305845
-0.0332293
-0.0358741
-0.038519
-0.0305318
-0.0331837
-0.0358356
-0.0384876
-0.0411461
-0.0304489
-0.0331087
-0.0357685
-0.0384284
-0.0303659
-0.0303434
-0.0303188
-0.0329835
-0.0356528
-0.0383222
-0.0302126
-0.032882
-0.0355513
-0.038226
-0.038226
-0.0273826
-0.0300573
-0.0327321
-0.0354118
-0.0245309
-0.0272115
-0.0271748
-0.0298554
-0.0325397
-0.0352241
-0.0270226
-0.0297069
-0.0297069
-0.0323946
-0.024175
-0.0268627
-0.0295505
-0.0322382
-0.0349299
-0.0239654
-0.0266571
-0.0293488
-0.0320442
-0.0347403
-0.0237616
-0.0237209
-0.026417
-0.0291157
-0.0318145
-0.0235607
-0.0262595
-0.0289582
-0.0316595
-0.0233995
-0.0261008
-0.028802
-0.0315062
-0.0342103
-0.0232046
-0.0259087
-0.0259087
-0.0286155
-0.0176069
-0.0203141
-0.0202776
-0.0229849
-0.0256921
-0.0284013
-0.0201328
-0.0228419
-0.0255511
-0.0282621
-0.0199949
-0.0227058
-0.0254168
-0.0281297
-0.0308427
-0.0198423
-0.0225552
-0.0252682
-0.027983
-0.0170006
-0.016978
-0.0196932
-0.0224083
-0.0251248
-0.0278413
-0.0196112
-0.0223277
-0.0250454
-0.0277631
-0.0195412
-0.0222589
-0.0222589
-0.0249766
-0.0276957
-0.016752
-0.019471
-0.0221901
-0.0249104
-0.0139785
-0.016699
-0.0166901
-0.0194106
-0.022132
-0.0248534
-0.0166601
-0.0193815
-0.0221029
-0.0248251
-0.0166398
-0.019362
-0.0220842
-0.0248073
-0.0275304
-0.0166348
-0.0193579
-0.0220817
-0.0248055
-0.0275296
-0.0166528
-0.0193769
-0.0221009
-0.0221009
-0.0112368
-0.0139614
-0.0139689
-0.0166934
-0.0194185
-0.0221436
-0.0140009
-0.016726
-0.0194511
-0.0221767
-0.0140382
-0.0167638
-0.0194894
-0.0222155
-0.0140879
-0.016814
-0.0195401
-0.0222662
-0.0249927
-0.0141731
-0.0168996
-0.0196261
-0.0223526
-0.0250794
-0.0115588
-0.0142857
-0.0170126
-0.0197395
-0.0116629
-0.0116888
-0.0117138
-0.0144409
-0.0171681
-0.0198954
-0.0118009
-0.0145282
-0.0172555
-0.019983
-0.0118611
-0.0145886
-0.0173161
-0.0200436
-0.0227713
-0.0118989
-0.0146266
-0.0173543
-0.0200821
-0.00917722
-0.011905
-0.0119036
-0.0146314
-0.0173593
-0.0200873
-0.00916507
-0.014621
-0.014621
-0.0173489
-0.00915386
-0.0118819
-0.0146099
-0.0173379
-0.020066
-0.00915516
-0.0118832
-0.0146113
-0.0173393
-0.0200674
-0.00918983
-0.0119179
-0.014646
-0.0173742
-0.0201023
-0.00926901
-0.00929046
-0.0120186
-0.0147467
-0.0174749
-0.00939498
-0.0121231
-0.0148513
-0.0175794
-0.00952752
-0.00952752
-0.0122557
-0.0149838
-0.0177119
-0.00700324
-0.00973137
-0.0124595
-0.0151876
-0.0179157
-0.00724667
-0.00997478
-0.0127029
-0.015431
-0.00746793
-0.00485888
-0.00758696
-0.010315
-0.0130431
-0.0157712
-0.00783577
-0.0105638
-0.0132919
-0.0160199
-0.00808628
-0.0108143
-0.0135423
-0.0162703
-0.0189983
-0.00838384
-0.0111118
-0.0138398
-0.0165677
-0.00592291
-0.00592291
-0.00597213
-0.00870007
-0.011428
-0.0141559
-0.00615589
-0.0088838
-0.0116117
-0.0143396
-0.0170674
-0.00636666
-0.00909452
-0.0118224
-0.0145502
-0.00385379
-0.00658161
-0.00662697
-0.00935479
-0.0120826
-0.0148104
-0.00682034
-0.00954813
-0.0122759
-0.0150037
-0.00703783
-0.00976559
-0.0124934
-0.0152211
-0.0179488
-0.00735188
-0.0100796
-0.0100796
-0.0128073
-0.015535
-0.00498528
-0.00771298
-0.0104407
-0.0131684
-0.0026586
-0.00274299
-0.00547067
-0.00819835
-0.0109258
-0.0136533
-0.00582103
-0.00854848
-0.0112757
-0.0140028
-0.00619246
-0.00891963
-0.0116464
-0.0143732
-0.0171
-0.00668872
-0.00941519
-0.0121416
-0.0148679
-0.0175942
-0.00721713
-0.00994344
-0.0126694
-0.0126694
-0.0153954
-0.00504305
-0.00776903
-0.010495
-0.0132206
-0.0028813
-0.00299492
-0.00572046
-0.00844554
-0.0111705
-0.0138955
-0.00617643
-0.00890142
-0.011626
-0.0143506
-0.0170752
-0.0067583
-0.0094825
-0.0122067
-0.0149309
-0.00723891
-0.00736147
-0.00748445
-0.0102082
-0.012932
-0.0156558
-0.00526012
-0.00798334
-0.0107066
-0.0134298
-0.00316947
-0.00589211
-0.00861462
-0.0113371
-0.0140597
-0.00380698
-0.006529
-0.00665713
-0.00937915
-0.0121012
-0.0148232
-0.00717525
-0.00989674
-0.0126182
-0.0153397
-0.0180605
-0.00783715
-0.010558
-0.0132788
-0.015999
-0.0187191
-0.00851733
-0.0112373
-0.0139572
-0.0166771
-0.00648976
-0.00662842
-0.00662842
-0.00934772
-0.012067
-0.0147857
-0.0071811
-0.00989976
-0.0126184
-0.0153371
-0.00772967
-0.0104475
-0.0131653
-0.0158831
-0.0185999
-0.00841207
-0.0111288
-0.0138454
-0.0165621
-0.00895886
-0.00651567
-0.00923157
-0.0119475
-0.0146634
-0.0173785
-0.00977535
-0.0124904
-0.0152055
-0.0179197
-0.0103145
-0.0130286
-0.0157427
-0.0157427
-0.0184568
-0.00826931
-0.0109823
-0.0136954
-0.0164084
-0.0191203
-0.00892607
-0.0116377
-0.0143494
-0.017061
-0.00685463
-0.0069802
-0.00969085
-0.0124015
-0.0151121
-0.0178217
-0.0101854
-0.012895
-0.0156046
-0.0183128
-0.0106689
-0.0133771
-0.0160853
-0.0187935
-0.0215002
-0.0112698
-0.0139765
-0.0166833
-0.0193887
-0.00916823
-0.011873
-0.0092892
-0.011994
-0.0146987
-0.0174035
-0.00977428
-0.0124777
-0.0151811
-0.0178845
-0.0205864
-0.0103759
-0.0130778
-0.0157798
-0.0184802
-0.00827199
-0.0083907
-0.0110911
-0.0137895
-0.0164878
-0.0191862
-0.0115558
-0.0142542
-0.0169504
-0.0196461
-0.0120086
-0.0147043
-0.0174
-0.0200939
-0.0124496
-0.0151434
-0.0178373
-0.0178373
-0.0232224
-0.010289
-0.0129803
-0.0156716
-0.0183629
-0.0081009
-0.0081962
-0.0108842
-0.0135723
-0.0162603
-0.018946
-0.0112519
-0.0139376
-0.0166233
-0.019309
-0.0116016
-0.0142848
-0.016968
-0.0196512
-0.0223318
-0.0120183
-0.0146989
-0.0173795
-0.0200566
-0.00973735
-0.0124145
-0.0124919
-0.015166
-0.015166
-0.0178386
-0.0101097
-0.0127823
-0.0154549
-0.0181274
-0.0103914
-0.0130607
-0.0157301
-0.0183994
-0.0210653
-0.0107246
-0.0133905
-0.0160564
-0.0187176
-0.00837797
-0.0110393
-0.0111011
-0.0137585
-0.0164148
-0.0190701
-0.0113297
-0.013985
-0.013985
-0.0166403
-0.00889975
-0.0115508
-0.0142018
-0.0168528
-0.0194992
-0.00916567
-0.0118121
-0.0144585
-0.0171001
-0.00936654
-0.00682363
-0.00946521
-0.0121003
-0.0147354
-0.0173705
-0.00964487
-0.01228
-0.0149081
-0.0175347
-0.00982331
-0.0124499
-0.0150766
-0.0176971
-0.00739638
-0.0100169
-0.0126374
-0.015258
-0.0178704
-0.00766847
-0.0102809
-0.0128933
-0.0155057
-0.00536166
-0.00796346
-0.0080229
-0.0106247
-0.0132265
-0.0158207
-0.00826592
-0.0108601
-0.0134542
-0.0134542
-0.00592041
-0.00850645
-0.0110925
-0.0136785
-0.0162559
-0.00621885
-0.00879623
-0.0113736
-0.013951
-0.00644885
-0.00398749
-0.00655323
-0.00911896
-0.011672
-0.0142251
-0.00673606
-0.00928915
-0.0118313
-0.0143706
-0.0068809
-0.00941734
-0.0119538
-0.0144902
-0.00700664
-0.00953099
-0.0120553
-0.0145797
-0.0170911
-0.00712002
-0.00712002
-0.00963142
-0.0121428
-0.00469086
-0.00221022
-0.00470411
-0.00719799
-0.00969188
-0.0121666
-0.00470214
-0.00717286
-0.00964357
-0.0121143
-0.00465474
-0.00710856
-0.00956237
-0.0120162
-0.01447
-0.00455461
-0.00699026
-0.00942592
-0.0118616
-0.00443
-0.00438601
-0.00434425
-0.00675527
-0.00913927
-0.00913927
-0.00173503
-0.00411332
-0.00649161
-0.0088699
-0.00149825
-0.00385259
-0.00620694
-0.00856129
-0.00120901
-0.00353755
-0.00586609
-0.00819463
-0.0105232
-0.000761518
-0.00306223
-0.00536294
-0.00766365
0.00204569
0.00216569
-9.71375e-05
-0.00235997
-0.0046228
-0.00684398
0.000434264
-0.0017781
-0.00399047
-0.00620284
0.00104242
-0.00113295
-0.00330832
-0.00548369
-0.00765905
0.00400659
0.00188162
-0.000243353
-0.00236833
-0.0044933
0.00497045
0.00291266
0.000854861
-0.00120294
-0.00326073
0.00612521
0.00411669
0.00210816
9.96409e-05
0.00709955
0.00960938
0.00765405
0.00569872
0.00374339
0.00178807
0.00875029
0.00686738
0.00498447
0.00310157
0.0100198
0.00821644
0.00641303
0.00460963
0.00287526
0.0118706
0.0118706
0.0101726
0.00847471
0.00677678
0.0155628
0.0139418
0.0123207
0.0106997
0.017289
0.0197923
0.0182536
0.016715
0.0151763
0.0137258
0.0202245
0.018774
0.0173235
0.0159914
0.0146594
0.0229936
0.0216615
0.0203294
0.0191251
0.0179475
0.0261091
0.0249315
0.0237538
0.0226865
0.0306038
0.0295364
0.0302208
0.0291534
0.0282318
0.0282318
0.0341566
0.033235
0.0323133
0.0315452
0.0373826
0.036646
0.0359094
0.0351728
0.0344362
0.0416324
0.0410241
0.0404157
0.0398074
0.0466692
0.047622
0.0471776
0.0467332
0.0462887
0.0460093
0.0511305
0.0508839
0.0506373
0.0503908
0.0502743
0.056356
0.0562395
0.0561231
0.0561331
0.0606654
0.0617469
0.062803
0.0628131
0.0629436
0.0630742
0.0671291
0.0672596
0.0673902
0.0676592
0.07142
0.0716891
0.0719581
0.0723471
0.0727575
0.0768944
0.0773048
0.0777152
0.0782009
0.0816778
0.0821635
0.083157
0.0836427
0.0841861
0.0847294
0.0869965
0.0875399
0.0881278
0.0887158
0.0893037
0.0913498
0.0919377
0.0925365
0.0925365
0.0938264
0.0944733
0.0950721
0.0956708
0.0962512
0.0968315
0.0973132
0.0978935
0.098436
0.0989785
0.0989771
0.0995196
0.100007
0.100494
0.100025
0.100512
0.10091
0.101307
0.101705
0.100382
0.100779
0.101069
0.101336
0.0993731
0.0996397
0.0999063
0.100076
0.100245
0.0981517
0.0971865
0.0973561
0.0974241
0.0974921
0.0975601
0.0952133
0.0951515
0.0950896
0.0950278
0.094966
0.0916671
0.0914759
0.0912591
0.0910423
0.0881036
0.0871924
0.086176
0.0858584
0.0855409
0.0852233
0.0820766
0.0816616
0.0812467
0.0808318
0.0768519
0.0763213
0.0757907
0.0752602
0.0747296
0.0705868
0.0692338
0.0692338
0.0685752
0.0679166
0.067258
0.0644877
0.0637698
0.063052
0.0623342
0.0583283
0.0575193
0.0567102
0.0559011
0.055092
0.0512081
0.0503172
0.0494263
0.0485354
0.0448212
0.0438576
0.042894
0.0419304
0.0409669
0.0374614
0.0364338
0.0349225
0.0338832
0.0328438
0.0318045
0.0289642
0.0278809
0.0278809
0.0267977
0.02418
0.0230581
0.0219361
0.0208142
0.0196923
0.0169922
0.0158289
0.0146657
0.0135024
0.0113657
0.00996686
0.008579
0.00737615
0.0061733
0.00497045
0.0031772
0.00195372
0.000730245
-0.000493232
-0.00202607
-0.00326574
-0.00450541
-0.00574508
-0.00699636
-0.0082479
-0.00949944
-0.010751
-0.0120025
-0.0128758
-0.0128758
-0.0141362
-0.0153966
-0.016657
-0.0170776
-0.0183403
-0.019603
-0.0208657
-0.0208328
-0.0220913
-0.0230345
-0.0242913
-0.0255481
-0.026805
-0.0266196
-0.0278673
-0.0291149
-0.0303626
-0.0298981
-0.0311324
-0.0323668
-0.0336012
-0.0328552
-0.0340895
-0.0353014
-0.0365133
-0.0377251
-0.0361012
-0.0372841
-0.0384669
-0.0396497
-0.0364331
-0.0369287
-0.0380758
-0.0392149
-0.0403541
-0.0414932
-0.0397424
-0.0408469
-0.0419514
-0.0430558
-0.0410559
-0.0421603
-0.0432256
-0.0442909
-0.0453561
-0.042266
-0.0432758
-0.0442856
-0.0452953
-0.0418753
-0.0419687
-0.0429157
-0.0438492
-0.0447827
-0.0457162
-0.0428905
-0.043767
-0.0446436
-0.0455202
-0.0425001
-0.0433147
-0.0441293
-0.0441293
-0.0409295
-0.0417441
-0.0425587
-0.0432889
-0.044019
-0.0395953
-0.0403255
-0.0409634
-0.0415819
-0.036933
-0.0364877
-0.0371062
-0.0376441
-0.038182
-0.0387199
-0.0349793
-0.0355172
-0.0359697
-0.0364223
-0.0368748
-0.0319574
-0.0322972
-0.032637
-0.0329768
-0.029037
-0.0272509
-0.0274723
-0.0276937
-0.0279151
-0.0281366
-0.0240254
-0.0240254
-0.024124
-0.0241977
-0.0201392
-0.0202129
-0.0202866
-0.0202599
-0.0202332
-0.0151927
-0.015166
-0.0150388
-0.0149117
-0.0147846
-0.00986478
-0.00961453
-0.00936427
-0.00911402
-0.00522513
-0.00322944
-0.00286189
-0.0024719
-0.00208191
-0.00169192
0.00202579
0.00250108
0.00297636
0.00345164
0.00701595
0.00749123
0.00806063
0.00806063
0.00863003
0.0126872
0.0132566
0.0139023
0.0145608
0.0152193
0.0189125
0.0195711
0.0202716
0.0209722
0.0242268
0.0253786
0.0260792
0.0268062
0.0275333
0.0282604
0.0302203
0.0309574
0.0316945
0.0324316
0.0348178
0.0355438
0.0362698
0.0369959
0.0386798
0.0395688
0.0404292
0.0411087
0.0417882
0.0424676
0.0436405
0.0436405
0.0442705
0.0449004
0.0457335
0.0463634
0.0469309
0.0474984
0.048066
0.0485134
0.0489879
0.0494624
0.0499369
0.0500464
0.0503957
0.0506265
0.050973
0.0513194
0.0516659
0.0513421
0.0516198
0.0518976
0.0521753
0.0516168
0.0518946
0.0520539
0.0522131
0.0523724
0.0513046
0.0513437
0.0513437
0.0513827
0.0500503
0.0500893
0.0497224
0.049619
0.0495156
0.0494122
0.048132
0.0480286
0.0478329
0.0476373
0.0462396
0.046044
0.0457378
0.0454317
0.0439298
0.0436236
0.0432338
0.0428239
0.0423941
0.0405209
0.0400911
0.0396613
0.0391553
0.0373077
0.0365502
0.0360442
0.0355382
0.0355382
0.0349443
0.0334148
0.0328209
0.032227
0.0315538
0.0300732
0.0294
0.0287267
0.0280535
0.0273095
0.0257444
0.0249872
0.0242301
0.0234729
0.022192
0.0212918
0.0204017
0.019595
0.0187439
0.0178928
0.0168119
0.0159607
0.0151096
0.0142188
0.0132686
0.0123778
0.0114869
0.0105528
0.00973342
0.00879927
0.00879927
0.00786513
0.00693099
0.00635187
0.00538101
0.00441016
0.0034393
0.00243787
0.00210168
0.00109485
8.80217e-05
-0.00091881
-0.000991996
-0.00179327
-0.00281945
-0.00384562
-0.0048718
-0.00591374
-0.00593985
-0.00698179
-0.00802373
-0.00907792
-0.00892846
-0.00998265
-0.0110368
-0.0121015
-0.0117737
-0.0128383
-0.013903
-0.0149676
-0.0160374
-0.0151006
-0.0151006
-0.0161704
-0.0172402
-0.0160088
-0.0170779
-0.0176516
-0.0187206
-0.0197897
-0.0208543
-0.0198214
-0.0208859
-0.0219505
-0.023015
-0.0217933
-0.0228501
-0.0239068
-0.0249636
-0.0260061
-0.0239572
-0.0249998
-0.0260424
-0.0270702
-0.0254344
-0.0250642
-0.0260835
-0.0271028
-0.028122
-0.029122
-0.0272277
-0.0272277
-0.0282276
-0.0292276
-0.0271647
-0.0281423
-0.02912
-0.0300976
-0.0310434
-0.0279985
-0.0289442
-0.0298899
-0.0308357
-0.027562
-0.0284637
-0.0293653
-0.030267
-0.0311686
-0.0285662
-0.0276616
-0.0285304
-0.0293993
-0.0302682
-0.0311017
-0.0283198
-0.0291534
-0.0299869
-0.0307727
-0.0278639
-0.0286497
-0.0286497
-0.0294356
-0.0302215
-0.0262477
-0.0269825
-0.0277173
-0.0284522
-0.0243479
-0.0250175
-0.0256872
-0.0263568
-0.0270265
-0.0228151
-0.0224685
-0.0230928
-0.0237171
-0.0243414
-0.0249191
-0.0216087
-0.0221865
-0.0227642
-0.0232829
-0.019919
-0.0204377
-0.0209564
-0.0214751
-0.0219347
-0.0175733
-0.0180329
-0.0184925
-0.0189056
-0.0154929
-0.0136043
-0.0139945
-0.0143847
-0.0147749
-0.0151652
-0.0117786
-0.0121245
-0.0124704
-0.0128162
-0.00854503
-0.00883884
-0.00913265
-0.00942645
-0.00972026
-0.00641233
-0.0049183
-0.00516514
-0.00541198
-0.00562587
-0.00583226
-0.00346965
-0.00366885
-0.00386805
-0.00406724
-0.000113471
-0.000287244
-0.000461017
-0.00063479
0.00237471
0.00314539
0.00375365
0.00359951
0.00344536
0.00329121
0.00611821
0.00597959
0.00584097
0.00570235
0.00556861
0.00894935
0.00881528
0.00868121
0.00854714
0.0117127
0.0122072
0.0120675
0.0119278
0.0117881
0.0116318
0.0139288
0.0137724
0.0136161
0.0134597
0.0132765
0.0159767
0.0157935
0.0156103
0.0153988
0.0178628
0.0181519
0.0181519
0.0179242
0.0176964
0.0174686
0.0192067
0.0189426
0.0186785
0.0184144
0.0200168
0.0197117
0.0194066
0.0191015
0.0187516
0.020674
0.0203241
0.0199742
0.0196243
0.0192143
0.020975
0.020565
0.0201551
0.019682
0.019209
0.0208295
0.0203564
0.0198834
0.0193327
0.020823
0.020823
0.0206765
0.0201258
0.0195752
0.0189726
0.0199814
0.0193788
0.0187763
0.0181225
0.0190819
0.0184281
0.0177744
0.0170584
0.0163424
0.0176656
0.0169496
0.0162337
0.0154581
0.0163355
0.0163957
0.0156086
0.0148216
0.0139899
0.0148901
0.0140584
0.0132266
0.0123526
0.0114785
0.0123958
0.0115217
0.0106476
0.0106476
0.00972408
0.0111396
0.0102161
0.00929254
0.0083236
0.00930863
0.00934528
0.00836774
0.0073902
0.00637985
0.00536949
0.0064566
0.00544625
0.0044359
0.00339524
0.00454819
0.00350753
0.00246687
0.00139179
0.000316708
0.00153618
0.000461098
-0.000638805
-0.00174455
0.000160866
-0.000950568
-0.002062
-0.00317344
-0.00430623
-0.00111645
-0.00224924
-0.00338203
-0.00451483
-0.00227471
-0.00273382
-0.00389021
-0.0050466
-0.00620298
-0.00737965
-0.00569464
-0.00687499
-0.00805533
-0.00923567
-0.00744351
-0.00863733
-0.00983115
-0.011025
-0.0122304
-0.00953761
-0.010743
-0.0119484
-0.0131539
-0.0111186
-0.0115027
-0.0118794
-0.0130946
-0.0143197
-0.0155447
-0.0121162
-0.0133413
-0.0145663
-0.0157913
-0.0170236
-0.013805
-0.0150373
-0.0162696
-0.0175068
-0.0150551
-0.0144063
-0.0156442
-0.0168822
-0.0181202
-0.0193601
-0.0167442
-0.0179842
-0.0192241
-0.0204648
-0.0177432
-0.0189839
-0.0202246
-0.0214652
-0.0186408
-0.0198807
-0.0211206
-0.0223605
-0.0235979
-0.0196162
-0.0208536
-0.022091
-0.0233245
-0.0202749
-0.0180982
-0.0193307
-0.0205632
-0.0217956
-0.0230238
-0.0198297
-0.0210578
-0.0222859
-0.0235141
-0.0247371
-0.0203095
-0.0215326
-0.0227556
-0.0239716
-0.0205771
-0.0206287
-0.0206758
-0.0218917
-0.0230997
-0.0243062
-0.0207934
-0.0219998
-0.0232063
-0.024406
-0.0208214
-0.0220211
-0.0232209
-0.0244206
-0.0244206
-0.0207416
-0.0207416
-0.0219329
-0.0231242
-0.0181651
-0.0193466
-0.0192906
-0.020472
-0.0216535
-0.0228288
-0.0190273
-0.0202026
-0.021378
-0.0225533
-0.0237231
-0.018626
-0.0197958
-0.0209656
-0.0221295
-0.0169977
-0.0169002
-0.0180642
-0.0192281
-0.0203878
-0.0215469
-0.0176542
-0.0188133
-0.0199723
-0.0211296
-0.0222869
-0.0171167
-0.018274
-0.018274
-0.0194309
-0.0205879
-0.0154013
-0.0165582
-0.0177169
-0.0188756
-0.0136684
-0.0135507
-0.0147094
-0.0158725
-0.0170368
-0.0182011
-0.0142484
-0.0154127
-0.0165831
-0.0177534
-0.0189237
-0.0136736
-0.0148439
-0.0160244
-0.0172048
-0.0132319
-0.0131217
-0.0130208
-0.0142144
-0.015411
-0.0166076
-0.0114312
-0.0126278
-0.0138244
-0.0150341
-0.0110516
-0.0122613
-0.013471
-0.0146956
-0.0159201
-0.0106329
-0.0118575
-0.0131031
-0.0143487
-0.0103678
-0.0103043
-0.0102399
-0.0115089
-0.012783
-0.014057
-0.01008
-0.011354
-0.0126487
-0.0139433
-0.015238
-0.00994285
-0.0112375
-0.0125539
-0.0138702
-0.0151866
-0.00988074
-0.00988074
-0.0112255
-0.0125702
-0.00858934
-0.00726093
-0.00863508
-0.0100092
-0.0113834
-0.0127575
-0.0087604
-0.0101646
-0.0115748
-0.0129851
-0.00898347
-0.0103937
-0.011804
-0.0132385
-0.014673
-0.00927872
-0.0107133
-0.0121781
-0.0136429
-0.00820467
-0.00966952
-0.00974469
-0.0112394
-0.0127342
-0.0142289
-0.0101347
-0.0116528
-0.0131825
-0.0131825
-0.00907481
-0.0106045
-0.0121341
-0.0136862
-0.0152383
-0.00967609
-0.0112282
-0.0127803
-0.0143541
-0.0101799
-0.00885972
-0.0104335
-0.0120332
-0.0136329
-0.0152326
-0.0110024
-0.0126021
-0.0142263
-0.0158553
-0.0174842
-0.0117453
-0.0133743
-0.0150216
-0.0166689
-0.0183163
-0.0125047
-0.0141695
-0.0158343
-0.0174991
-0.0116066
-0.0116066
-0.0117472
-0.0134326
-0.0151181
-0.0168036
-0.0123492
-0.0140541
-0.0157628
-0.0174714
-0.0129788
-0.0146874
-0.0163961
-0.0181193
-0.0198424
-0.0137503
-0.0154735
-0.0172139
-0.0189543
-0.0206946
-0.0145665
-0.0163199
-0.0180765
-0.0198362
-0.0152647
-0.015436
-0.0156048
-0.0173767
-0.0173767
-0.0191487
-0.0145291
-0.0163011
-0.0180848
-0.0198686
-0.0152101
-0.0169939
-0.0187919
-0.0205899
-0.0223879
-0.0160521
-0.0178502
-0.0196621
-0.0214767
-0.0232914
-0.0168819
-0.0186965
-0.0205221
-0.0223477
-0.017533
-0.0176903
-0.0178441
-0.0196806
-0.021517
-0.0233535
-0.0184691
-0.0203192
-0.0221692
-0.0221692
-0.017243
-0.0190931
-0.0209569
-0.0228235
-0.0178569
-0.0197235
-0.0215901
-0.0234567
-0.0253346
-0.0185854
-0.0204633
-0.0223412
-0.0242307
-0.0261202
-0.0192813
-0.0211709
-0.0230754
-0.0249799
-0.0198242
-0.0199525
-0.0200761
-0.0219964
-0.0239199
-0.0258435
-0.020597
-0.0225205
-0.0244574
-0.0263943
-0.0210871
-0.0230239
-0.0249747
-0.0249747
-0.0269255
-0.0197193
-0.0216701
-0.0236209
-0.02559
-0.020152
-0.0202579
-0.0203591
-0.0223476
-0.0243361
-0.0263246
-0.0207963
-0.0227848
-0.0247938
-0.0268071
-0.0212333
-0.0232466
-0.0252598
-0.0272905
-0.0293212
-0.0217746
-0.0238053
-0.0258541
-0.027903
-0.022216
-0.0223204
-0.0224394
-0.0245072
-0.026575
-0.026575
-0.0208033
-0.0228711
-0.0249637
-0.0270562
-0.0212381
-0.0233306
-0.025449
-0.0275726
-0.0296963
-0.0218397
-0.0239634
-0.026087
-0.0282322
-0.0263593
-0.0224514
-0.0245966
-0.0267638
-0.028931
-0.0209384
-0.0231056
-0.0232578
-0.0254533
-0.0276487
-0.0298441
-0.0238268
-0.0260511
-0.0282811
-0.0305112
-0.0244622
-0.0266922
-0.0289457
-0.0289457
-0.0311991
-0.0230056
-0.025259
-0.0275125
-0.0297954
-0.0215111
-0.0216649
-0.0239477
-0.02626
-0.0285781
-0.0308962
-0.0246441
-0.0269622
-0.0292803
-0.0316217
-0.0253066
-0.0276479
-0.0299892
-0.0323535
-0.0259753
-0.0283396
-0.0307038
-0.033068
-0.0354601
-0.026808
-0.0292001
-0.0315922
-0.034011
-0.034011
-0.0252696
-0.0276883
-0.0301071
-0.0325511
-0.035
-0.0261777
-0.0286266
-0.0310754
-0.0335243
-0.0246054
-0.0270729
-0.0272487
-0.0297162
-0.0322051
-0.0346941
-0.0279665
-0.0304555
-0.0329445
-0.0354527
-0.0286631
-0.0311714
-0.0336797
-0.0362017
-0.0387268
-0.0295162
-0.0320445
-0.0345727
-0.037101
-0.0301518
-0.0279127
-0.0304523
-0.0304523
-0.0329918
-0.035541
-0.0284607
-0.0310098
-0.033559
-0.0361082
-0.02894
-0.0314988
-0.0340577
-0.0366166
-0.0391825
-0.0294578
-0.0320237
-0.0345896
-0.0371555
-0.0397257
-0.0298671
-0.0324379
-0.0350088
-0.0375796
-0.0301108
-0.0301595
-0.0302031
-0.0327751
-0.0353471
-0.0379187
-0.0303267
-0.0328983
-0.0354699
-0.0380387
-0.0303702
-0.0303702
-0.035508
-0.035508
-0.0380719
-0.0277481
-0.0303107
-0.0328734
-0.035436
-0.0276202
-0.0275759
-0.0275285
-0.0300853
-0.0326352
-0.035185
-0.0272894
-0.0298392
-0.0323891
-0.0349286
-0.0374682
-0.0243597
-0.0268992
-0.0294387
-0.0319664
-0.0213541
-0.0212504
-0.0237756
-0.0263008
-0.0288153
-0.0313299
-0.0233295
-0.0258441
-0.0283586
-0.0308619
-0.0228588
-0.0253621
-0.0278653
-0.0303566
-0.032848
-0.0222319
-0.0247232
-0.0272146
-0.0296903
-0.0190953
-0.0215711
-0.0214373
-0.0238968
-0.0263563
-0.0288159
-0.018392
-0.0208516
-0.0232943
-0.0257337
-0.0177717
-0.0202111
-0.0226504
-0.025076
-0.0275016
-0.016958
-0.0193836
-0.0218092
-0.0242208
-0.0137015
-0.0161131
-0.0159433
-0.0183409
-0.0207385
-0.0231362
-0.0152239
-0.017604
-0.0199841
-0.0223642
-0.0247444
-0.0142623
-0.016625
-0.0189842
-0.0213434
-0.0134601
-0.0107105
-0.0130559
-0.0154013
-0.0154013
-0.0177467
-0.00989986
-0.0122316
-0.0145634
-0.0168952
-0.0090712
-0.0113862
-0.0137012
-0.0160162
-0.0183313
-0.00800816
-0.0103068
-0.0126023
-0.0148977
-0.00713115
-0.00441241
-0.00669515
-0.00897789
-0.0112606
-0.0135434
-0.0058201
-0.00809039
-0.0103607
-0.012631
-0.00495799
-0.00721606
-0.00947414
-0.00947414
-0.0117322
-0.00164163
-0.00388473
-0.00612783
-0.00837093
-0.000804916
0.00184713
-0.00037833
-0.00260379
-0.00482926
-0.00705472
0.000442301
-0.00177153
-0.00398537
-0.0061992
0.00122681
-0.000975447
-0.0031777
-0.00537996
-0.00758222
0.00217073
-1.70881e-05
-0.0022049
-0.00439272
0.00289319
0.00307283
0.00325046
0.00108
-0.00109046
-0.00326093
0.00392376
0.00392376
0.00176493
-0.00039389
0.00671276
0.00456568
0.0024186
0.000271516
-0.00187557
0.00744658
0.00531437
0.00318216
0.00104995
0.00799986
0.010392
0.00827805
0.00616409
0.00405013
0.00193617
0.00878891
0.00668744
0.00458598
0.00248452
0.000383053
0.00936769
0.00728233
0.00519697
0.00311161
0.0119699
0.0141395
0.0120743
0.0100091
0.00794385
0.00587864
0.0124385
0.0103873
0.00833608
0.00628489
0.0127739
0.0107372
0.00870058
0.00666394
0.0046273
0.0131626
0.011145
0.00912737
0.00710975
0.00509212
0.0135217
0.0115283
0.00953482
0.00754137
0.0158666
0.0138902
0.0139657
0.0119893
0.0100129
0.00803649
0.0142511
0.0122973
0.0122973
0.0103434
0.0164931
0.0145631
0.0126382
0.0107132
0.0168199
0.0148949
0.0129905
0.0110861
0.00918174
0.0172036
0.0152992
0.0134164
0.0115336
0.00965084
0.0175551
0.0157008
0.0138465
0.0119923
0.0178673
0.017956
0.0180457
0.0162279
0.0144101
0.0125923
0.0183773
0.0165853
0.0165853
0.0147933
0.0205195
0.0187275
0.0169624
0.0151974
0.0134323
0.0209378
0.0192081
0.0174783
0.0157486
0.0213256
0.0232097
0.0215171
0.0198323
0.0181474
0.0164625
0.0219198
0.0202663
0.0186127
0.0169592
0.0223253
0.0207041
0.0190829
0.0174617
0.0158405
0.0228084
0.021229
0.0196496
0.0196496
0.0264467
0.0248673
0.024981
0.0234536
0.0219262
0.0203988
0.0253878
0.0238604
0.0223689
0.0208774
0.02577
0.0242785
0.022787
0.0213416
0.0198962
0.026243
0.0247976
0.0233996
0.0220015
0.0266864
0.02828
0.0269208
0.0255714
0.0242319
0.0228923
0.0274375
0.0260979
0.0247984
0.0234988
0.0292509
0.0279513
0.0266517
0.0254031
0.02977
0.0285214
0.0272728
0.0260241
0.0248274
0.0304637
0.0292775
0.0280913
0.026905
0.0257505
0.0311943
0.0300398
0.0288852
0.0277306
0.0266295
0.0318978
0.0307966
0.0296954
0.0286483
0.033738
0.0326909
0.0328437
0.0317965
0.0308041
0.0298117
0.033529
0.0325366
0.0325366
0.0315995
0.0352387
0.0343128
0.0333869
0.032461
0.0315798
0.0361886
0.0353074
0.0344263
0.0335452
0.037936
0.0381117
0.0372755
0.0364393
0.0356482
0.034857
0.0379973
0.0372061
0.036415
0.03568
0.038688
0.037953
0.037218
0.0365389
0.0394243
0.0387564
0.0380885
0.0374205
0.0372849
0.0413281
0.0411924
0.0410568
0.0409699
0.0409699
0.0447762
0.0446893
0.0446024
0.0445626
0.0474119
0.0487213
0.0486815
0.0486417
0.0486579
0.048674
0.0511562
0.0511723
0.0512403
0.0513082
0.0534908
0.0535587
0.0536651
0.0537806
0.0539052
0.0561414
0.056266
0.0563906
0.0565502
0.0567097
0.0582275
0.0583871
0.0585466
0.0587062
0.0589069
0.0600633
0.060264
0.0604647
0.0607045
0.0613491
0.0616492
0.0619316
0.0621789
0.062456
0.0627331
0.0629843
0.0632614
0.0635674
0.0638734
0.0639073
0.0642133
0.0645193
0.0648531
0.065187
0.0648662
0.0652001
0.0655672
0.0659343
0.0651745
0.0653199
0.0654527
0.0658198
0.0662181
0.0666163
0.0659534
0.0663516
0.0667499
0.0671769
0.0676039
0.066427
0.066854
0.0673072
0.0677603
0.0667119
0.066342
0.0667951
0.0672714
0.067752
0.0682326
0.066923
0.0674035
0.0678999
0.0683962
0.0663886
0.0663886
0.0668849
0.067395
0.067905
0.0656247
0.0661347
0.0660533
0.0665774
0.0671014
0.0676255
0.0656762
0.066211
0.0667457
0.0672805
0.0678153
0.0650276
0.0655698
0.066112
0.0666542
0.0665028
0.0641828
0.0647292
0.0652762
0.0658231
0.0625908
0.0631377
0.0629044
0.063452
0.063452
0.0607972
0.0613448
0.0618912
0.0624377
0.0629841
0.0602098
0.0607562
0.0612986
0.061841
0.0589564
0.0594988
0.0600344
0.0605684
0.0611023
0.0572206
0.0577545
0.0582809
0.0588072
0.0593335
0.0553171
0.0558343
0.0563515
0.0568687
0.0527353
0.0527353
0.052311
0.0528148
0.0533185
0.0538222
0.0505278
0.0510159
0.0515007
0.0519854
0.0524701
0.0481496
0.0486343
0.0491048
0.0495754
0.0461722
0.0456718
0.0451555
0.0456107
0.0460659
0.046521
0.0430665
0.043501
0.0439355
0.0443701
0.0409011
0.0413135
0.0417213
0.0421291
0.0421291
0.0377003
0.0381081
0.038497
0.0388859
0.0344794
0.0339158
0.034285
0.0346543
0.0350235
0.0353928
0.0319534
0.0322972
0.0326409
0.0329846
0.0295744
0.0298917
0.0302036
0.0305155
0.0271542
0.0274662
0.0277562
0.0280463
0.0283364
0.0241326
0.0244227
0.0246906
0.0249585
0.0252263
0.0208569
0.0211248
0.0213646
0.0216043
0.0184485
0.0170261
0.0172659
0.0174772
0.0176885
0.0178998
0.0148621
0.0150448
0.0152218
0.0153988
0.0124334
0.0126104
0.0127645
0.0129187
0.0100447
0.0101989
0.0103304
0.0104619
0.0105935
0.00711249
0.00724402
0.00735314
0.00746227
0.00471978
0.00350913
0.00361825
0.0036999
0.00378155
0.0038632
0.00203136
0.00208626
0.00214116
0.00219606
-0.000758122
-0.000724003
-0.000689884
-0.000655765
-0.000621646
-0.00338798
-0.00337404
-0.00336009
-0.00334615
-0.00587749
-0.00636795
-0.00637827
-0.0063886
-0.00639892
-0.00640924
-0.00826417
-0.00826417
-0.00829756
-0.00833095
-0.00836435
-0.010469
-0.0105282
-0.0105875
-0.0106467
-0.010706
-0.0125736
-0.0126488
-0.0127241
-0.0127994
-0.0141223
-0.0144984
-0.0148642
-0.0149545
-0.0150447
-0.0151349
-0.0162403
-0.0163477
-0.0164551
-0.0165625
-0.0175173
-0.01764
-0.0177628
-0.0178855
-0.0180191
-0.0189647
-0.0191034
-0.0191034
-0.019242
-0.0198472
-0.02016
-0.0203077
-0.0204555
-0.0206032
-0.0207509
-0.0211313
-0.0212886
-0.021446
-0.0216033
-0.0217607
-0.0220066
-0.0221717
-0.0223367
-0.0225018
-0.0225759
-0.0226475
-0.0228193
-0.0229911
-0.0231629
-0.0233347
-0.0232117
-0.0233865
-0.0235612
-0.023736
-0.0234855
-0.0236621
-0.0238387
-0.0240152
-0.0240152
-0.0234902
-0.0236673
-0.0238444
-0.0240215
-0.0235084
-0.0234944
-0.0234733
-0.0236487
-0.023824
-0.0239994
-0.0233213
-0.023494
-0.0236667
-0.0238395
-0.0230621
-0.0232311
-0.0234001
-0.0235691
-0.023738
-0.0225843
-0.022747
-0.0229098
-0.0230725
-0.0232291
-0.0219388
-0.0220919
-0.0222451
-0.0222451
-0.0223982
-0.0209941
-0.0211396
-0.0212851
-0.0214306
-0.0199227
-0.0200596
-0.0198557
-0.0199926
-0.0201295
-0.0202546
-0.0189857
-0.0191107
-0.0192357
-0.0193607
-0.0180358
-0.0181449
-0.018254
-0.0183631
-0.0184722
-0.0167242
-0.0168218
-0.0169194
-0.0170169
-0.0171023
-0.0152992
-0.0153846
-0.01547
-0.0155554
-0.0155554
-0.0137059
-0.0137752
-0.0138445
-0.0139137
-0.0139661
-0.0120787
-0.0121276
-0.0121765
-0.0122254
-0.0107071
-0.00996642
-0.0100012
-0.0100359
-0.0100706
-0.0100908
-0.00856712
-0.00858733
-0.00860753
-0.00861291
-0.00709047
-0.00709585
-0.00710124
-0.00708781
-0.00707439
-0.00518591
-0.00517248
-0.00517248
-0.00515906
-0.00330275
-0.00327036
-0.0028804
-0.00284801
-0.00279662
-0.00274144
-0.00128313
-0.00122795
-0.00117277
-0.00110249
0.000323133
0.000393413
0.000463693
0.000533974
0.000619189
0.0023209
0.00240612
0.00249133
0.00259123
0.00420889
0.00430878
0.00469941
0.00481717
0.00493493
0.00505268
0.00628846
0.00642005
0.00655504
0.00669338
0.00787518
0.00787518
0.00801352
0.00815186
0.00830334
0.00964929
0.00980077
0.00995225
0.0101194
0.0111504
0.0115204
0.0118851
0.0120523
0.0122343
0.0124191
0.0133405
0.0135253
0.0137101
0.0139059
0.0141017
0.0150959
0.0152917
0.0154978
0.015704
0.0164489
0.0167757
0.0170967
0.0173125
0.0175284
0.0177442
0.0181464
0.0183623
0.0185892
0.0188161
0.0193529
0.0195798
0.0198166
0.0200553
0.020294
0.0207897
0.0210284
0.021274
0.0215196
0.0217652
0.0221291
0.0223747
0.0226264
0.0228782
0.0231299
0.0233462
0.0236045
0.0238627
0.024121
0.0243793
0.0244653
0.0247289
0.0249933
0.0252578
0.0252095
0.0253947
0.0256622
0.0256622
0.0259298
0.0261973
0.0260925
0.0263623
0.0266321
0.026902
0.0267121
0.0269836
0.027255
0.0275265
0.0277979
0.0273753
0.0276471
0.0279188
0.0281904
0.0278141
0.0277317
0.0280024
0.0282731
0.0285439
0.0288146
0.0283166
0.0285856
0.0288546
0.0291236
0.0285499
0.0288156
0.0288156
0.0293468
0.0284322
0.0286978
0.0289588
0.0292187
0.0294787
0.0284996
0.0287595
0.0290194
0.0292746
0.0281912
0.0284464
0.0284226
0.0286708
0.028919
0.0291671
0.0282642
0.0285124
0.0287524
0.0289907
0.0280252
0.0282635
0.0285018
0.0287327
0.0289636
0.0276233
0.0278542
0.0280851
0.0283058
0.0272225
0.0271112
0.0269978
0.0269978
0.0272185
0.0274282
0.0262805
0.0264902
0.0266999
0.0268978
0.0270932
0.0259037
0.0260991
0.0262945
0.0264899
0.0249175
0.0251028
0.0252881
0.0254734
0.0256456
0.0240424
0.0242146
0.0243868
0.024559
0.0229343
0.0230902
0.023246
0.0234018
0.0235576
0.0222754
0.0220637
0.0217078
0.0218524
0.021997
0.0221301
0.0208442
0.0209773
0.0211104
0.021232
0.0213535
0.0197167
0.0198382
0.019945
0.0200519
0.0184253
0.018189
0.0182959
0.0183879
0.018477
0.0185661
0.0172966
0.0173857
0.0174629
0.0175401
0.0162833
0.0163605
0.0164259
0.0164912
0.0165566
0.014995
0.0150603
0.0151139
0.0151675
0.0152211
0.0136464
0.0136999
0.013739
0.013778
0.0125998
0.0123409
0.0120703
0.0120922
0.0121141
0.012136
0.0110037
0.0110257
0.0110364
0.0110472
0.00994978
0.00996057
0.00997135
0.00996859
0.00890727
0.00890451
0.00890174
0.00888593
0.00886757
0.00760075
0.00758239
0.00756403
0.00753573
0.00657147
0.0060969
0.0060969
0.0060686
0.00603075
0.00599291
0.00510749
0.00506965
0.00503181
0.00498265
0.00414773
0.00409858
0.00404942
0.00398969
0.00392996
0.00297766
0.00291793
0.00285819
0.00278867
0.00207628
0.00185489
0.00163763
0.00156625
0.00148775
0.00140926
0.000788762
0.000710268
0.000631773
0.000545165
-1.66633e-05
-0.000103272
-0.000103272
-0.000189881
-0.000684512
-0.000778347
-0.000872182
-0.000966018
-0.00105985
-0.00157549
-0.00167679
-0.0017781
-0.0018794
-0.0019807
-0.00239332
-0.00249886
-0.0026044
-0.00270994
-0.00302526
-0.00316449
-0.00327368
-0.00338286
-0.00349205
-0.00360497
-0.00379919
-0.00391211
-0.00402503
-0.00414028
-0.00427635
-0.00439255
-0.00450875
-0.00462495
-0.00474115
-0.00480081
-0.00480081
-0.00491847
-0.00503614
-0.00515381
-0.00512284
-0.00524153
-0.00536022
-0.00547892
-0.00536032
-0.00542125
-0.00553999
-0.00565873
-0.00577748
-0.00589622
-0.00574886
-0.00586693
-0.00598499
-0.00610306
-0.00590309
-0.00601994
-0.00613679
-0.00625363
-0.00637048
-0.00601728
-0.00613184
-0.00624641
-0.00636098
-0.00647555
-0.00593437
-0.00604585
-0.00615734
-0.00626882
-0.00589789
-0.00585554
-0.00585554
-0.00596231
-0.00606909
-0.00617587
-0.00573617
-0.00583924
-0.0059423
-0.00604536
-0.00556552
-0.00566444
-0.00576336
-0.00586228
-0.00535035
-0.00544473
-0.00553911
-0.00563349
-0.00572787
-0.00492474
-0.00501294
-0.00510114
-0.00518934
-0.00527754
-0.00451823
-0.00459974
-0.00468124
-0.00476275
-0.00397188
-0.00386849
-0.00394137
-0.00401425
-0.00408712
-0.00416
-0.00350674
-0.00357355
-0.00364035
-0.00370716
-0.0030358
-0.00309632
-0.00315684
-0.00321736
-0.00253812
-0.00259217
-0.00264623
-0.00270028
-0.00275434
-0.00186997
-0.00186997
-0.00191575
-0.00196152
-0.0020073
-0.0011218
-0.00115912
-0.00119644
-0.00123377
-0.000527791
-0.000186158
-0.000213159
-0.000240159
-0.00026716
-0.00029416
0.00042239
0.000402343
0.000382295
0.000362248
0.0010776
0.00106453
0.00105145
0.00103838
0.00174178
0.00173739
0.001733
0.00172862
0.00172423
0.0025999
0.0026041
0.00260999
0.00261589
0.00329828
0.00346984
0.00363404
0.00364665
0.00365926
0.00367187
0.00432571
0.00434489
0.00436406
0.00438324
0.00501665
0.00503583
0.00506296
0.0050901
0.00511723
0.00572922
0.00576399
0.00580023
0.00583647
0.00655957
0.00659582
0.00663784
0.00667986
0.00672188
0.00739892
0.00744094
0.00748848
0.00753601
0.00805239
0.00821151
0.00837484
0.00842888
0.00842888
0.00848292
0.00895087
0.00901095
0.00907104
0.00913112
0.00956724
0.00962732
0.00969296
0.00975963
0.0102419
0.0103086
0.0103752
0.0104419
0.0105126
0.0108711
0.0110705
0.0111412
0.0112163
0.0112915
0.0113667
0.0116688
0.0117472
0.0118263
0.0119061
0.0119859
0.012292
0.0123718
0.0124542
0.0125367
0.0127541
0.0128639
0.0128887
0.0129734
0.0130582
0.0131429
0.0133011
0.0133858
0.0134729
0.0135599
0.0136797
0.0137668
0.0138555
0.0139445
0.0140335
0.0141073
0.0141963
0.014286
0.0143757
0.0144091
0.0144788
0.0145467
0.014637
0.0147273
0.0148177
0.0147947
0.0148851
0.0149754
0.0150658
0.015006
0.0150963
0.0151862
0.0152761
0.0152761
0.0151285
0.0152184
0.0153074
0.0153965
0.0152573
0.0152841
0.0153074
0.015395
0.0154825
0.0155701
0.015381
0.0154665
0.0155516
0.0156366
0.0153337
0.0154187
0.00887458
0.00887458
0.00887458
0.00844332
0.0083522
0.0083522
0.0083522
0.0083522
0.0083522
0.0079753
0.0079753
0.0079753
0.0079753
0.00759206
0.00759206
0.00759206
0.00759206
0.00759206
0.00713304
0.00713304
0.00713304
0.00713304
0.0067995
0.0066469
0.0066469
0.0066469
0.0066469
0.0066469
0.00637179
0.00637179
0.00637179
0.00637179
0.00608245
0.00608245
0.00608245
0.00608245
0.00608245
0.00588936
0.00580358
0.00580358
0.00580358
0.00580358
0.00580358
0.00564963
0.00564963
0.00564963
0.00564963
0.00564963
0.00548277
0.00548277
0.00548277
0.00548277
0.00533577
0.00530816
0.00530816
0.00530816
0.00530816
0.00530816
0.00520253
0.00520253
0.00520253
0.00520253
0.00510364
0.00510364
0.00510364
0.00510364
0.00501097
0.00501097
0.00501097
0.00501097
0.00501097
0.00490407
0.00490407
0.00490407
0.00490407
0.00490407
0.00480803
0.00480803
0.00480803
0.00480803
0.00472406
0.00472406
0.00470882
0.00470882
0.00470882
0.00470882
0.00465322
0.00465322
0.00465322
0.00465322
0.00460645
0.00460645
0.00460645
0.00460645
0.00460645
0.00456056
0.00456056
0.00456056
0.00456056
0.00456056
0.00452844
0.00452844
0.00452844
0.00452844
0.00450962
0.00450962
0.00450739
0.00450739
0.00450739
0.00450739
0.00450335
0.00450335
0.00450335
0.00450335
0.00450675
0.00450675
0.00450675
0.00450675
0.00451706
0.00451706
0.00451706
0.00451706
0.00451706
0.00453886
0.00453886
0.00453886
0.00453886
0.00453886
0.0045697
0.0045697
0.0045697
0.0045697
0.0045697
0.0046087
0.0046087
0.0046087
0.0046087
0.0046087
0.00465506
0.00465506
0.00465506
0.00465506
0.00469693
0.00471933
0.00471933
0.00471933
0.00471933
0.00471933
0.00476684
0.00476684
0.00476684
0.00476684
0.00481764
0.00481764
0.00481764
0.00481764
0.00487135
0.00487135
0.00487135
0.00487135
0.00487135
0.00494207
0.00494207
0.00494207
0.00494207
0.00494207
0.0050162
0.0050162
0.0050162
0.0050162
0.00509316
0.00509316
0.00510884
0.00510884
0.00510884
0.00510884
0.0051724
0.0051724
0.0051724
0.0051724
0.00523706
0.00523706
0.00523706
0.00523706
0.00530248
0.00530248
0.00530248
0.00530248
0.00530248
0.00538489
0.00538489
0.00538489
0.00538489
0.00545096
0.00548396
0.00548396
0.00548396
0.00548396
0.00548396
0.00554969
0.00554969
0.00554969
0.00554969
0.00561487
0.00561487
0.00561487
0.00561487
0.00561487
0.00569517
0.00569517
0.00569517
0.00569517
0.00569517
0.00577374
0.00577374
0.00577374
0.00577374
0.00585019
0.00585019
0.00586519
0.00586519
0.00586519
0.00586519
0.00592419
0.00592419
0.00592419
0.00592419
0.00592419
0.00599542
0.00599542
0.00599542
0.00599542
0.0060502
0.00607681
0.00607681
0.00607681
0.00607681
0.00607681
0.00612842
0.00612842
0.00612842
0.00612842
0.00617778
0.00617778
0.00617778
0.00617778
0.00617778
0.0062362
0.0062362
0.0062362
0.0062362
0.00629085
0.00629085
0.00630132
0.00630132
0.00630132
0.00630132
0.00634163
0.00634163
0.00634163
0.00634163
0.00637941
0.00637941
0.00637941
0.00637941
0.00637941
0.00642301
0.00642301
0.00642301
0.00642301
0.00646252
0.00646993
0.00646993
0.00646993
0.00646993
0.00646993
0.00649792
0.00649792
0.00649792
0.00649792
0.00652327
0.00652327
0.00652327
0.00652327
0.00652327
0.00655127
0.00655127
0.00655127
0.00655127
0.00655127
0.00657521
0.00657521
0.00657521
0.00657521
0.00659146
0.00659864
0.00659864
0.00659864
0.00659864
0.00659864
0.00661112
0.00661112
0.00661112
0.00661112
0.00662113
0.00662113
0.00662113
0.00662113
0.00662872
0.00662872
0.00662872
0.00662872
0.00662872
0.00663488
0.00663488
0.00663488
0.00663488
0.00663719
0.00663742
0.0066375
0.0066375
0.0066375
0.0066375
0.00663645
0.00663645
0.00663645
0.00663645
0.00663645
0.00663208
0.00663208
0.00663208
0.00663208
0.00663208
0.00662447
0.00662447
0.00662447
0.00662447
0.00662447
0.00661375
0.00661375
0.00661375
0.00661375
0.00660008
0.00660008
0.00659701
0.00659701
0.00659701
0.00659701
0.00658362
0.00658362
0.00658362
0.00658362
0.00658362
0.00656455
0.00656455
0.00656455
0.00656455
0.00654308
0.00654308
0.00653852
0.00653852
0.00653852
0.00653852
0.00651938
0.00651938
0.00651938
0.00651938
0.00651938
0.00649362
0.00649362
0.00649362
0.00649362
0.00647168
0.00646031
0.00646031
0.00646031
0.00646031
0.00646031
0.00643679
0.00643679
0.00643679
0.00643679
0.00643679
0.006406
0.006406
0.006406
0.006406
0.006406
0.00637371
0.00637371
0.00637371
0.00637371
0.00634004
0.00634004
0.00633315
0.00633315
0.00633315
0.00633315
0.00630511
0.00630511
0.00630511
0.00630511
0.00630511
0.00626913
0.00626913
0.00626913
0.00626913
0.00626913
0.00623229
0.00623229
0.00623229
0.00623229
0.00619472
0.00619472
0.00618712
0.00618712
0.00618712
0.00618712
0.00615649
0.00615649
0.00615649
0.00615649
0.00612551
0.00612551
0.00612551
0.00612551
0.0060943
0.0060943
0.0060943
0.0060943
0.0060943
0.00605508
0.00605508
0.00605508
0.00605508
0.00605508
0.00601579
0.00601579
0.00601579
0.00601579
0.00597656
0.00596873
0.00596873
0.00596873
0.00596873
0.00596873
0.00593756
0.00593756
0.00593756
0.00593756
0.00590665
0.00590665
0.00590665
0.00590665
0.00590665
0.00586853
0.00586853
0.00586853
0.00586853
0.00583851
0.00582368
0.00582368
0.00582368
0.00582368
0.00582368
0.00579438
0.00579438
0.00579438
0.00579438
0.00579438
0.00575847
0.00575847
0.00575847
0.00575847
0.0057234
0.0057234
0.00571648
0.00571648
0.00571648
0.00571648
0.00568916
0.00568916
0.00568916
0.00568916
0.00566238
0.00566238
0.00566238
0.00566238
0.00566238
0.0056297
0.0056297
0.0056297
0.0056297
0.0056297
0.00559792
0.00559792
0.00559792
0.00559792
0.00556709
0.00556709
0.00556105
0.00556105
0.00556105
0.00556105
0.00553734
0.00553734
0.00553734
0.00553734
0.00553734
0.00550876
0.00550876
0.00550876
0.00550876
0.00548144
0.00547612
0.00547612
0.00547612
0.00547612
0.00547612
0.00545536
0.00545536
0.00545536
0.00545536
0.00543537
0.00543537
0.00543537
0.00543537
0.00541612
0.00541612
0.00541612
0.00541612
0.00541612
0.00539305
0.00539305
0.00539305
0.00539305
0.00539305
0.00537102
0.00537102
0.00537102
0.00537102
0.00535411
0.00534999
0.00534589
0.00534589
0.00534589
0.00534589
0.00532991
0.00532991
0.00532991
0.00532991
0.00531452
0.00531452
0.00531452
0.00531452
0.00531452
0.00529613
0.00529613
0.00529613
0.00529613
0.00529613
0.00527868
0.00527868
0.00527868
0.00527868
0.00526217
0.00526217
0.00526217
0.00526217
0.00526217
0.0052466
0.0052466
0.0052436
0.0052436
0.0052436
0.0052436
0.00523196
0.00523196
0.00523196
0.00523196
0.00523196
0.00521821
0.00521821
0.00521821
0.00521821
0.00521038
0.00520533
0.00520533
0.00520533
0.00520533
0.00519561
0.00519325
0.00519093
0.00519093
0.00519093
0.00519093
0.00518192
0.00518192
0.00518192
0.00518192
0.00518192
0.00517124
0.00517124
0.00517124
0.00517124
0.00516115
0.00515919
0.00515919
0.00515919
0.00515919
0.00515919
0.00515155
0.00515155
0.00515155
0.00515155
0.00514418
0.00514418
0.00514418
0.00514418
0.00513531
0.00513531
0.00513531
0.00513531
0.00513531
0.00512677
0.00512677
0.00512509
0.00512509
0.00512509
0.00512509
0.0051185
0.0051185
0.0051185
0.0051185
0.0051185
0.00511047
0.00511047
0.00511047
0.00511047
0.00510262
0.00510262
0.00510262
0.00510262
0.00510262
0.00509644
0.00509491
0.00509339
0.00509339
0.00509339
0.00509339
0.00508732
0.00508732
0.00508732
0.00508732
0.00508732
0.00507982
0.00507982
0.00507982
0.00507982
0.00507237
0.00507237
0.00507237
0.00507237
0.00507237
0.00506645
0.00506497
0.00506349
0.00506349
0.00506349
0.00506349
0.00505758
0.00505758
0.00505758
0.00505758
0.00505758
0.00505022
0.00505022
0.00505022
0.00505022
0.00504434
0.00504287
0.0050414
0.0050414
0.0050414
0.0050414
0.00503554
0.00503554
0.00503554
0.00503554
0.0050297
0.0050297
0.0050297
0.0050297
0.0050297
0.00502243
0.00502243
0.00502243
0.00502243
0.00501518
0.00501518
0.00501374
0.00501374
0.00501374
0.00501374
0.00500794
0.00500794
0.00500794
0.00500794
0.00500794
0.0050007
0.0050007
0.0050007
0.0050007
0.00499487
0.00499341
0.00499195
0.00499195
0.00499195
0.00499195
0.00498604
0.00498604
0.00498604
0.00498604
0.00498002
0.00498002
0.00498002
0.00498002
0.00497386
0.00497386
0.00497386
0.00497386
0.00497386
0.0049659
0.0049659
0.0049659
0.0049659
0.0049659
0.00495763
0.00495763
0.00495763
0.00495763
0.00494904
0.00494728
0.00494728
0.00494728
0.00494728
0.00494728
0.00494012
0.00494012
0.00494012
0.00494012
0.00493275
0.00493275
0.00493275
0.00493275
0.00493275
0.00492325
0.00492325
0.00492325
0.00492325
0.00491345
0.00491345
0.00491145
0.00491145
0.00491145
0.00491145
0.00490336
0.00490336
0.00490336
0.00490336
0.00490336
0.00489301
0.00489301
0.00489301
0.00489301
0.00488459
0.00488246
0.00488033
0.00488033
0.00488033
0.00488033
0.00487175
0.00487175
0.00487175
0.00487175
0.0048631
0.0048631
0.0048631
0.0048631
0.0048631
0.00485221
0.00485221
0.00485221
0.00485221
0.00485221
0.00484128
0.00484128
0.00484128
0.00484128
0.0048303
0.0048281
0.0048281
0.0048281
0.0048281
0.0048281
0.00481927
0.00481927
0.00481927
0.00481927
0.00481041
0.00481041
0.00481041
0.00481041
0.00481041
0.00479926
0.00479926
0.00479926
0.00479926
0.00479027
0.00478801
0.00478574
0.00478574
0.00478574
0.00478574
0.00477661
0.00477661
0.00477661
0.00477661
0.00477661
0.00476504
0.00476504
0.00476504
0.00476504
0.00475327
0.00475327
0.00475089
0.00475089
0.00475089
0.00475089
0.00474131
0.00474131
0.00474131
0.00474131
0.00473161
0.00473161
0.00473161
0.00473161
0.00472181
0.00472181
0.00472181
0.00472181
0.00472181
0.00470946
0.00470946
0.00470946
0.00470946
0.00470946
0.004697
0.004697
0.004697
0.004697
0.00468445
0.00468193
0.00468193
0.00468193
0.00468193
0.00468193
0.00467184
0.00467184
0.00467184
0.00467184
0.00466173
0.00466173
0.00466173
0.00466173
0.00466173
0.00464909
0.00464909
0.00464909
0.00464909
0.00464909
0.00463649
0.00463649
0.00463649
0.00463649
0.00462393
0.00462142
0.00462142
0.00462142
0.00462142
0.00462142
0.00461141
0.00461141
0.00461141
0.00461141
0.00460142
0.00460142
0.00460142
0.00460142
0.00460142
0.00458895
0.00458895
0.00458895
0.00458895
0.004579
0.00457651
0.00457402
0.00457402
0.00457402
0.00457402
0.00456407
0.00456407
0.00456407
0.00456407
0.00456407
0.00455163
0.00455163
0.00455163
0.00455163
0.00453919
0.00453919
0.0045367
0.0045367
0.0045367
0.0045367
0.00452924
0.00452924
0.00452924
0.00452924
0.00451682
0.00451682
0.00451682
0.00451682
0.00450689
0.00450441
0.00450193
0.00450193
0.00450193
0.00450193
0.00449203
0.00449203
0.00449203
0.00449203
0.00449203
0.00447968
0.00447968
0.00447968
0.00447968
0.00446984
0.00446738
0.00446493
0.00446493
0.00446493
0.00446493
0.00445514
0.00445514
0.00445514
0.00445514
0.00445514
0.00444295
0.00444295
0.00444295
0.00444295
0.0044308
0.00442837
0.00442837
0.00442837
0.00442837
0.00442837
0.00441867
0.00441867
0.00441867
0.00441867
0.00440898
0.00440898
0.00440898
0.00440898
0.00440898
0.00439685
0.00439685
0.00439685
0.00439685
0.00438714
0.00438228
0.00438228
0.00438228
0.00438228
0.00438228
0.00437254
0.00437254
0.00437254
0.00437254
0.00436279
0.00436279
0.00436279
0.00436279
0.00436279
0.00435061
0.00435061
0.00435061
0.00435061
0.00435061
0.00433843
0.00433843
0.00433843
0.00433843
0.00433843
0.00432628
0.00432628
0.00432628
0.00432628
0.00431658
0.00431174
0.00431174
0.00431174
0.00431174
0.00431174
0.00430207
0.00430207
0.00430207
0.00430207
0.00429242
0.00429242
0.00429242
0.00429242
0.00429242
0.00428038
0.00428038
0.00428038
0.00428038
0.00427078
0.00426599
0.00426599
0.00426599
0.00426599
0.00426599
0.00425644
0.00425644
0.00425644
0.00425644
0.00424454
0.00424454
0.00424454
0.00424454
0.00424454
0.00423509
0.00423038
0.00423038
0.00423038
0.00423038
0.00422101
0.00422101
0.00422101
0.00422101
0.00422101
0.00421168
0.00421168
0.00421168
0.00421168
0.00421168
0.00420009
0.00420009
0.00420009
0.00420009
0.00420009
0.00418857
0.00418857
0.00418857
0.00418857
0.00418857
0.00417716
0.00417716
0.00417716
0.00417716
0.00416587
0.00416364
0.00416364
0.00416364
0.00416364
0.00416364
0.00415476
0.00415476
0.00415476
0.00415476
0.00414602
0.00414602
0.00414602
0.00414602
0.00414602
0.00413532
0.00413532
0.00413532
0.00413532
0.00413532
0.0041249
0.0041249
0.0041249
0.0041249
0.0041168
0.00411282
0.00411282
0.00411282
0.00411282
0.00411282
0.00410504
0.00410504
0.00410504
0.00410504
0.00409748
0.00409748
0.00409748
0.00409748
0.00409014
0.00409014
0.00409014
0.00409014
0.00409014
0.00408129
0.00408129
0.00408129
0.00408129
0.0040728
0.00407114
0.00407114
0.00407114
0.00407114
0.00407114
0.00406464
0.00406464
0.00406464
0.00406464
0.00406464
0.00405682
0.00405682
0.00405682
0.00405682
0.00405077
0.00404782
0.00404782
0.00404782
0.00404782
0.00404782
0.00404205
0.00404205
0.00404205
0.00404205
0.00403644
0.00403644
0.00403644
0.00403644
0.00403099
0.00403099
0.00403099
0.00403099
0.00403099
0.0040244
0.0040244
0.0040244
0.0040244
0.0040193
0.0040168
0.0040168
0.0040168
0.0040168
0.0040168
0.00401191
0.00401191
0.00401191
0.00401191
0.00400715
0.00400715
0.00400715
0.00400715
0.00400715
0.00400136
0.00400136
0.00400136
0.00400136
0.0039957
0.00399459
0.00399459
0.00399459
0.00399459
0.00399459
0.00399015
0.00399015
0.00399015
0.00399015
0.00398577
0.00398577
0.00398577
0.00398577
0.00398577
0.00398034
0.00398034
0.00398034
0.00398034
0.00397604
0.00397497
0.00397391
0.00397391
0.00397391
0.00397391
0.00396966
0.00396966
0.00396966
0.00396966
0.00396545
0.00396545
0.00396545
0.00396545
0.00396545
0.00396025
0.00396025
0.00396025
0.00396025
0.00396025
0.0039551
0.0039551
0.0039551
0.0039551
0.0039551
0.00395001
0.00395001
0.00395001
0.00395001
0.00394498
0.00394397
0.00394397
0.00394397
0.00394397
0.00394397
0.00393998
0.00393998
0.00393998
0.00393998
0.003936
0.003936
0.003936
0.003936
0.003936
0.00393106
0.00393106
0.00393106
0.00393106
0.00393106
0.00392614
0.00392614
0.00392614
0.00392614
0.00392222
0.00392026
0.00392026
0.00392026
0.00392026
0.00392026
0.00391633
0.00391633
0.00391633
0.00391633
0.00391239
0.00391239
0.00391239
0.00391239
0.00391239
0.00390744
0.00390744
0.00390744
0.00390744
0.00390344
0.00390143
0.00390143
0.00390143
0.00390143
0.00390143
0.00389737
0.00389737
0.00389737
0.00389737
0.00389737
0.00389224
0.00389224
0.00389224
0.00389224
0.00388702
0.00388702
0.00388596
0.00388596
0.00388596
0.00388596
0.00388169
0.00388169
0.00388169
0.00388169
0.00387732
0.00387732
0.00387732
0.00387732
0.00387284
0.00387284
0.00387284
0.00387284
0.00387284
0.00386708
0.00386708
0.00386708
0.00386708
0.00386114
0.00385992
0.00385992
0.00385992
0.00385992
0.00385992
0.003855
0.003855
0.003855
0.003855
0.003855
0.00384869
0.00384869
0.00384869
0.00384869
0.00384223
0.00384223
0.00384092
0.00384092
0.00384092
0.00384092
0.00383563
0.00383563
0.00383563
0.00383563
0.00383025
0.00383025
0.00383025
0.00383025
0.00383025
0.00382343
0.00382343
0.00382343
0.00382343
0.00382343
0.0038165
0.0038165
0.0038165
0.0038165
0.00381088
0.00380805
0.00380805
0.00380805
0.00380805
0.00380805
0.00380233
0.00380233
0.00380233
0.00380233
0.00379655
0.00379655
0.00379655
0.00379655
0.00379655
0.0037892
0.0037892
0.0037892
0.0037892
0.00378323
0.00378021
0.00378021
0.00378021
0.00378021
0.00378021
0.00377411
0.00377411
0.00377411
0.00377411
0.00377411
0.00376635
0.00376635
0.00376635
0.00376635
0.00376004
0.00375684
0.00375684
0.00375684
0.00375684
0.00375684
0.00375038
0.00375038
0.00375038
0.00375038
0.00374381
0.00374381
0.00374381
0.00374381
0.00374381
0.00373545
0.00373545
0.00373545
0.00373545
0.00372691
0.00372691
0.00372691
0.00372691
0.00372691
0.00371819
0.00371819
0.00371643
0.00371643
0.00371643
0.00371643
0.00370928
0.00370928
0.00370928
0.00370928
0.00370201
0.00370201
0.00370201
0.00370201
0.00370201
0.00369273
0.00369273
0.00369273
0.00369273
0.00369273
0.00368323
0.00368323
0.00368323
0.00368323
0.00367546
0.00367349
0.00367152
0.00367152
0.00367152
0.00367152
0.00366355
0.00366355
0.00366355
0.00366355
0.00366355
0.00365345
0.00365345
0.00365345
0.00365345
0.00365345
0.00364324
0.00364324
0.00364324
0.00364324
0.00363299
0.00363094
0.00363094
0.00363094
0.00363094
0.00363094
0.00362274
0.00362274
0.00362274
0.00362274
0.00362274
0.00361255
0.00361255
0.00361255
0.00361255
0.00360247
0.00360048
0.00360048
0.00360048
0.00360048
0.00360048
0.00359254
0.00359254
0.00359254
0.00359254
0.00359254
0.00358273
0.00358273
0.00358273
0.00358273
0.00357498
0.00357113
0.00357113
0.00357113
0.00357113
0.00357113
0.00356347
0.00356347
0.00356347
0.00356347
0.00356347
0.00355393
0.00355393
0.00355393
0.00355393
0.00355393
0.00354443
0.00354443
0.00354443
0.00354443
0.00353494
0.00353305
0.00353305
0.00353305
0.00353305
0.00353305
0.00352545
0.00352545
0.00352545
0.00352545
0.00351785
0.00351785
0.00351785
0.00351785
0.00351023
0.00351023
0.00351023
0.00351023
0.00351023
0.00350068
0.00350068
0.00350068
0.00350068
0.00349113
0.00349113
0.00348922
0.00348922
0.00348922
0.00348922
0.00348159
0.00348159
0.00348159
0.00348159
0.00347396
0.00347396
0.00347396
0.00347396
0.00347396
0.00346443
0.00346443
0.00346443
0.00346443
0.00345682
0.00345302
0.00345302
0.00345302
0.00345302
0.00345302
0.00344542
0.00344542
0.00344542
0.00344542
0.00344542
0.00343595
0.00343595
0.00343595
0.00343595
0.00343595
0.00342652
0.00342652
0.00342652
0.00342652
0.00341716
0.00341716
0.00341529
0.00341529
0.00341529
0.00341529
0.00340787
0.00340787
0.00340787
0.00340787
0.00340052
0.00340052
0.00340052
0.00340052
0.00340052
0.00339144
0.00339144
0.00339144
0.00339144
0.00339144
0.00338075
0.00338075
0.00338075
0.00338075
0.00338075
0.00337373
0.00337373
0.00337373
0.00337373
0.00336682
0.00336682
0.00336682
0.00336682
0.00335832
0.00335832
0.00335832
0.00335832
0.00335832
0.00335
0.00334836
0.00334836
0.00334836
0.00334836
0.00334836
0.00334187
0.00334187
0.00334187
0.00334187
0.00333551
0.00333551
0.00333551
0.00333551
0.00332927
0.00332927
0.00332927
0.00332927
0.00332927
0.00332163
0.00332163
0.00332163
0.00332163
0.00331565
0.00331417
0.00331269
0.00331269
0.00331269
0.00331269
0.00330685
0.00330685
0.00330685
0.00330685
0.00329965
0.00329965
0.00329965
0.00329965
0.00329965
0.00329256
0.00329115
0.00329115
0.00329115
0.00329115
0.00329115
0.00328556
0.00328556
0.00328556
0.00328556
0.00328001
0.00328001
0.00328001
0.00328001
0.00328001
0.00327314
0.00327314
0.00327314
0.00327314
0.00326634
0.00326499
0.00326499
0.00326499
0.00326499
0.00326499
0.0032596
0.0032596
0.0032596
0.0032596
0.00325425
0.00325425
0.00325425
0.00325425
0.00324759
0.00324759
0.00324759
0.00324759
0.00324759
0.00324095
0.00323962
0.00323962
0.00323962
0.00323962
0.00323564
0.00323564
0.00323564
0.00323564
0.00323564
0.003229
0.003229
0.003229
0.003229
0.003229
0.00322236
0.00322236
0.00322236
0.00322236
0.00321704
0.00321438
0.00321438
0.00321438
0.00321438
0.00321438
0.00320904
0.00320904
0.00320904
0.00320904
0.00320369
0.00320369
0.00320369
0.00320369
0.0031983
0.0031983
0.0031983
0.0031983
0.0031983
0.0031915
0.0031915
0.0031915
0.0031915
0.0031846
0.00318321
0.00318321
0.00318321
0.00318321
0.0031776
0.0031776
0.0031776
0.0031776
0.0031776
0.0031719
0.0031719
0.0031719
0.0031719
0.0031719
0.00316466
0.00316466
0.00316466
0.00316466
