-9.61053e-05
-9.61569e-05
-9.6206e-05
-9.62527e-05
-9.62991e-05
-9.63457e-05
-9.63946e-05
-9.64457e-05
-9.64992e-05
-9.65551e-05
-9.66138e-05
-9.66743e-05
-9.67361e-05
-9.67991e-05
-9.68629e-05
-9.69268e-05
-9.69911e-05
-9.69911e-05
-9.70552e-05
-9.71796e-05
-9.72374e-05
-9.72909e-05
-9.73381e-05
-9.73746e-05
-9.73977e-05
-9.74054e-05
-9.73965e-05
-9.73687e-05
-9.73201e-05
-9.7249e-05
-9.7154e-05
-9.70345e-05
-9.68896e-05
-9.67169e-05
-9.65153e-05
-9.62845e-05
-9.60238e-05
-9.57329e-05
-9.54129e-05
-9.50634e-05
-9.46808e-05
-9.42632e-05
-9.38099e-05
-9.33191e-05
-9.27905e-05
-9.22212e-05
-9.16114e-05
-9.16114e-05
-9.09625e-05
-8.95466e-05
-8.87725e-05
-8.79512e-05
-8.70759e-05
-8.61456e-05
-8.51584e-05
-8.4109e-05
-8.29955e-05
-8.18124e-05
-8.05591e-05
-7.92338e-05
-7.78304e-05
-7.63485e-05
-7.47852e-05
-7.31383e-05
-7.13967e-05
-6.95561e-05
-6.76105e-05
-6.55568e-05
-6.33947e-05
-6.11184e-05
-5.87224e-05
-5.62003e-05
-5.35525e-05
-5.0771e-05
-5.0771e-05
-4.47913e-05
-4.15866e-05
-3.82371e-05
-3.4736e-05
-3.10753e-05
-2.7248e-05
-2.32562e-05
-1.90901e-05
-1.47412e-05
-1.02038e-05
-5.48386e-06
-4.42049e-07
5.00061e-06
1.0877e-05
1.72202e-05
2.40456e-05
3.13764e-05
3.92252e-05
4.75854e-05
4.75854e-05
6.58505e-05
7.5746e-05
8.61342e-05
8.61342e-05
0.000108686
0.000108686
0.000134992
0.000149848
0.000149848
0.000183088
0.000201531
0.000221138
0.000221138
0.000241924
0.000286949
0.000311136
0.000336404
0.000362719
0.000389995
0.000418192
0.000447247
0.000477144
0.000507863
0.000539379
0.000571626
0.000571626
0.000638266
0.000672628
0.000707657
0.000743339
0.000779647
0.000816567
0.000854083
0.000892123
0.000930687
0.000969773
0.00100932
0.00104934
0.00108978
0.00113061
0.0011718
0.00121335
0.00125529
0.00129766
0.00134041
0.00134041
0.00142717
0.00147117
0.0015156
0.00156052
0.00160594
0.00165185
0.00169825
0.0017451
0.00179243
0.0018403
0.00188866
0.00193753
0.00193753
0.00203692
0.00208746
0.00213853
0.00219015
0.00224229
0.00229501
0.00234827
0.00240206
0.00240206
0.00251142
0.00256703
0.00262335
0.0026804
0.0027382
0.00279671
0.00285599
0.00291606
0.00297698
0.00297698
0.00310122
0.00316465
0.00322891
0.00329406
0.00336015
0.00342719
0.00349512
0.00356392
0.00363366
0.00370438
0.00377603
0.00384868
0.00392239
0.0039971
0.0039971
0.00414952
0.00422737
0.00430626
0.00438637
0.0044676
0.00455
0.0046336
0.00471831
0.00480419
0.0048912
0.0049794
0.00506884
0.00515945
0.00525128
0.00534425
0.00543846
0.00553395
0.00563063
0.00572858
0.00582784
0.00582784
0.00592845
0.00613363
0.00623804
0.00634374
0.00645078
0.00655906
0.00666867
0.00677966
0.00689193
0.00700557
0.00712047
0.00723675
0.00735447
0.00747352
0.00759399
0.00771594
0.0078394
0.00796424
0.00809054
0.00809054
0.00834768
0.00847843
0.00861067
0.00874444
0.00887976
0.00901666
0.00915497
0.00929478
0.00943613
0.00943613
0.0097234
0.00986923
0.0100166
0.0101657
0.0103164
0.0104686
0.0106222
0.0107773
0.0109338
0.0110915
0.0112508
0.0114115
0.0115737
0.0117373
0.0119026
0.0120694
0.012238
0.0124081
0.0125798
0.0127531
0.012928
0.0131042
0.0132823
0.0134618
0.0136431
0.0138258
0.01401
0.0141956
0.0143828
0.0145719
0.0147627
0.0149551
0.0151491
0.0153448
0.0155422
0.0157412
0.0159417
0.0161437
0.0163474
0.0165529
0.0167604
0.0169695
0.0171806
0.0173937
0.0176085
0.0178253
0.0180441
0.0180441
0.0184873
0.0184873
0.0189381
0.0191665
0.0193968
0.019629
0.0198631
0.0200991
0.0203369
0.0205767
0.0208186
0.0210627
0.021309
0.021309
0.0218082
0.0220613
0.0223165
0.0225741
0.0225741
0.0230961
0.0230961
0.0236272
0.0238964
0.024168
0.024442
0.0247183
0.0249968
0.0252773
0.0255597
0.0258438
0.0261302
0.0264185
0.0267088
0.0270011
0.0272953
0.027591
0.0278885
0.028188
0.0284892
0.0287924
0.0287924
0.029404
0.0297129
0.0300237
0.0303369
0.0306524
0.0309704
0.0312907
0.0316133
0.0319379
0.0322647
0.0325934
0.0329237
0.0329237
0.0335905
0.0339268
0.0342648
0.0346052
0.0349484
0.0352943
0.0356428
0.0359935
0.0363466
0.0367021
0.03706
0.0374204
0.0377833
0.0381487
0.0385166
0.038887
0.0392599
0.0396353
0.0400128
0.040392
0.0407734
0.0411571
0.0415432
0.0419317
0.0423227
0.0427163
0.0431119
0.0435099
0.0439103
0.0443127
0.0447169
0.0451228
0.0455308
0.0459411
0.0463535
0.0467682
0.047185
0.0476037
0.0480247
0.0484477
0.048873
0.0493009
0.049731
0.0501637
0.0505991
0.0510368
0.0514768
0.0514768
0.0523646
0.0528128
0.053264
0.0537183
0.0541756
0.0546366
0.0551005
0.0555674
0.0560374
0.0565104
0.0569864
0.0569864
0.0579477
0.0584324
0.0589192
0.0594091
0.059902
0.0603978
0.0603978
0.061397
0.0619002
0.0624053
0.0629134
0.0629134
0.0639383
0.0639383
0.0644547
0.0654954
0.06602
0.06602
0.0670768
0.0670768
0.0676099
0.0681466
0.0692309
0.0697775
0.0703276
0.070881
0.0714375
0.0719968
0.0725584
0.0731218
0.0736873
0.0742551
0.0748247
0.0753964
0.0759705
0.0765471
0.0771263
0.0777076
0.0782912
0.0782912
0.0794656
0.0800562
0.0806493
0.0812452
0.0818438
0.0824447
0.0824447
0.0836536
0.0842609
0.0848706
0.0854827
0.086097
0.0867138
0.0873327
0.0879548
0.0885796
0.0885796
0.0898361
0.0898361
0.0911042
0.0917437
0.0923869
0.0923869
0.093684
0.0943371
0.0949939
0.0956544
0.0963176
0.0969838
0.0976532
0.0983257
0.0990007
0.0996777
0.100357
0.100357
0.101721
0.102408
0.103097
0.103789
0.104485
0.105184
0.105184
0.106591
0.107299
0.10801
0.108724
0.109442
0.110162
0.110162
0.111613
0.111613
0.112342
0.113808
0.114546
0.115288
0.116033
0.116781
0.117533
0.118287
0.119045
0.119805
0.120568
0.121334
0.122103
0.122874
0.123649
0.124426
0.125207
0.125207
0.126778
0.126778
0.127568
0.129156
0.129954
0.130756
0.131562
0.132372
0.133186
0.134004
0.134826
0.135651
0.135651
0.137312
0.138147
0.138984
0.139823
0.140666
0.141511
0.142359
0.14321
0.144063
0.144918
0.145774
0.146633
0.147493
0.148355
0.149221
0.150087
0.150956
0.151828
0.152702
0.15358
0.15446
0.155344
0.156229
0.157118
0.158008
0.158901
0.159796
0.160694
0.161594
0.162496
0.1634
0.164307
0.165215
0.166125
0.167037
0.167949
0.168866
0.169785
0.170706
0.17163
0.172557
0.173486
0.174417
0.17535
0.176286
0.177225
0.178167
0.179113
0.180063
0.181018
0.181976
0.18294
0.183908
0.18488
0.185857
0.186838
0.187822
0.188808
0.189798
0.19079
0.191785
0.192784
0.193787
0.194794
0.195805
0.19682
0.19784
0.198863
0.19989
0.20092
0.201953
0.202991
0.204032
0.205076
0.206124
0.207175
0.208228
0.209286
0.210348
0.211413
0.212481
0.213552
0.214627
0.215705
0.216787
0.217872
0.21896
0.220052
0.221147
0.222243
0.223343
0.224444
0.225546
0.226651
0.227757
0.228865
0.229975
0.231086
0.232199
0.233313
0.234428
0.235544
0.236663
0.237784
0.238909
0.240037
0.241167
0.242302
0.243438
0.244577
0.245718
0.246861
0.248007
0.249157
0.250309
0.251465
0.252623
0.253783
0.254947
0.256113
0.25728
0.258449
0.259621
0.260795
0.261973
0.263155
0.264339
0.265528
0.26672
0.267915
0.269113
0.270314
0.271518
0.272724
0.273931
0.275139
0.27635
0.277561
0.278774
0.279988
0.281206
0.282427
0.283651
0.284878
0.286108
0.28734
0.288575
0.289812
0.291052
0.292295
0.29354
0.29479
0.296041
0.297295
0.298551
0.29981
0.301072
0.302336
0.303604
0.304874
0.306147
0.307424
0.308703
0.309984
0.311266
0.31255
0.313838
0.315129
0.316422
0.317718
0.317718
0.320321
0.321625
0.322931
0.324243
0.325558
0.326878
0.328203
0.329529
0.329529
0.332194
0.333532
0.334873
0.336217
0.337565
0.338916
0.340271
0.341628
0.342988
0.344349
0.345711
0.347076
0.348443
0.349812
0.351183
0.352555
0.353929
0.355305
0.356683
0.358062
0.359442
0.360824
0.362207
0.362207
0.363592
0.366369
0.367762
0.369158
0.370558
0.37196
0.373365
0.374772
0.37618
0.37759
0.379
0.380412
0.381826
0.383242
0.384659
0.386079
0.386079
0.388924
0.39035
0.391777
0.393207
0.394637
0.396068
0.397501
0.398935
0.40037
0.401808
0.403247
0.404689
0.406134
0.40758
0.409029
0.410481
0.411934
0.413389
0.414844
0.416299
0.417756
0.419214
0.420674
0.422137
0.423603
0.425071
0.426541
0.428011
0.429482
0.430955
0.432431
0.432431
0.435389
0.435389
0.438359
0.439849
0.441341
0.442838
0.444339
0.445842
0.447347
0.448855
0.450364
0.451876
0.451876
0.454903
0.45642
0.45794
0.459463
0.460989
0.462518
0.464051
0.465588
0.46713
0.468675
0.470223
0.471773
0.473327
0.474881
0.476438
0.477997
0.479559
0.481124
0.48269
0.484258
0.485827
0.487398
0.488968
0.490539
0.492111
0.493683
0.495257
0.496831
0.498406
0.499984
0.501562
0.501562
0.504721
0.5063
0.50788
0.509462
0.511044
0.512627
0.514211
0.515794
0.517378
0.517378
0.518964
0.522139
0.523729
0.525323
0.526923
0.528528
0.530136
0.531747
0.53336
0.534973
0.536588
0.538202
0.539815
0.541428
0.543039
0.544648
0.546258
0.547868
0.549479
0.551091
0.552705
0.55432
0.555935
0.55755
0.559168
0.559168
0.562411
0.564035
0.565659
0.565659
0.568911
0.570539
0.572169
0.573801
0.575434
0.577069
0.578704
0.58034
0.581977
0.581977
0.585251
0.586887
0.588525
0.590164
0.591806
0.59345
0.595098
0.595098
0.596747
0.600052
0.601709
0.603368
0.605031
0.606697
0.608364
0.610033
0.611704
0.613378
0.615052
0.616726
0.618401
0.620077
0.621754
0.621754
0.625103
0.625103
0.626776
0.63012
0.631793
0.631793
0.635151
0.636835
0.636835
0.640214
0.641907
0.643603
0.643603
0.645303
0.647006
0.650414
0.652118
0.653823
0.655529
0.657234
0.658937
0.66064
0.662343
0.664045
0.665746
0.665746
0.667446
0.670846
0.672546
0.674247
0.675951
0.675951
0.677658
0.681075
0.682784
0.684494
0.686206
0.687917
0.687917
0.691342
0.693055
0.694768
0.696484
0.698202
0.699921
0.701642
0.703361
0.705079
0.706797
0.708515
0.710234
0.71195
0.713665
0.71538
0.717095
0.718808
0.720519
0.72223
0.72394
0.725648
0.727356
0.729062
0.730767
0.73247
0.734173
0.735875
0.737576
0.739277
0.740978
0.742679
0.744381
0.746085
0.747789
0.749495
0.751201
0.752908
0.754614
0.756319
0.758023
0.759726
0.761427
0.763128
0.764829
0.766529
0.768228
0.769926
0.771624
0.773319
0.775014
0.77671
0.778406
0.780102
0.781799
0.783498
0.785197
0.786896
0.788595
0.790293
0.791992
0.793693
0.795393
0.797094
0.798797
0.8005
0.802203
0.803904
0.805603
0.807303
0.809002
0.8107
0.812398
0.814096
0.815795
0.817494
0.817494
0.820895
0.822597
0.822597
0.826007
0.827717
0.82943
0.831146
0.832865
0.834586
0.836308
0.838031
0.839755
0.841479
0.843203
0.844927
0.84665
0.848374
0.850097
0.851817
0.853537
0.855257
0.856978
0.858699
0.86042
0.862141
0.86386
0.865575
0.86729
0.86729
0.870714
0.872425
0.874135
0.875845
0.877559
0.879274
0.88099
0.882708
0.884427
0.886147
0.887867
0.889587
0.891306
0.893024
0.894741
0.896455
0.898168
0.89988
0.901591
0.9033
0.905005
0.906707
0.908407
0.910103
0.911796
0.913487
0.915178
0.916866
0.918551
0.920234
0.921915
0.923595
0.925273
0.926949
0.928623
0.930295
0.931964
0.933631
0.935295
0.936959
0.938621
0.940282
0.941941
0.943597
0.945251
0.946905
0.94856
0.950213
0.951866
0.953519
0.955171
0.956823
0.958475
0.960128
0.96178
0.96343
0.965079
0.966726
0.968373
0.97002
0.971665
0.973311
0.974955
0.976598
0.978242
0.979886
0.98153
0.983173
0.984817
0.986461
0.988106
0.989753
0.9914
0.993047
0.994695
0.996342
0.997986
0.999627
1.00127
1.00291
1.00454
1.00618
1.00781
1.00944
1.01107
1.01271
1.01433
1.01596
1.01759
1.01921
1.02083
1.02245
1.02407
1.02569
1.0273
1.02892
1.03053
1.03214
1.03375
1.03536
1.03696
1.03856
1.04016
1.04176
1.04336
1.04496
1.04655
1.04814
1.04974
1.05133
1.05292
1.05452
1.05611
1.0577
1.05929
1.06088
1.06246
1.06246
1.06562
1.0672
1.06878
1.07036
1.07036
1.07351
1.07509
1.07667
1.07824
1.07982
1.08139
1.08297
1.08454
1.08611
1.08768
1.08925
1.09081
1.09237
1.09393
1.09549
1.09549
1.09859
1.10014
1.10169
1.10324
1.10479
1.10633
1.10787
1.1094
1.1094
1.11247
1.114
1.11552
1.11704
1.11856
1.12007
1.12158
1.12309
1.12459
1.12459
1.1276
1.1291
1.13059
1.13209
1.13358
1.13507
1.13655
1.13804
1.13952
1.141
1.14247
1.14395
1.14542
1.14689
1.14836
1.14982
1.15128
1.15274
1.1542
1.15565
1.15565
1.15855
1.15999
1.16143
1.16287
1.16431
1.16575
1.16719
1.16862
1.17005
1.17148
1.17291
1.17434
1.17576
1.17719
1.17861
1.18003
1.18145
1.18286
1.18428
1.18569
1.1871
1.18851
1.18851
1.18992
1.19273
1.19413
1.19553
1.19694
1.19834
1.19974
1.20114
1.20253
1.20393
1.20532
1.2067
1.20809
1.20947
1.21085
1.21223
1.21361
1.21498
1.21498
1.21635
1.21909
1.22046
1.22183
1.22319
1.22456
1.22592
1.22728
1.22864
1.22999
1.23134
1.23269
1.23404
1.23538
1.23672
1.23805
1.23939
1.24072
1.24205
1.24337
1.24469
1.24601
1.24732
1.24863
1.24994
1.25124
1.25254
1.25384
1.25513
1.25642
1.25771
1.25899
1.26028
1.26156
1.26284
1.26412
1.2654
1.2654
1.26795
1.26922
1.27049
1.27175
1.27302
1.27428
1.27553
1.27679
1.27804
1.27929
1.28054
1.28178
1.28302
1.28426
1.2855
1.28674
1.28797
1.2892
1.29043
1.29165
1.29288
1.2941
1.29532
1.29653
1.29775
1.29896
1.30017
1.30137
1.30257
1.30257
1.30497
1.30616
1.30735
1.30854
1.30972
1.3109
1.31208
1.31325
1.31442
1.31559
1.31675
1.31791
1.31906
1.32022
1.32137
1.32251
1.32366
1.3248
1.3248
1.32707
1.3282
1.32933
1.33045
1.33158
1.3327
1.3327
1.33493
1.33604
1.33715
1.33826
1.33936
1.34047
1.34157
1.34267
1.34376
1.34485
1.34594
1.34702
1.34811
1.34919
1.35026
1.35133
1.3524
1.35347
1.35453
1.35559
1.35665
1.3577
1.35875
1.3598
1.36085
1.36189
1.36293
1.36397
1.36397
1.36604
1.36707
1.3681
1.36913
1.37015
1.37117
1.37218
1.3732
1.37421
1.37522
1.37622
1.37722
1.37822
1.37921
1.3802
1.38119
1.38217
1.38315
1.38413
1.38413
1.38608
1.38705
1.38802
1.38899
1.38995
1.39091
1.39187
1.39282
1.39377
1.39472
1.39567
1.39662
1.39756
1.3985
1.39944
1.40038
1.40038
1.40223
1.40315
1.40407
1.40499
1.4059
1.40681
1.40772
1.40863
1.40953
1.41044
1.41133
1.41223
1.41312
1.41402
1.4149
1.41579
1.41667
1.41755
1.41843
1.4193
1.42017
1.42104
1.42191
1.42277
1.42363
1.42448
1.42534
1.42619
1.42704
1.42788
1.42873
1.42957
1.4304
1.43124
1.43207
1.43289
1.43372
1.43454
1.43536
1.43617
1.43698
1.43779
1.4386
1.4394
1.4402
1.441
1.44179
1.44258
1.44337
1.44415
1.44494
1.44572
1.4465
1.4465
1.44804
1.44881
1.44958
1.45034
1.4511
1.45186
1.45261
1.45337
1.45411
1.45486
1.4556
1.45634
1.45708
1.45781
1.45854
1.45926
1.45998
1.4607
1.46142
1.46213
1.46213
1.46354
1.46425
1.46425
1.46565
1.46634
1.46703
1.46772
1.46841
1.4691
1.46978
1.47046
1.47114
1.47181
1.47249
1.47316
1.47382
1.47449
1.47515
1.4758
1.47646
1.47646
1.47776
1.4784
1.47905
1.47969
1.48032
1.48096
1.48159
1.48159
1.48284
1.48346
1.48408
1.4847
1.48531
1.48591
1.48652
1.48712
1.48772
1.48832
1.48891
1.4895
1.49009
1.49068
1.49126
1.49184
1.49242
1.49299
1.49357
1.49357
1.49471
1.49527
1.49527
1.4964
1.49696
1.49751
1.49807
1.49862
1.49917
1.49972
1.50027
1.50081
1.50135
1.50189
1.50243
1.50296
1.50349
1.50402
1.50454
1.50506
1.50558
1.5061
1.50661
1.50712
1.50763
1.50814
1.50864
1.50914
1.50964
1.51013
1.51062
1.51111
1.5116
1.51208
1.51256
1.51304
1.51352
1.51399
1.51446
1.51492
1.51538
1.51584
1.5163
1.51675
1.51721
1.51765
1.5181
1.51855
1.51899
1.51943
1.51986
1.5203
1.52073
1.52116
1.52158
1.52201
1.52243
1.52285
1.52327
1.52369
1.5241
1.52451
1.52451
1.52533
1.52574
1.52614
1.52654
1.52694
1.52734
1.52773
1.52812
1.52851
1.5289
1.52928
1.52967
1.53005
1.53042
1.53079
1.53117
1.53153
1.5319
1.53226
1.53262
1.53298
1.53333
1.53368
1.53403
1.53438
1.53473
1.53507
1.53541
1.53575
1.53575
1.53642
1.53675
1.53708
1.53741
1.53774
1.53806
1.53838
1.53871
1.53902
1.53934
1.53965
1.53996
1.53996
1.54058
1.54088
1.54119
1.54149
1.54178
1.54208
1.54237
1.54266
1.54295
1.54324
1.54353
1.54381
1.54409
1.54437
1.54464
1.54492
1.54519
1.54546
1.54573
1.546
1.54626
1.54652
1.54678
1.54704
1.5473
1.54755
1.54781
1.54806
1.5483
1.54855
1.5488
1.54904
1.54928
1.54952
1.54976
1.54999
1.54999
1.55046
1.55069
1.55092
1.55115
1.55137
1.55159
1.55181
1.55203
1.55225
1.55246
1.55268
1.55289
1.5531
1.5531
1.55351
1.55372
1.55392
1.55412
1.55432
1.55452
1.55471
1.55491
1.5551
1.55529
1.55529
1.55566
1.55585
1.55603
1.55621
1.55639
1.55657
1.55675
1.55692
1.5571
1.55727
1.55744
1.55761
1.55777
1.55794
1.5581
1.55826
1.55842
1.55858
1.55874
1.5589
1.55905
1.5592
1.55935
1.5595
1.55965
1.5598
1.55994
1.56009
1.56023
1.56037
1.56051
1.56065
1.56079
1.56092
1.56105
1.56119
1.56132
1.56145
1.56158
1.56171
1.56183
1.56196
1.56208
1.56221
1.56221
1.56245
1.56257
1.56268
1.5628
1.56292
1.56303
1.56314
1.56325
1.56336
1.56336
1.56358
1.56369
1.56379
1.56389
1.564
1.5641
1.5642
1.5643
1.56439
1.56449
1.56458
1.56468
1.56477
1.56486
1.56495
1.56504
1.56513
1.56521
1.5653
1.56538
1.56546
1.56555
1.56563
1.56571
1.56579
1.56586
1.56594
1.56601
1.56601
1.56609
1.56623
1.56631
1.56638
1.56644
1.56651
1.56658
1.56665
1.56671
1.56677
1.56684
1.5669
1.56696
1.56702
1.56708
1.56714
1.5672
1.56725
1.56731
1.56737
1.56742
1.56747
1.56753
1.56758
1.56763
1.56768
1.56773
1.56778
1.56782
1.56787
1.56792
1.56796
1.56801
1.56805
1.5681
1.56814
1.56818
1.56822
1.56826
1.5683
1.5683
1.56838
1.56841
1.56845
1.56849
1.56852
1.56856
1.56859
1.56862
1.56866
1.56869
1.56872
1.56872
1.56878
1.56881
1.56884
1.56887
1.5689
1.56892
1.56895
1.56898
1.569
1.56903
1.56905
1.56908
1.5691
1.56912
1.56915
1.56917
1.56919
1.56921
1.56923
1.56925
1.56927
1.56929
1.56931
1.56933
1.56935
1.56936
1.56938
1.5694
1.56941
1.56943
1.56945
1.56945
1.56948
1.56949
1.5695
1.56952
1.56953
1.56954
1.56956
1.56957
1.56958
1.56959
1.5696
1.56961
1.56962
1.56963
1.56964
1.56965
1.56966
1.56967
1.56968
1.56969
1.5697
1.56971
1.56971
1.56972
1.56973
1.56974
1.56974
1.56975
1.56976
1.56976
1.56977
1.56978
1.56978
1.56979
1.56979
1.5698
1.5698
1.56981
1.56981
1.56982
1.56982
1.56982
1.56983
1.56983
1.56983
1.56984
1.56984
1.56984
1.56985
1.56985
1.56985
1.56986
1.56986
1.56986
1.56986
1.56986
1.56987
1.56987
1.56987
1.56987
1.56987
1.56988
1.56988
1.56988
1.56988
1.56988
1.56988
1.56988
1.56988
1.56989
1.56989
1.56989
1.56989
1.56989
1.56989
1.56989
1.56989
1.56989
1.56989
1.56989
1.56989
1.56989
1.56989
1.56989
1.56989
1.56989
1.5699
1.5699
1.5699
1.5699
1.5699
1.5699
1.5699
1.5699
1.5699
1.5699
1.5699
1.5699
1.5699
1.5699
1.5699
1.5699
1.5699
1.5699
1.5699
1.5699
1.5699
1.5699
1.5699
1.5699
1.5699
1.5699
1.5699
1.5699
1.5699
1.5699
1.5699
1.5699
1.5699
1.5699
1.5699
1.5699
1.5699
1.5699
1.5699
1.5699
1.5699
1.5699
1.5699
1.5699
1.5699
1.56991
1.56991
1.56991
1.56991
1.56991
1.56991
1.56991
1.56991
1.56991
1.56991
1.56991
1.56991
1.56991
1.56991
1.56991
1.56991
1.56991
1.56991
1.56991
1.56991
1.56991
1.56991
1.56991
1.56991
1.56991
1.56991
1.56991
1.56991
1.56991
1.56991
1.56991
1.56991
1.56991
1.56991
1.56991
1.56991
1.56991
1.56991
1.56991
1.56991
1.56991
1.56991
1.56991
1.56991
1.56991
1.56991
1.56991
1.56991
1.56991
1.56991
1.56991
1.56991
1.56991
1.56991
1.56991
1.56991
1.56991
1.56991
1.56991
1.56991
1.56991
1.56991
1.56991
1.56991
1.56991
1.56991
1.56991
1.56991
1.56991
1.56991
1.56991
1.56991
1.56991
1.56991
1.56991
1.56991
1.56991
1.56991
1.56991
1.56991
1.56991
1.56991
1.56991
1.56991
1.56991
1.56991
1.56991
1.56991
1.56991
1.56991
1.56991
1.56991
1.56991
1.56991
1.56991
1.56991
1.56991
1.56991
1.56991
1.56991
1.56991
1.56991
1.56991
1.56991
1.56991
1.56991
1.56991
1.56991
1.56991
1.56991
1.56991
1.56991
1.56991
1.56991
1.56991
1.56991
1.56991
1.56991
1.56991
1.56991
1.56991
1.56991
1.56991
1.56991
1.56991
1.56991
1.56991
1.56991
1.56991
1.56991
1.56991
1.56991
1.56991
1.56991
1.56991
1.56991
1.56991
1.56991
1.56991
1.56991
1.56991
1.56991
1.56991
1.56991
1.56991
1.56991
1.56991
1.56991
1.56991
1.56991
1.56991
1.56991
1.56991
1.56991
1.56991
1.56991
1.56991
1.56991
1.5699
1.5699
1.5699
1.5699
1.5699
1.5699
1.5699
1.5699
1.5699
1.5699
1.5699
1.5699
1.5699
1.5699
1.5699
1.5699
1.5699
1.5699
1.5699
1.5699
1.5699
1.5699
1.5699
1.5699
1.5699
1.5699
1.5699
1.5699
1.5699
1.5699
1.5699
1.5699
1.5699
1.5699
1.5699
1.5699
1.5699
1.5699
1.5699
1.5699
1.5699
1.5699
1.5699
1.5699
1.5699
1.5699
1.5699
1.5699
1.5699
1.5699
1.5699
1.5699
1.5699
1.5699
1.5699
1.5699
1.5699
1.5699
1.5699
1.5699
1.5699
1.5699
1.5699
1.5699
1.5699
1.5699
1.5699
1.5699
1.5699
1.5699
1.5699
1.5699
1.5699
1.5699
1.5699
1.5699
1.5699
1.5699
1.5699
1.5699
1.5699
1.5699
1.5699
1.5699
1.5699
1.5699
1.5699
1.5699
1.5699
1.5699
1.5699
1.5699
1.5699
1.5699
1.5699
1.5699
1.5699
1.5699
1.5699
1.5699
1.5699
1.5699
1.5699
1.5699
1.5699
1.5699
1.5699
1.5699
1.5699
1.5699
1.5699
1.5699
1.5699
1.5699
1.5699
1.5699
1.5699
1.5699
1.5699
1.5699
1.5699
1.5699
1.5699
1.5699
1.5699
1.5699
1.5699
1.5699
1.5699
1.5699
1.5699
1.5699
1.5699
1.5699
1.5699
1.5699
1.5699
1.5699
1.5699
1.5699
1.5699
1.5699
1.5699
1.5699
1.5699
1.5699
1.5699
1.56989
1.56989
1.5699
1.5699
1.5699
1.5699
1.5699
1.5699
1.5699
1.5699
1.5699
1.5699
1.5699
1.5699
1.5699
1.5699
1.5699
1.5699
1.5699
1.5699
1.5699
1.5699
1.5699
1.5699
1.5699
1.5699
1.5699
1.5699
1.5699
1.5699
1.5699
1.5699
1.5699
1.5699
1.5699
1.5699
1.5699
1.5699
1.5699
1.5699
1.5699
1.5699
1.5699
1.5699
1.5699
1.5699
1.5699
1.5699
1.5699
1.5699
1.5699
1.5699
1.5699
1.5699
1.5699
1.5699
1.5699
1.5699
1.5699
1.5699
1.5699
1.5699
1.5699
1.5699
1.5699
1.5699
1.5699
1.5699
1.5699
1.5699
1.5699
1.5699
1.5699
1.5699
1.5699
1.5699
1.5699
1.5699
1.5699
1.5699
1.5699
1.5699
1.5699
1.5699
1.5699
1.5699
1.5699
1.5699
1.5699
1.5699
1.5699
1.5699
1.5699
1.5699
1.5699
1.5699
1.5699
1.5699
1.5699
1.5699
1.5699
1.5699
1.5699
1.5699
1.5699
1.5699
1.5699
1.5699
1.5699
1.5699
1.5699
1.5699
1.5699
1.5699
1.5699
1.5699
1.5699
1.5699
1.5699
1.5699
1.5699
1.5699
1.5699
1.5699
1.5699
1.5699
1.5699
1.5699
1.5699
1.5699
1.5699
1.5699
1.5699
1.5699
1.5699
1.5699
1.5699
1.5699
1.5699
1.5699
1.5699
1.5699
1.5699
1.5699
1.5699
1.5699
1.5699
1.5699
1.5699
1.5699
1.5699
1.5699
1.5699
1.5699
1.5699
1.5699
1.5699
1.5699
1.5699
1.5699
1.5699
1.5699
1.5699
1.5699
1.5699
1.5699
1.5699
1.5699
1.5699
1.5699
1.5699
1.5699
1.5699
1.5699
1.5699
1.5699
1.5699
1.5699
1.5699
1.5699
1.5699
1.5699
1.5699
1.5699
1.5699
1.5699
1.5699
1.5699
1.5699
1.5699
1.5699
1.5699
1.5699
1.5699
1.5699
1.5699
1.5699
1.5699
1.5699
1.5699
1.5699
1.5699
1.5699
1.5699
1.5699
1.5699
1.5699
1.5699
1.5699
1.5699
1.5699
1.5699
1.5699
1.5699
1.5699
1.5699
1.5699
1.5699
1.5699
1.5699
1.5699
1.5699
1.5699
1.5699
1.5699
1.5699
1.5699
1.5699
1.5699
1.5699
1.5699
1.5699
1.5699
1.5699
1.5699
1.5699
1.5699
1.5699
1.5699
1.5699
1.5699
1.5699
1.5699
1.5699
1.5699
1.5699
1.5699
1.5699
1.5699
1.5699
1.5699
1.5699
1.5699
1.5699
1.5699
1.5699
1.5699
1.5699
1.5699
1.5699
1.5699
1.5699
1.5699
1.5699
1.5699
1.5699
1.5699
1.56991
1.56991
1.56991
1.56991
1.56991
1.56991
1.56991
1.56991
1.56991
1.56991
1.56991
1.56991
1.56991
1.56991
1.56991
1.56991
1.56991
1.56991
1.56991
1.56991
1.5699
1.5699
1.5699
1.5699
1.5699
1.5699
1.5699
1.5699
1.5699
1.5699
1.5699
1.5699
1.5699
1.5699
1.5699
1.5699
1.5699
1.5699
1.5699
1.5699
1.5699
1.5699
1.5699
1.5699
1.5699
1.5699
1.5699
1.5699
1.5699
1.5699
1.5699
1.5699
1.5699
1.5699
1.5699
1.5699
1.5699
1.5699
1.5699
1.5699
1.5699
1.5699
1.5699
1.5699
1.5699
1.5699
1.5699
1.5699
1.5699
1.5699
1.5699
1.5699
1.5699
1.5699
1.5699
1.5699
1.5699
1.5699
1.5699
1.5699
1.5699
1.5699
1.5699
1.5699
1.5699
1.5699
1.5699
1.5699
1.5699
1.5699
1.5699
1.5699
1.5699
1.56989
1.56989
1.56989
1.56989
1.56989
1.56989
1.56989
1.56989
1.56989
1.56989
1.56989
1.56989
1.56989
1.56989
1.56989
1.56989
1.56989
1.56989
1.56989
1.56989
1.56989
1.56989
1.56989
1.56989
1.56989
1.56989
1.56989
1.56989
1.56989
1.56989
1.56989
1.56989
1.56989
1.56989
1.56989
1.56989
1.56989
1.56989
1.56989
1.56989
1.56989
1.56989
1.56989
1.56989
1.56989
1.56989
1.56989
1.56989
1.56989
1.56989
1.56989
1.56989
1.56989
1.56989
1.56989
1.5699
1.5699
1.5699
1.5699
1.5699
1.5699
1.5699
1.5699
1.5699
1.5699
1.5699
1.5699
1.5699
1.5699
1.5699
1.5699
1.5699
1.5699
1.5699
1.5699
1.5699
1.5699
1.5699
1.5699
1.5699
1.5699
1.5699
1.5699
1.5699
1.5699
1.5699
1.5699
1.5699
1.5699
1.5699
1.5699
1.5699
1.5699
1.5699
1.5699
1.5699
1.5699
1.5699
1.5699
1.5699
1.5699
1.5699
1.5699
1.5699
1.5699
1.5699
1.5699
1.5699
1.5699
1.5699
1.5699
1.5699
1.5699
1.5699
1.5699
1.5699
1.5699
1.5699
1.5699
1.5699
1.5699
1.5699
1.5699
1.5699
1.5699
1.5699
1.5699
1.5699
1.5699
1.5699
1.5699
1.5699
1.5699
1.5699
1.5699
1.5699
1.5699
1.5699
1.5699
1.5699
1.5699
1.5699
1.5699
1.5699
1.5699
1.5699
1.5699
1.5699
1.5699
1.5699
1.5699
1.5699
1.5699
1.5699
1.5699
1.5699
1.5699
1.5699
1.5699
1.5699
1.5699
1.5699
1.5699
1.5699
1.5699
1.5699
1.5699
1.5699
1.5699
1.5699
1.5699
1.5699
1.5699
1.5699
1.5699
1.5699
1.5699
1.5699
1.5699
1.5699
1.5699
1.5699
1.5699
1.5699
1.56991
1.56991
1.56991
1.56991
1.56991
1.56991
1.56991
1.56991
1.56991
1.56991
1.56991
1.56991
1.56991
1.56991
1.56991
1.56991
1.56991
1.56991
1.56991
1.56991
1.56991
1.56991
1.56991
1.56991
1.56991
1.56991
1.56991
1.56991
1.56991
1.56991
1.56991
1.56991
1.5699
1.5699
1.5699
1.5699
1.5699
1.5699
1.5699
1.5699
1.5699
1.5699
1.5699
1.5699
1.5699
1.5699
1.5699
1.5699
1.5699
1.5699
1.5699
1.5699
1.5699
1.5699
1.5699
1.5699
1.5699
1.5699
1.5699
1.5699
1.5699
1.5699
1.5699
1.5699
1.5699
1.5699
1.5699
1.5699
1.5699
1.5699
1.5699
1.5699
1.5699
1.5699
1.5699
1.5699
1.5699
1.5699
1.5699
1.5699
1.5699
1.5699
1.5699
1.5699
1.5699
1.56989
1.56989
1.56989
1.56989
1.56989
1.56989
1.56989
1.56989
1.56989
1.56989
1.56989
1.56989
1.56989
1.56989
1.56989
1.56989
1.56989
1.56989
1.56989
1.56989
1.56989
1.56989
1.56989
1.56989
1.56989
1.56989
1.56989
1.56989
1.56989
1.56989
1.56989
1.56989
1.56989
1.56989
1.56989
1.56989
1.56989
1.56989
1.56989
1.56989
1.56989
1.56989
1.56989
1.56989
1.56989
1.56989
1.56989
1.56989
1.56989
1.5699
1.5699
1.5699
1.5699
1.5699
