-9.61754e-05
-9.62535e-05
-9.63026e-05
-9.64235e-05
-9.65199e-05
-9.65665e-05
-9.67474e-05
-9.68832e-05
-9.69366e-05
-9.72064e-05
-9.73973e-05
-9.76091e-05
-9.76709e-05
-9.79061e-05
-9.83838e-05
-9.86935e-05
-9.90319e-05
-9.90319e-05
-9.98013e-05
-9.98626e-05
-0.000100293
-0.000101205
-0.000101743
-0.000102315
-0.000102921
-0.00010356
-0.000104236
-0.000104948
-0.000105697
-0.000106484
-0.000106389
-0.000108181
-0.000109095
-0.000110054
-0.000109852
-0.000112116
-0.000113226
-0.000114391
-0.000114071
-0.000116906
-0.000118258
-0.000119676
-0.000121162
-0.000120672
-0.000124349
-0.000126053
-0.000127836
-0.000127836
-0.000132347
-0.000133705
-0.000135841
-0.000138069
-0.000140387
-0.000142797
-0.000145304
-0.000144254
-0.000150603
-0.00014942
-0.000152144
-0.000159289
-0.000162387
-0.000165592
-0.000168904
-0.000167257
-0.000175852
-0.000174012
-0.000183217
-0.000187057
-0.000191006
-0.000195066
-0.000199234
-0.000196712
-0.0002079
-0.0002124
-0.0002124
-0.000221739
-0.000226582
-0.000231546
-0.00023663
-0.000241831
-0.000247148
-0.000243156
-0.00025815
-0.000263828
-0.000269622
-0.000275545
-0.000270503
-0.000287304
-0.000293039
-0.000286696
-0.000304104
-0.000296773
-0.000314545
-0.000319531
-0.000319531
-0.000314977
-0.000333623
-0.000338078
-0.000353311
-0.000330759
-0.000349807
-0.000352557
-0.000354558
-0.000371837
-0.000338597
-0.000356004
-0.000336397
-0.000353227
-0.000372714
-0.000347638
-0.000343867
-0.000318599
-0.000334549
-0.000329134
-0.000323294
-0.000317098
-0.000310569
-0.000303733
-0.000296624
-0.000289313
-0.000314785
-0.000274163
-0.000266368
-0.000231339
-0.000250472
-0.000242426
-0.000205506
-0.00022626
-0.00021824
-0.000210299
-0.000171213
-0.000194743
-0.000187194
-0.000179853
-0.000172759
-0.000165943
-0.000124396
-0.000153177
-0.000147172
-0.000141455
-0.00017917
-0.00013081
-8.68117e-05
-0.000121286
-0.000116881
-0.000112704
-0.000108762
-6.23584e-05
-0.000101652
-9.85143e-05
-9.5589e-05
-9.29465e-05
-4.40728e-05
-9.05612e-05
-8.65043e-05
-8.48133e-05
-8.34076e-05
-3.17859e-05
-8.1404e-05
-2.86847e-05
-8.04936e-05
-8.05002e-05
-0.000135148
-8.13037e-05
-2.56869e-05
-2.57446e-05
-2.59452e-05
-8.52979e-05
-8.67076e-05
-8.82606e-05
-8.99272e-05
-2.90117e-05
-9.35733e-05
-9.55632e-05
-3.21326e-05
-9.97913e-05
-3.46418e-05
-0.000104326
-0.000106635
-3.87014e-05
-4.02417e-05
-0.00011417
-4.34499e-05
-0.000119508
-0.000122244
-0.000124963
-5.02533e-05
-0.000206249
-0.00013342
-5.55693e-05
-0.000139055
-5.89445e-05
-0.000144433
-6.20321e-05
-0.000149558
-0.000152084
-0.000154555
-0.000157041
-6.88417e-05
-0.000161823
-0.000164151
-7.23253e-05
-0.000168745
-0.000171005
-7.5517e-05
-0.000175353
-0.000177469
-7.82033e-05
-0.00028199
-0.000181381
-0.000184913
-0.000186733
-0.000188521
-0.000190232
-0.000191972
-8.23646e-05
-0.000195275
-0.000196895
-8.32588e-05
-0.000200068
-0.000201627
-0.000203077
-8.40288e-05
-0.000205922
-0.000207181
-0.000208297
-8.34614e-05
-0.000210439
-8.26388e-05
-0.000212134
-0.000212905
-8.06623e-05
-0.000214186
-0.00021465
-0.00021498
-0.00021534
-7.55294e-05
-0.000215885
-0.000358944
-0.000216213
-0.000216407
-0.000216553
-6.74305e-05
-0.000216357
-6.41682e-05
-0.0002162
-0.000216203
-5.97138e-05
-0.00021681
-0.000217355
-0.000217955
-0.000218744
-0.000219595
-0.000220451
-0.000221262
-0.000221997
-5.1922e-05
-0.000223718
-0.000224547
-0.000225517
-4.92614e-05
-4.87224e-05
-4.82812e-05
-0.000230314
-0.0002317
-0.000233336
-0.000235281
-0.000237339
-0.000239186
-0.00024106
-4.87041e-05
-0.00024516
-0.000247373
-0.000249605
-5.06125e-05
-0.000254662
-5.26805e-05
-0.000260648
-0.000263622
-0.000266493
-0.000269437
-0.000272296
-0.000275002
-0.00027775
-0.00028039
-6.15746e-05
-6.22095e-05
-6.27209e-05
-0.000287701
-0.000292491
-6.40645e-05
-0.00029691
-0.000299065
-0.000301325
-6.53006e-05
-0.000305831
-0.00030809
-0.000310193
-0.000312081
-0.000313722
-0.000313722
-6.43196e-05
-0.000316917
-0.000317398
-0.000317586
-0.000577348
-5.53667e-05
-0.000580908
-0.000315661
-4.64383e-05
-0.000312449
-3.84563e-05
-0.000307999
-0.000305451
-2.50342e-05
-0.000300795
-0.000298852
-1.24567e-05
-0.000294827
-0.000293004
-6.42069e-07
-0.000289751
-0.000288822
8.72507e-06
-0.000287753
-0.000287744
1.53937e-05
-0.000593428
-0.000289412
-0.000290314
-0.000291542
-0.000292529
-0.000293324
-0.000293935
-0.000294386
2.82702e-05
-0.000295214
-0.000295822
3.28202e-05
-0.000298317
-0.000632403
-0.000301964
-0.000304237
-0.000307084
-0.000309791
-0.000311974
-0.000313758
-0.000315194
-0.000316707
-0.000318176
-0.000319539
-0.000320751
-0.000321806
-0.000322701
-0.00032343
-0.000323988
4.64335e-05
-0.000324639
-0.000324774
-0.000325196
-0.000326161
-0.000327385
5.62963e-05
-0.000330006
-0.000331254
-0.000332392
6.1159e-05
6.22349e-05
6.32215e-05
-0.000337586
-0.0003394
-0.00034185
-0.000345074
-0.00034865
6.16782e-05
-0.0003564
5.83321e-05
-0.000365162
-0.000370319
5.06511e-05
-0.000381513
-0.000387507
4.03734e-05
-0.000399613
-0.000405731
-0.000411639
2.61117e-05
-0.000424149
1.83632e-05
-0.000436611
-0.000442347
8.85072e-06
-0.000452444
-0.000456701
-0.000459861
4.05904e-06
-0.000465032
-0.000466946
6.0409e-06
-0.000469367
-0.000948976
-0.000469899
1.47707e-05
1.67898e-05
-0.000470721
2.21736e-05
-0.000469826
-0.000967688
3.14905e-05
-0.000468973
-0.000469597
3.84605e-05
-0.000980981
-0.000469706
-0.000986054
-0.00098871
-0.000469653
-0.000469416
-0.000996426
-0.000469267
-0.000468555
-0.00100361
-0.00100463
-0.000460749
-0.000457326
9.27927e-05
-0.000448198
-0.000442989
-0.000437577
-0.000432674
-0.000428708
-0.000425318
-0.000422399
-0.000420434
-0.000419048
0.000155051
-0.000417244
-0.000416601
0.00016466
-0.00041712
-0.00041712
-0.00041919
0.000171388
-0.000422989
-0.000425063
-0.000427115
-0.000429735
-0.001036
-0.000436105
-0.000440653
0.00016897
-0.000450924
-0.000456896
-0.000463182
-0.000470168
-0.000476673
-0.00048341
-0.00111771
-0.000498293
-0.00113824
-0.000512916
0.000126567
-0.000524263
-0.000524263
-0.000532491
-0.000536367
-0.000539332
-0.000541519
-0.000543806
-0.000545929
0.000123437
-0.000549299
-0.000551207
-0.000553932
0.000124909
-0.00055773
-0.000567019
-0.000571606
-0.000576423
-0.000581186
-0.00058564
-0.000589689
-0.000589689
-0.000596397
0.000111625
-0.000603094
0.000111054
-0.000608818
-0.000611077
-0.00133696
0.000113807
-0.00134666
-0.000621084
-0.000623449
0.000114463
-0.000627546
0.000117826
-0.000629386
-0.00063025
-0.00063091
-0.000631226
-0.000631965
-0.000632736
0.000133289
-0.0006337
-0.000634585
-0.000635601
0.000141835
-0.000637153
-0.00142135
0.000149724
-0.000637399
-0.00143078
-0.000638581
-0.000638685
-0.000638527
-0.000637133
-0.00063486
-0.000631926
0.000185958
-0.000622234
-0.000616204
-0.000616204
-0.000602818
0.000231643
-0.000590764
-0.000585176
0.000257312
-0.000574498
-0.000569342
-0.000564299
0.0002886
-0.000557787
-0.000556204
-0.000555202
-0.000555515
-0.000556557
-0.000558071
0.000308693
-0.00056422
-0.000567968
-0.000571921
-0.00057588
0.000304511
0.00030376
-0.000587878
0.000300459
-0.000598451
-0.000604744
0.000290773
-0.000618476
-0.000626041
0.000276306
0.000269508
0.000262243
-0.000665656
-0.000678241
0.000233206
-0.00070791
-0.000723004
0.000195951
-0.000754476
-0.000770481
-0.000786895
-0.000804053
-0.000822137
-0.000841209
-0.000860229
-0.000878703
-0.00089721
-0.000914984
-0.000931595
-0.000946807
-0.000960524
-0.000972633
-4.67826e-06
-0.0009918
-0.000998885
-0.0010054
-0.001012
-2.50649e-05
-0.0010243
-0.00103116
-3.59664e-05
-0.00104357
-0.00104837
-0.001052
-0.00105436
-0.00105528
-0.00105476
-0.0010539
-0.00105228
-2.18001e-05
-0.00104732
-9.56572e-06
-0.00103907
-0.00103431
-0.0010289
-0.0010239
-0.00101878
-0.00101198
-0.00100388
-0.00099584
-0.000987499
-0.000978681
-0.000969369
-0.000959541
0.000122074
-0.000938301
-0.000926985
-0.000915229
-0.000903097
-0.000891816
-0.000880923
-0.000871407
-0.000862672
-0.00085546
-0.000849101
-0.000843192
-0.000838678
0.00027223
-0.000834541
-0.000834625
0.000280109
-0.00083986
-0.000843512
-0.000847277
-0.00085094
-0.00085428
-0.00085712
0.000277084
-0.000862427
0.000276674
-0.000869524
-0.00087397
-0.000878399
-0.000882559
-0.000886295
0.000269441
-0.000893116
-0.000896777
-0.00090018
-0.000904402
0.000262589
-0.000916534
-0.000923078
-0.000929373
-0.000935211
-0.000940372
-0.000944748
-0.000948333
-0.000951064
-0.000952908
0.000245024
-0.000957154
-0.000958746
-0.000961078
0.000246203
-0.000970353
-0.000976619
-0.000984178
-0.000993392
-0.00100315
-0.00101282
-0.00102201
-0.00103049
-0.00103799
0.000192107
0.000186072
-0.00106311
-0.00107128
-0.00107999
0.0001626
-0.00109644
-0.00110349
0.000148189
-0.00111904
-0.00112723
-0.00113487
-0.00114294
-0.0011506
0.000117256
-0.00116447
-0.00117104
-0.00117675
0.000102291
-0.00118963
-0.00119778
-0.0012061
8.13178e-05
-0.00122091
7.24052e-05
-0.00123448
-0.00253997
-0.00124564
-0.00125219
-0.00125857
5.27691e-05
-0.0012652
-0.00126579
5.83219e-05
-0.0012636
-0.00259169
-0.00125742
-0.00125266
-0.00124719
-0.00124088
-0.00123366
0.000117428
-0.00121636
-0.00120637
-0.00119698
0.000163596
-0.0011817
-0.00117432
-0.00116673
-0.00116019
0.0002108
-0.0011491
-0.00114481
-0.00114063
-0.00113767
-0.00113512
-0.00113396
-0.00113333
-0.00113408
-0.00252018
-0.00252372
-0.00113698
-0.00113709
0.000258896
-0.00113521
-0.00113306
-0.00113005
-0.00112764
-0.00112675
-0.00112636
-0.00112748
-0.00112917
0.000285111
-0.00113387
-0.00113709
-0.00114
-0.00114
0.00027969
-0.00115101
-0.00115535
0.0002741
-0.00116536
-0.00117262
0.000260126
-0.00118945
-0.00119877
0.000239246
-0.0012176
-0.00122725
-0.00123614
0.000210144
-0.00125442
0.000197392
0.000191001
0.00018352
-0.00129177
-0.00130481
-0.00131828
0.000139644
-0.00134732
-0.00136104
-0.00137358
-0.00138617
8.33128e-05
-0.0014139
-0.00142977
-0.00144559
3.02993e-05
-0.0014758
-0.00149016
-0.00298705
-0.00151591
-0.0015276
-3.47573e-05
-0.00154566
-0.00155166
-4.83941e-05
-5.21825e-05
-0.00156782
-0.00157306
-0.00157759
-0.00157759
-6.80147e-05
-7.15671e-05
-0.00159801
-7.50725e-05
-7.44189e-05
-0.00160313
-0.00160144
-6.40083e-05
-0.00159089
-0.00158238
-0.00157353
-0.00156374
-1.04449e-05
-0.00154229
1.45517e-05
-0.00151977
-0.00150725
5.75248e-05
-0.00148086
-0.00146797
-0.00145472
0.000115706
-0.0014322
-0.0014226
-0.00141472
-0.00140754
-0.00140042
-0.00139458
0.000180996
-0.00138336
-0.00137877
-0.0013744
0.000205277
-0.00137039
-0.00137013
0.000211529
-0.00137112
-0.0013725
0.000211068
-0.00137992
-0.00138517
-0.00297616
-0.00298278
0.000191734
0.000187868
-0.00141037
0.000189518
-0.00140492
-0.0013984
0.000213138
-0.00138165
-0.00137461
0.00023968
-0.00136258
-0.00135951
-0.00135903
-0.0013614
-0.0013667
0.000242862
-0.00137999
-0.00138802
-0.0013962
-0.00140379
-0.00141209
-0.00142184
0.000193998
-0.0014409
-0.00306922
0.000173802
-0.00146276
-0.00147069
-0.00147069
-0.00148713
-0.00149556
-0.00150321
-0.00150965
-0.00151636
-0.00152245
-0.00152907
0.000106516
-0.00154478
-0.00319063
-0.00156355
7.28246e-05
-0.00158733
-0.00159853
-0.00160844
3.60951e-05
-0.00162308
-0.00162915
-0.0032853
-0.00163746
-0.00163904
-0.00163874
-0.00163648
-0.00163225
-0.00162785
4.10657e-05
-0.00161605
-0.00160819
-0.00160056
-0.00159423
-0.00158801
8.83646e-05
9.51228e-05
-0.00324709
-0.0015697
-0.00324318
-0.00324484
-0.00157627
-0.00157925
-0.00157925
-0.00157734
-0.00157176
-0.00325156
-0.0015536
-0.00154158
-0.00152799
-0.00321118
-0.00151112
-0.00149194
-0.00145475
-0.00143718
-0.00141961
-0.00140186
-0.00138553
-0.00137164
-0.00135898
-0.00134692
0.00035483
-0.00132786
-0.001321
-0.00301482
-0.0013099
-0.00130464
-0.00129924
-0.00129167
-0.00298881
-0.00298034
-0.00126106
0.000448181
-0.00124103
-0.00122951
-0.00121861
-0.00291997
-0.00119748
-0.00118693
0.000526681
-0.00116382
-0.00115003
-0.00113547
-0.00112042
-0.00110697
-0.00109454
0.000623686
-0.00107175
-0.0010611
-0.00105263
-0.00104556
-0.00103944
-0.00103398
-0.00103077
0.000680953
-0.00102812
-0.00102963
-0.00103246
-0.00103604
-0.00104178
-0.00104865
-0.00105775
-0.00106796
-0.00107856
-0.00109083
-0.00110373
-0.00111669
-0.00112932
-0.00114137
-0.00115267
-0.00116309
-0.00117255
-0.00118102
-0.0011902
-0.00119934
0.000505962
-0.00122239
-0.00123575
0.000465464
-0.0012663
-0.00128157
-0.00129786
-0.00131588
-0.00133424
-0.00135383
0.000341691
-0.00139698
-0.00141805
0.000277469
-0.00146073
-0.00148058
0.000218384
-0.00151689
-0.00153568
0.000163268
-0.00157257
-0.00159056
0.000109809
-0.00162383
-0.00163937
6.35403e-05
-0.00166696
3.54013e-05
-0.0016966
-0.00171341
-1.37616e-05
-3.10418e-05
-0.00176526
-0.00178273
-0.00180043
-0.00181704
-0.00011836
-0.00354861
-0.00186208
-0.00187475
-0.00187475
-0.00189298
-0.0018967
-0.000183633
-0.00189464
-0.00188909
-0.000167867
-0.00187116
-0.00186028
-0.0018477
-0.00183514
-0.000110807
-0.00180917
-0.00179612
-7.22865e-05
-0.00176904
-0.00175744
-0.00174614
-0.00173444
-1.40465e-05
-0.00170845
-0.00169381
2.67949e-05
-0.00166726
-0.00165695
5.76717e-05
-0.00335202
-0.00163215
-0.00162449
8.50815e-05
-0.00160976
-0.00159837
-0.00158458
-0.00156882
-0.00155144
-0.00153223
-0.00151158
-0.00148978
-0.00146712
-0.00144543
-0.00142415
-0.00140296
-0.00138352
-0.00136501
-0.00134696
-0.00132913
-0.0013131
-0.00129981
-0.00128805
-0.00127881
-0.00127271
-0.00126827
-0.00126467
0.000425809
-0.00125981
-0.00126063
-0.00126252
-0.00126475
-0.0012685
-0.00127277
-0.00127862
-0.00128498
-0.0012929
-0.00130304
-0.00131397
-0.0013265
0.000336778
-0.00135205
-0.00136541
-0.00138028
-0.00139703
-0.0014141
0.000240029
-0.00144597
0.000207182
-0.00147622
-0.0014896
-0.00150313
-0.00151589
-0.00152735
0.000125382
-0.00154704
-0.00155774
9.12984e-05
-0.00157908
6.77392e-05
5.73985e-05
-0.00160818
-0.0016168
-0.00162568
-0.00163382
-0.00164061
-0.00164568
-0.00165049
-0.00165421
-0.00165645
-1.22868e-05
-1.21196e-05
-0.0016506
-0.0016444
3.10125e-06
1.11899e-05
-0.00161814
-0.00161001
-0.00160359
-0.00159755
4.09544e-05
-0.00158592
-0.00158044
-0.00157432
-0.00156893
-0.00156335
-0.00155704
-0.0015514
-0.00154724
7.86061e-05
-0.00153627
-0.00153038
9.08643e-05
-0.00152168
9.47818e-05
-0.00151502
-0.00151247
0.000100794
-0.00150405
-0.00150117
0.000106108
-0.00149697
-0.00149725
-0.00149805
-0.00149862
-0.00149846
9.83417e-05
-0.00149646
-0.00149521
9.79407e-05
-0.00148978
-0.00148527
-0.00147946
-0.00147232
0.000119283
-0.00145562
-0.00144856
0.000136638
-0.00301833
-0.00143057
-0.0014249
-0.00141861
0.000160241
-0.00140088
0.000175326
-0.00137961
-0.00136769
-0.00135366
-0.00133797
-0.00132097
0.000253601
-0.00128399
-0.00126453
-0.00124622
-0.00122853
-0.00121281
-0.00119821
-0.0011843
-0.00117075
-0.00271131
0.000394702
-0.00113076
-0.00111746
-0.0011026
-0.00108839
-0.00107609
-0.00106488
-0.00105433
-0.00257831
-0.00103451
-0.00102647
-0.00102093
-0.00101693
-0.0010153
0.000497539
0.000495203
-0.00101615
-0.00101692
-0.00252171
0.000481136
-0.00102454
-0.00102727
-0.00102975
-0.00103341
-0.00103746
-0.00104149
-0.00104685
-0.00105271
-0.00105858
-0.00106419
0.000409862
-0.00107789
-0.00108478
0.000383273
-0.00109877
0.000362512
-0.00111758
-0.00112722
0.000326207
-0.00259993
-0.00116288
-0.00117679
-0.00119095
0.000248775
-0.00121766
-0.00122943
-0.00123988
-0.0012503
0.000181198
-0.00127241
-0.00128252
-0.00129147
-0.00130044
-0.00130861
0.000113849
0.000104425
9.55969e-05
8.77781e-05
-0.00134077
-0.00134589
-0.00134994
-0.00135413
-0.00276565
-0.00276695
-0.00136514
3.70078e-05
-0.00136896
3.26567e-05
-0.00136354
-0.0013577
-0.00135152
-0.00134601
-0.00134174
4.84273e-05
-0.00133474
4.93891e-05
-0.00132894
-0.00132515
5.38597e-05
-0.00131616
-0.00131163
-0.00131163
-0.00130049
-0.0012921
-0.00128319
-0.00127349
9.22199e-05
-0.00125279
-0.00124261
-0.00123057
-0.00121847
-0.00120601
-0.00119441
-0.0011831
-0.00117302
-0.00116343
0.000175344
-0.00114763
0.000185467
-0.00113251
-0.00112589
-0.00111954
-0.00111447
-0.00111129
0.000201531
-0.00110702
-0.00110619
0.000197247
-0.00110628
-0.00110846
-0.00111116
-0.00111381
-0.00111607
-0.00111765
-0.00111838
-0.00111821
-0.00111708
-0.00111492
-0.00111175
-0.00110761
-0.00110382
-0.00109991
-0.00109559
-0.00109069
-0.00108644
-0.00108222
-0.00107773
-0.00107408
0.000177837
-0.00106703
0.000180115
-0.00105857
0.00018319
-0.00105077
-0.00104661
-0.00104204
-0.00103697
-0.00103132
-0.00102508
0.000200866
-0.00101077
0.000210996
-0.000995272
-0.000987956
0.000226296
-0.000970902
-0.000962488
-0.000953935
0.000248341
-0.000946356
-0.000932243
-0.00092525
-0.00091927
-0.000913757
-0.000909624
0.000270554
-0.000900975
-0.000897336
-0.000894834
-0.000894009
-0.00089392
0.000264728
-0.000894369
0.000258987
-0.000893915
-0.000894197
-0.000894624
-0.000895992
0.000240549
-0.000902159
-0.000905559
-0.000908701
-0.000911444
-0.000913625
-0.000916278
0.000200801
0.000195729
-0.000922824
0.000187276
-0.000924251
-0.000923856
-0.000922698
-0.000921848
-0.000921949
0.000171827
-0.000922534
-0.000922452
0.000163638
-0.000921938
-0.000923026
-0.000924439
0.000147347
-0.000929312
-0.000931656
0.000130897
-0.000937582
-0.000940199
0.00011464
-0.000944602
-0.000946761
-0.000948405
9.49357e-05
-0.000952172
-0.00095343
-0.00095343
-0.000954762
-0.000955228
-0.000955123
-0.000954326
-0.000953727
-0.000952848
-0.000952436
6.1492e-05
-0.000951031
-0.000950515
-0.000950848
-0.000952287
-0.000954986
3.78993e-05
-0.00096182
-0.000965696
1.79535e-05
-0.000972078
-0.00097406
-0.00195245
-5.5393e-07
-0.000977418
-0.000978589
-1.25057e-05
-0.000979918
-0.000981254
-2.46265e-05
-0.000983233
-0.00098325
-3.33347e-05
-0.000980573
-0.000977763
-3.37199e-05
-3.27338e-05
-0.000966484
-3.22848e-05
-0.000963691
-0.000961214
-0.000961773
-0.000962692
-0.000963447
-4.99581e-05
-0.000963194
-5.3968e-05
-0.000959484
-0.000957073
-5.51777e-05
-0.000951485
-0.000948526
-0.000945068
-0.000940944
-0.000936946
-5.13442e-05
-0.0009287
-0.000924609
-0.000920102
-0.000915881
-4.48666e-05
-0.000907313
-0.00090307
-0.000898451
-0.000894147
-0.000889709
-0.00088487
-0.000879496
-0.000873505
-0.000866867
-0.000860396
-2.03756e-05
-0.000849554
-0.000844829
-0.000840006
-0.000835632
-0.000831178
-0.000827186
-0.000823193
-0.000818967
-0.000815113
-6.4672e-06
-0.000807004
-0.000803167
-0.00079927
-0.00079583
-0.000792326
-0.000788551
-1.77669e-07
1.54404e-06
-0.000774554
-0.000769601
-0.000764531
-0.0015341
-0.000755359
1.31088e-05
-0.000745587
-0.000740203
-0.000734415
-0.0007282
2.68458e-05
-0.00071638
-0.000710304
-0.000704722
-0.000700018
3.81977e-05
-0.000693251
3.85512e-05
-0.000687158
-0.000684519
-0.000682659
3.54471e-05
-0.000681223
-0.000680745
-0.000680115
-0.000679864
-0.000679596
-0.00137948
-0.000678152
-0.000676769
-0.000675523
-0.000673426
1.49185e-05
-0.000667752
-0.000664678
-0.00066127
1.66059e-05
-0.000653223
-0.000648567
-0.000644136
-0.000640311
2.2468e-05
-0.000634725
-0.000632191
-0.000628919
-0.00062568
-0.000622902
-0.000620221
2.25166e-05
-0.000613789
-0.000610097
-0.000606823
-0.000604245
-0.000604245
-0.00060119
-0.000600477
-0.000600575
-0.00060099
-0.000601449
6.74583e-06
-0.00060381
-0.000605418
-0.000606871
-0.000608572
-0.000610152
-1.90394e-05
-0.000612833
-2.72163e-05
-0.000614949
-0.000615923
-3.81086e-05
-0.00061707
-0.000616978
-4.60136e-05
-0.000615179
-4.85569e-05
-0.00117557
-0.000609588
-0.000607178
-5.03681e-05
-0.000600506
-0.000595885
-0.000590576
-0.000585215
-0.000579672
-0.000573892
-0.000567863
-0.000561576
-0.000555555
-0.000549583
-0.000543975
-0.000538514
-1.35653e-05
-0.000526294
-6.52305e-06
-0.000514673
-0.000509372
-0.000504162
-0.000499441
-0.000494937
-0.000490503
9.24518e-06
-0.000481409
-0.000476705
-0.00047188
-0.00046746
1.8979e-05
-0.000459531
-0.000456095
2.16773e-05
-0.00044988
-0.000447192
2.17274e-05
-0.000443477
1.88754e-05
-0.000442357
-0.000442135
-0.000441907
-0.000441997
-0.000442154
-0.000442233
1.68977e-06
-0.000442278
-0.000442407
-0.000442413
-0.000442237
-0.00044183
-0.000441153
-0.000440182
-1.50424e-05
-0.00043733
-0.000435456
-0.000433296
-0.000430855
-0.000428099
-0.000425064
-0.000831741
-0.000418156
-0.000414352
-1.13286e-05
-0.000406754
-0.000402522
-0.000398087
-3.71934e-06
-0.000388778
1.02129e-06
-0.00037947
-0.000375485
6.07795e-06
-0.000368624
-0.000365743
-0.000363048
7.6741e-06
-0.000359119
-0.000358096
-0.000357422
-0.000356931
1.87183e-08
-0.000356899
-0.000356987
-0.000357013
-0.000357243
-0.000357455
-0.000357575
-0.000357864
-0.000358145
-0.000694484
-0.000358377
-0.000358231
-0.000357574
-0.00035622
-0.000354362
-2.91609e-05
-0.000349858
-0.00034752
-0.000345366
-0.000343555
-2.99022e-05
-3.07268e-05
-0.000648195
-0.000338119
-3.38139e-05
-0.000336533
-0.000336048
-0.000335295
-0.000334584
-4.08365e-05
-0.00033242
-0.000331233
-4.38486e-05
-0.000329496
-0.000329132
-0.000328901
-0.000328684
-0.00032839
-5.40208e-05
-0.00032737
-0.000326594
-0.00032562
-0.00032469
-0.000323698
-0.00032283
-0.000322188
-0.000321594
-0.000321179
-0.000320792
-0.000320337
-0.000319765
-0.000319033
-0.000318117
-0.00031723
-0.00031623
-7.49389e-05
-0.000313723
-7.58506e-05
-0.000310355
-0.000310355
-0.000306888
-0.000305444
-0.00030406
-0.000302647
-0.000301348
-0.000300044
-0.000298865
-8.0107e-05
-0.000296461
-0.000295321
-0.000294176
-0.000293152
-0.00029232
-0.00029232
-0.000290387
-0.000289385
-8.68898e-05
-0.000287065
-8.78219e-05
-0.000284206
-0.000282737
-0.000281407
-0.000280272
-0.000279198
-0.000279198
-0.000277136
-9.21781e-05
-0.00027556
-0.000274754
-0.000274027
-0.000273443
-0.000272873
-0.000272249
-9.89786e-05
-9.99163e-05
-0.000270103
-0.000269412
-0.000268829
-0.00026839
-0.000105039
-0.000267473
-0.000266877
-0.000266283
-0.000265757
-0.00026516
-0.000110869
-0.000263747
-0.000112433
-0.000262049
-0.000261108
-0.000260213
-0.000114863
-0.000258699
-0.000257989
-0.00025733
-0.000256636
-0.000118596
-0.000254865
-0.000253753
-0.000252478
-0.000119517
-0.000249439
-0.000247797
-0.000118744
-0.000244248
-0.000242312
-0.000240267
-0.000238113
-0.000235856
-0.000355025
-0.000231062
-0.000112027
-0.000225952
-0.000223302
-0.000108006
-0.000217856
-0.000215176
-0.000212524
-0.000102496
-0.000316207
-0.000100085
-0.000202742
-0.000200496
-9.70197e-05
-0.000196225
-0.000194223
-0.00019235
-0.000190559
-0.000188821
-0.00018712
-9.25021e-05
-0.000183786
-0.000182222
-0.000180717
-0.000179251
-0.000177813
-0.000176393
-0.000174984
-8.96824e-05
-0.000172198
-0.000170819
-0.00016952
-0.000168276
-0.000167068
-0.000165888
-0.000164727
-0.000163581
-0.00016251
-0.000235854
-0.00016155
-0.000159871
-0.000159149
-0.000158472
-0.000157828
-0.000157213
-0.000156675
-0.000156125
-0.000155567
-0.000155053
-9.18972e-05
-0.000154072
-0.000153585
-9.3174e-05
-0.000152592
-9.39584e-05
-0.000151572
-0.000151049
-0.000150512
-0.00015001
-0.000149522
-0.000149034
-9.64696e-05
-0.000148146
-9.72001e-05
-0.000147197
-0.000146728
-0.000146249
-0.000145757
-0.000145246
-9.89643e-05
-0.000144096
-9.93164e-05
-0.00014293
-9.97012e-05
-0.000141911
-0.000100249
-0.000141111
-0.000140772
-0.000140476
-0.000178875
-0.000140011
-0.000139797
-0.000139578
-0.000139353
-0.000139114
-0.000138858
-0.000104853
-0.00013829
-0.000137979
-0.000137653
-0.000137315
-0.000137315
-0.00013662
-0.000106863
-0.000135952
-0.000135619
-0.000107599
-0.000134941
-0.000134614
-0.000134293
-0.000133993
-0.000133723
-0.000109068
-0.000133237
-0.000133016
-0.000132784
-0.00013256
-0.000132336
-0.000132091
-0.000131844
-0.00011118
-0.000131337
-0.000131079
-0.000130814
-0.000130552
-0.000130301
-0.000130028
-0.000129751
-0.000129475
-0.000129207
-0.000128939
-0.000113046
-0.0001284
-0.000143235
-0.000127859
-0.00011352
-0.000127339
-0.000127082
-0.000126813
-0.000126536
-0.000113972
-0.000125963
-0.00012567
-0.000125369
-0.000125061
-0.000124754
-0.000124444
-0.000124137
-0.00012383
-0.000114097
-0.000123208
-0.000122898
-0.000122585
-0.000122272
-0.000121953
-0.000121627
-0.000121295
-0.000120958
-0.000113586
-0.000120257
-0.000119893
-0.000119519
-0.00011914
-0.000118755
-0.000118362
-0.000112507
-0.000117568
-0.000117166
-0.000116761
-0.000116359
-0.000111464
-0.000115544
-0.000110999
-0.000114726
-0.000114321
-0.000113922
-0.000110053
-0.000113156
-0.000109609
-0.00011243
-0.00011208
-0.000108978
-0.000111411
-0.000108586
-0.00011077
-0.000110454
-0.000107998
-0.000107802
-0.00010953
-0.000107404
-0.000108921
-0.000108618
-0.000108314
-0.000108012
-0.000107713
-0.000107416
-0.000107124
-0.000105719
-0.000106555
-0.000106283
-0.000106019
-0.000105763
-0.000104731
-0.00010527
-0.00010503
-0.000104793
-0.000104558
-0.000104324
-0.000104089
-0.000103853
-0.000103614
-0.000103014
-0.000103123
-0.00010287
-0.000102353
-0.000102347
-0.00010208
-0.000101811
-0.000101541
-0.000101272
-0.000101007
-0.000100745
-0.000100488
-0.000100238
-9.99944e-05
-9.97174e-05
-9.95033e-05
-9.93209e-05
-9.90967e-05
-9.89094e-05
-9.87117e-05
-9.85195e-05
-9.83386e-05
-9.83226e-05
-9.79679e-05
-9.78011e-05
-9.76042e-05
-9.74193e-05
-9.72313e-05
-9.704e-05
-9.68644e-05
-9.66684e-05
-9.64888e-05
-9.96831e-05
-9.94978e-05
-9.93107e-05
-9.91228e-05
-9.89314e-05
-9.87357e-05
-9.85367e-05
-9.83353e-05
-9.81308e-05
-9.81308e-05
-9.77118e-05
-9.74976e-05
-9.72804e-05
-9.70599e-05
-9.68369e-05
-9.66115e-05
-9.63838e-05
-9.61535e-05
-9.59195e-05
-9.56812e-05
-9.54394e-05
-9.51947e-05
-9.49513e-05
-9.47115e-05
-9.44767e-05
-9.42476e-05
-9.40254e-05
-9.38101e-05
-9.36019e-05
-9.34005e-05
-9.32077e-05
-9.30247e-05
-9.28521e-05
-9.26925e-05
-9.25475e-05
-9.24185e-05
-9.23058e-05
-9.22085e-05
-9.21267e-05
-9.20594e-05
-9.20055e-05
-9.19638e-05
-9.19333e-05
-9.19135e-05
-9.19054e-05
-9.19098e-05
-9.19098e-05
-9.1956e-05
-9.19982e-05
-9.20527e-05
-9.21193e-05
-9.21977e-05
-9.22875e-05
-9.23883e-05
-9.24974e-05
-9.26131e-05
-9.27337e-05
-9.28581e-05
-9.29858e-05
-9.31153e-05
-9.32452e-05
-9.33735e-05
-9.33735e-05
-9.36203e-05
-9.37371e-05
-9.38492e-05
-9.39566e-05
-9.40595e-05
-9.41582e-05
-9.42508e-05
-9.43358e-05
-9.44117e-05
-9.4478e-05
-9.45344e-05
-9.45814e-05
-9.46198e-05
-9.46502e-05
-9.46717e-05
-9.46822e-05
-9.46797e-05
-9.46628e-05
-9.46316e-05
-9.45881e-05
-9.45333e-05
-9.4468e-05
-9.43926e-05
-9.43084e-05
-9.42158e-05
-9.41148e-05
-9.4007e-05
-9.38938e-05
-9.37763e-05
-9.36556e-05
-9.35315e-05
-9.34066e-05
-9.3284e-05
-9.31643e-05
-9.30475e-05
-9.2932e-05
-9.2817e-05
-9.27019e-05
-9.25863e-05
-9.25863e-05
-9.23534e-05
-9.22382e-05
-9.21262e-05
-9.20187e-05
-9.19145e-05
-9.1813e-05
-9.17133e-05
-9.16157e-05
-9.15197e-05
-9.14251e-05
-9.1332e-05
-9.12412e-05
-9.11544e-05
-9.10733e-05
-9.09984e-05
-9.09296e-05
-9.08673e-05
-9.0812e-05
-9.07639e-05
-9.07243e-05
-9.06938e-05
-9.06735e-05
-9.06642e-05
-9.06651e-05
-9.0676e-05
-9.06966e-05
-9.07257e-05
-9.07629e-05
-9.0808e-05
-9.08618e-05
-9.0925e-05
-9.09989e-05
-9.10844e-05
-9.11811e-05
-9.12883e-05
-9.14059e-05
-9.15327e-05
-9.16681e-05
-9.18115e-05
-9.1961e-05
-9.21149e-05
-9.22708e-05
-9.24275e-05
-9.25821e-05
-9.27325e-05
-9.28763e-05
-9.30133e-05
-9.31431e-05
-9.32652e-05
-9.33786e-05
-9.34825e-05
-9.35778e-05
-9.36639e-05
-9.37428e-05
-9.38168e-05
-9.38876e-05
-9.39568e-05
-9.4025e-05
-9.40918e-05
-9.41568e-05
-9.42204e-05
-9.42817e-05
-9.43403e-05
-9.43969e-05
-9.44507e-05
-9.45002e-05
-9.45453e-05
-9.45874e-05
-9.46283e-05
-9.4669e-05
-9.47106e-05
-9.47538e-05
-9.48002e-05
-9.485e-05
-9.49025e-05
-9.49567e-05
-9.50115e-05
-9.50671e-05
-9.51237e-05
-9.51824e-05
-9.52439e-05
-9.53093e-05
-9.53794e-05
-9.54546e-05
-9.55358e-05
-9.56241e-05
-9.57199e-05
-9.58223e-05
-9.59297e-05
-9.60403e-05
-9.61534e-05
-9.62701e-05
-9.63905e-05
-9.65144e-05
-9.66412e-05
-9.67695e-05
-9.6899e-05
-9.70284e-05
-9.71576e-05
-9.72866e-05
-9.74138e-05
-9.75371e-05
-9.76556e-05
-9.7769e-05
-9.78773e-05
-9.79798e-05
-9.80764e-05
-9.81672e-05
-9.82522e-05
-9.83315e-05
-9.8405e-05
-9.8474e-05
-9.85385e-05
-9.8598e-05
-9.86518e-05
-9.87005e-05
-9.87442e-05
-9.87822e-05
-9.88138e-05
-9.884e-05
-9.88603e-05
-9.88742e-05
-9.88818e-05
-9.88834e-05
-9.88791e-05
-9.887e-05
-9.88574e-05
-9.88432e-05
-9.88432e-05
-9.88164e-05
-9.88033e-05
-9.87908e-05
-9.87792e-05
-9.87708e-05
-9.87659e-05
-9.87639e-05
-9.87631e-05
-9.87629e-05
-9.8763e-05
-9.8763e-05
-9.87654e-05
-9.87694e-05
-9.87754e-05
-9.87828e-05
-9.87918e-05
-9.88026e-05
-9.88161e-05
-9.88327e-05
-9.88518e-05
-9.88518e-05
-9.89e-05
-9.8929e-05
-9.89619e-05
-9.89988e-05
-9.90385e-05
-9.90803e-05
-9.91234e-05
-9.91691e-05
-9.92182e-05
-9.9272e-05
-9.9272e-05
-9.93992e-05
-9.94723e-05
-9.95506e-05
-9.96338e-05
-9.97194e-05
-9.98059e-05
-9.98059e-05
-9.99799e-05
-9.99799e-05
-0.000100157
-0.000100248
-0.000100339
-0.000100431
-0.000100523
-0.000100617
-0.000100713
-0.000100809
-0.000100906
-0.000101003
-0.0001011
-0.000101198
-0.000101298
-0.0001014
-0.000101504
-0.000101612
-0.000101722
-0.000101836
-0.000101954
-0.000102073
-0.000102193
-0.000102314
-0.000102436
-0.000102559
-0.000102684
-0.00010281
-0.000102937
-0.000103065
-0.000103195
-0.000103325
-0.000103456
-0.000103587
-0.000103715
-0.000103839
-0.000103958
-0.000104072
-0.000104178
-0.000104276
-0.000104366
-0.000104448
-0.000104522
-0.000104589
-0.000104651
-0.000104708
-0.000104762
-0.000104813
-0.000104861
-0.000104905
-0.000104944
-0.000104979
-0.000105006
-0.000105027
-0.000105041
-0.00010505
-0.000105054
-0.000105053
-0.000105048
-0.000105039
-0.000105029
-0.000105016
-0.000105001
-0.000104983
-0.000104961
-0.000104937
-0.000104909
-0.000104879
-0.000104848
-0.000104848
-0.000104785
-0.000104758
-0.000104735
-0.000104716
-0.000104702
-0.000104692
-0.000104686
-0.000104685
-0.000104687
-0.00010469
-0.000104693
-0.000104695
-0.000104696
-0.000104696
-0.000104694
-0.00010469
-0.000104683
-0.000104671
-0.000104653
-0.000104628
-0.000104593
-0.000104549
-0.000104495
-0.000104434
-0.000104367
-0.000104296
-0.000104222
-0.000104148
-0.000104076
-0.000104005
-0.000103936
-0.00010387
-0.000103805
-0.000103742
-0.000103679
-0.000103617
-0.000103556
-0.000103497
-0.000103441
-0.000103387
-0.000103336
-0.000103287
-0.000103241
-0.000103197
-0.000103156
-0.000103118
-0.000103085
-0.000103053
-0.000103023
-0.000102993
-0.000102962
-0.000102931
-0.000102897
-0.000102863
-0.000102826
-0.000102787
-0.000102745
-0.000102699
-0.00010265
-0.0001026
-0.000102552
-0.000102505
-0.00010246
-0.000102416
-0.000102373
-0.000102332
-0.000102292
-0.000102253
-0.000102214
-0.000102175
-0.000102136
-0.000102098
-0.000102063
-0.000102032
-0.000102006
-0.000101985
-0.000101967
-0.000101952
-0.000101939
-0.000101929
-0.000101923
-0.000101919
-0.000101917
-0.000101915
-0.000101915
-0.000101915
-0.000101914
-0.000101914
-0.000101916
-0.000101916
-0.00010193
-0.000101942
-0.000101957
-0.000101971
-0.000101986
-0.000102001
-0.000102016
-0.00010203
-0.000102044
-0.000102058
-0.000102074
-0.000102092
-0.000102114
-0.000102138
-0.000102165
-0.000102193
-0.000102223
-0.000102253
-0.000102281
-0.000102307
-0.00010233
-0.00010233
-0.000102372
-0.00010239
-0.000102406
-0.000102419
-0.000102426
-0.000102427
-0.00010242
-0.00010242
-0.000102379
-0.000102344
-0.000102298
-0.000102242
-0.000102179
-0.00010211
-0.000102034
-0.000101955
-0.000101872
-0.000101786
-0.000101697
-0.000101606
-0.000101513
-0.000101418
-0.000101323
-0.000101227
-0.00010113
-0.000101032
-0.000100935
-0.000100841
-0.000100748
-0.000100659
-0.000100575
-0.000100496
-0.000100423
-0.000100354
-0.00010029
-0.000100231
-0.000100176
-0.000100127
-0.000100085
-0.000100085
-0.000100023
-0.000100003
-9.99915e-05
-9.99872e-05
-9.99912e-05
-0.000100004
-0.000100025
-0.000100056
-0.000100099
-0.000100099
-0.000100224
-0.000100308
-0.000100405
-0.000100516
-0.00010064
-0.000100778
-0.000100928
-0.000101091
-0.000101264
-0.000101446
-0.000101633
-0.000101825
-0.00010202
-0.00010202
-0.000102404
-0.000102589
-0.000102766
-0.000102936
-0.000103097
-0.00010325
-0.000103396
-0.000103534
-0.000103667
-0.000103791
-0.000103791
-0.000104011
-0.000104105
-0.000104189
-0.000104261
-0.000104323
-0.000104372
-0.00010441
-0.000104435
-0.000104447
-0.000104446
-0.000104431
-0.000104402
-0.000104359
-0.000104301
-0.00010423
-0.000104145
-0.000104045
-0.00010393
-0.000103802
-0.000103661
-0.000103508
-0.000103344
-0.000103169
-0.000102985
-0.000102793
-0.000102596
-0.000102391
-0.000102178
-0.000101958
-0.00010173
-0.000101498
-0.00010126
-0.000101018
-0.00010077
-0.000100516
-0.000100256
-9.99936e-05
-9.97295e-05
-9.94658e-05
-9.92037e-05
-9.8944e-05
-9.86883e-05
-9.84376e-05
-9.81913e-05
-9.7949e-05
-9.77117e-05
-9.74801e-05
-9.72559e-05
-9.70408e-05
-9.68367e-05
-9.66444e-05
-9.6464e-05
-9.6295e-05
-9.61374e-05
-9.59903e-05
-9.58543e-05
-9.57292e-05
-9.5616e-05
-9.55153e-05
-9.54266e-05
-9.53495e-05
-9.5283e-05
-9.52251e-05
-9.51747e-05
-9.51284e-05
-9.50847e-05
-9.50425e-05
-9.50029e-05
-9.49666e-05
-9.49342e-05
-9.4906e-05
-9.48818e-05
-9.48618e-05
-9.48466e-05
-9.48352e-05
-9.4828e-05
-9.4828e-05
-9.48291e-05
-9.48372e-05
-9.48496e-05
-9.48659e-05
-9.48879e-05
-9.49165e-05
-9.49537e-05
-9.4999e-05
-9.5052e-05
-9.51133e-05
-9.51832e-05
-9.52612e-05
-9.53475e-05
-9.54419e-05
-9.55441e-05
-9.56536e-05
-9.57709e-05
-9.58963e-05
-9.60293e-05
-9.61684e-05
-9.63123e-05
-9.64601e-05
-9.66112e-05
-9.67665e-05
-9.69264e-05
-9.70909e-05
-9.72588e-05
-9.74285e-05
-9.75992e-05
-9.77691e-05
-9.79377e-05
-9.81054e-05
-9.82705e-05
-9.84323e-05
-9.85899e-05
-9.8743e-05
-9.88925e-05
-9.90398e-05
-9.91866e-05
-9.93344e-05
-9.94837e-05
-9.96344e-05
-9.97864e-05
-9.99385e-05
-0.00010009
-0.000100239
-0.000100386
-0.000100532
-0.000100677
-0.000100821
-0.000100968
-0.000101116
-0.000101265
-0.000101418
-0.000101574
-0.000101732
-0.000101893
-0.000101893
-0.000102054
-0.000102377
-0.000102538
-0.000102699
-0.000102859
-0.000103018
-0.000103172
-0.000103321
-0.000103464
-0.000103602
-0.000103735
-0.000103864
-0.000103989
-0.000104109
-0.000104223
-0.000104333
-0.000104437
-0.000104536
-0.00010463
-0.000104717
-0.000104801
-0.000104881
-0.000104958
-0.000105035
-0.00010511
-0.000105184
-0.000105256
-0.000105328
-0.000105399
-0.000105468
-0.000105537
-0.000105604
-0.000105669
-0.000105731
-0.00010579
-0.000105844
-0.000105893
-0.000105939
-0.000105981
-0.000106019
-0.000106053
-0.000106084
-0.000106113
-0.00010614
-0.000106165
-0.000106188
-0.000106209
-0.000106227
-0.000106239
-0.000106248
-0.000106251
-0.000106249
-0.000106242
-0.000106227
-0.000106205
-0.000106177
-0.000106146
-0.000106111
-0.000106076
-0.000106041
-0.000106007
-0.000105974
-0.000105944
-0.000105915
-0.000105884
-0.000105884
-0.000105817
-0.00010578
-0.000105739
-0.000105692
-0.000105641
-0.000105586
-0.000105527
-0.000105464
-0.000105396
-0.000105323
-0.000105246
-0.000105165
-0.000105079
-0.000104989
-0.000104897
-0.000104804
-0.00010471
-0.000104614
-0.000104517
-0.000104419
-0.000104319
-0.000104216
-0.00010411
-0.000104
-0.000103885
-0.000103766
-0.000103642
-0.000103513
-0.000103378
-0.000103237
-0.000103085
-0.000102922
-0.000102747
-0.00010256
-0.000102362
-0.000102155
-0.000101938
-0.000101715
-0.000101488
-0.000101488
-0.000101026
-0.000100793
-0.000100557
-0.00010032
-0.000100081
-9.9842e-05
-9.96031e-05
-9.93653e-05
-9.91288e-05
-9.88943e-05
-9.86645e-05
-9.84421e-05
-9.82284e-05
-9.80238e-05
-9.78291e-05
-9.76447e-05
-9.74714e-05
-9.74714e-05
-9.7161e-05
-9.70268e-05
-9.69074e-05
-9.69074e-05
-9.68027e-05
-9.67121e-05
-9.65724e-05
-9.65224e-05
-9.64854e-05
-9.64613e-05
-9.64613e-05
-9.64572e-05
-9.64799e-05
-9.65206e-05
-9.65798e-05
-9.6657e-05
-9.67513e-05
-9.6862e-05
-9.69875e-05
-9.71271e-05
-9.72788e-05
-9.74417e-05
-9.76139e-05
-9.77931e-05
-9.79767e-05
-9.81632e-05
-9.83516e-05
-9.85424e-05
-9.8736e-05
-9.89318e-05
-9.91285e-05
-9.93256e-05
-9.95232e-05
-9.97197e-05
-9.99137e-05
-0.000100102
-0.000100283
-0.000100455
-0.000100618
-0.00010077
-0.00010091
-0.000101037
-0.000101153
-0.000101255
-0.000101345
-0.000101422
-0.000101485
-0.000101534
-0.000101566
-0.000101579
-0.000101571
-0.000101542
-0.000101491
-0.000101418
-0.000101324
-0.00010121
-0.000101078
-0.000100929
-0.000100765
-0.000100587
-0.000100397
-0.000100195
-9.99832e-05
-9.97618e-05
-9.95316e-05
-9.92927e-05
-9.90454e-05
-9.879e-05
-9.85286e-05
-9.82625e-05
-9.79952e-05
-9.77288e-05
-9.74648e-05
-9.72046e-05
-9.69498e-05
-9.67017e-05
-9.64611e-05
-9.62291e-05
-9.60078e-05
-9.58e-05
-9.56068e-05
-9.54281e-05
-9.52639e-05
-9.51149e-05
-9.49818e-05
-9.48646e-05
-9.47638e-05
-9.46796e-05
-9.46119e-05
-9.45607e-05
-9.45251e-05
-9.45038e-05
-9.44962e-05
-9.45018e-05
-9.45186e-05
-9.45186e-05
-9.45772e-05
-9.46139e-05
-9.46531e-05
-9.46938e-05
-9.47344e-05
-9.47731e-05
-9.48078e-05
-9.48371e-05
-9.48617e-05
-9.48817e-05
-9.48975e-05
-9.49104e-05
-9.49207e-05
-9.493e-05
-9.49398e-05
-9.49517e-05
-9.4966e-05
-9.49839e-05
-9.50062e-05
-9.50334e-05
-9.50655e-05
-9.51028e-05
-9.51464e-05
-9.51979e-05
-9.52579e-05
-9.5327e-05
-9.54056e-05
-9.54056e-05
-9.55917e-05
-9.56989e-05
-9.58152e-05
-9.59402e-05
-9.59402e-05
-9.62171e-05
-9.63689e-05
-9.65294e-05
-9.66991e-05
-9.6878e-05
-9.70666e-05
-9.72659e-05
-9.74751e-05
-9.76937e-05
-9.79197e-05
-9.81511e-05
-9.83873e-05
-9.86286e-05
-9.88744e-05
-9.91239e-05
-9.93776e-05
-9.9634e-05
-9.98915e-05
-0.000100149
-0.000100406
-0.000100406
-0.000100917
-0.000101173
-0.000101429
-0.000101683
-0.000101935
-0.000102182
-0.000102427
-0.000102669
-0.000102908
-0.000103143
-0.000103374
-0.0001036
-0.000103821
-0.000104036
-0.000104245
-0.000104445
-0.000104636
-0.000104818
-0.000104994
-0.000105162
-0.000105324
-0.000105476
-0.000105618
-0.00010575
-0.000105873
-0.000105989
-0.000106099
-0.000106206
-0.000106307
-0.000106404
-0.000106498
-0.000106588
-0.000106676
-0.000106763
-0.000106846
-0.000106926
-0.000107001
-0.000107072
-0.000107072
-0.000107192
-0.00010724
-0.00010724
-0.000107309
-0.00010733
-0.00010733
-0.000107343
-0.000107335
-0.000107317
-0.000107289
-0.000107251
-0.000107201
-0.000107141
-0.000107072
-0.000106994
-0.000106908
-0.000106813
-0.000106709
-0.000106596
-0.000106475
-0.000106345
-0.000106207
-0.000106061
-0.000105908
-0.000105749
-0.000105584
-0.000105415
-0.000105245
-0.000105074
-0.000104903
-0.000104734
-0.000104565
-0.000104565
-0.000104228
