7.01944e-08
9.65667e-08
9.65667e-08
1.70754e-07
2.20781e-07
2.20781e-07
3.52796e-07
4.37445e-07
4.37445e-07
6.51232e-07
7.83473e-07
9.34801e-07
9.34801e-07
1.10695e-06
1.52098e-06
1.76668e-06
2.04084e-06
2.04084e-06
2.68293e-06
2.68293e-06
3.05523e-06
3.9138e-06
3.9138e-06
4.94037e-06
5.52292e-06
6.15513e-06
6.83969e-06
7.57935e-06
8.37693e-06
9.23531e-06
9.23531e-06
1.11463e-05
1.11463e-05
1.33367e-05
1.33367e-05
1.58318e-05
1.72017e-05
1.86578e-05
1.86578e-05
2.18422e-05
2.35775e-05
2.5413e-05
2.73524e-05
2.73524e-05
3.1558e-05
3.38318e-05
3.62247e-05
3.62247e-05
4.1384e-05
4.41585e-05
4.70683e-05
5.01176e-05
5.33107e-05
5.66519e-05
6.01454e-05
6.01454e-05
6.76074e-05
6.76074e-05
7.15847e-05
7.57323e-05
8.45569e-05
8.92432e-05
9.41185e-05
9.41185e-05
0.000104455
0.000104455
0.000115607
0.0001215
0.0001215
0.000133947
0.000140512
0.000140512
0.000154347
0.000161629
0.000161629
0.000176948
0.000184995
0.000184995
0.000201893
0.000210755
0.0002199
0.0002199
0.00023906
0.000249086
0.000259418
0.000270061
0.000270061
0.000292304
0.000303916
0.000303916
0.00032815
0.00032815
0.00035377
0.000367116
0.000367116
0.000380827
0.000409369
0.000424212
0.000439446
0.000439446
0.000471108
0.000487549
0.000504406
0.000521685
0.000521685
0.000557535
0.000557535
0.000595151
0.000614638
0.000634587
0.000655003
0.000655003
0.000697268
0.000719129
0.000741486
0.000764345
0.000787713
0.000811596
0.000836003
0.000860939
0.000886412
0.000912428
0.000938995
0.000938995
0.000993811
0.00102207
0.00102207
0.00108034
0.00111036
0.00114099
0.00114099
0.00120406
0.00123653
0.00126963
0.00130336
0.00133774
0.00133774
0.00140847
0.00144483
0.00148186
0.00151958
0.00155798
0.00155798
0.00163689
0.00167741
0.00171864
0.00176061
0.00176061
0.00184675
0.00189094
0.00193589
0.00198161
0.00198161
0.00202809
0.00212342
0.00217228
0.00222193
0.00222193
0.00232369
0.00232369
0.00242877
0.00248256
0.00253721
0.00259272
0.00259272
0.00264909
0.00270634
0.0028235
0.00288342
0.00294425
0.00300599
0.00300599
0.00313225
0.00319679
0.00319679
0.00326227
0.00332871
0.00346447
0.00353382
0.00353382
0.00360416
0.00374783
0.00374783
0.00389554
0.00397093
0.00404736
0.00404736
0.00420335
0.00428294
0.00428294
0.00444532
0.00444532
0.00461204
0.00461204
0.00478316
0.00487039
0.00495875
0.00504824
0.00504824
0.00523066
0.0053236
0.0053236
0.005513
0.00560946
0.00560946
0.00580598
0.00590604
0.00590604
0.00610983
0.00610983
0.00631855
0.00642477
0.00653226
0.00664101
0.00675103
0.00675103
0.00697493
0.00708882
0.00708882
0.00732054
0.00743838
0.00755755
0.00755755
0.00779991
0.00792312
0.0080477
0.0080477
0.00830098
0.00830098
0.00855981
0.00855981
0.00869133
0.00895863
0.00909441
0.00923164
0.00937031
0.00937031
0.00965202
0.00979508
0.00979508
0.0100856
0.0102332
0.0102332
0.0105327
0.0105327
0.0108384
0.0108384
0.0109935
0.0113084
0.0114681
0.0116295
0.0117924
0.0119569
0.012123
0.0122907
0.01246
0.01246
0.0128035
0.0129777
0.0131535
0.0131535
0.013331
0.0135101
0.0138734
0.0140575
0.0142434
0.0144309
0.0146201
0.0148111
0.0148111
0.0150038
0.0153943
0.0155922
0.0157918
0.0157918
0.0161964
0.0161964
0.016608
0.0168165
0.0168165
0.017239
0.0174529
0.0174529
0.0178862
0.0181057
0.0181057
0.0183269
0.01855
0.018775
0.0192306
0.0192306
0.0196937
0.0196937
0.0201644
0.0201644
0.0204026
0.0208848
0.0211288
0.0211288
0.0216227
0.0216227
0.0218725
0.0223782
0.0226339
0.0228917
0.0231515
0.0231515
0.023677
0.023677
0.0239428
0.0244805
0.0244805
0.0250263
0.0253023
0.0253023
0.0258605
0.0261427
0.0261427
0.0267133
0.0270018
0.0270018
0.027585
0.0278798
0.0278798
0.0284758
0.028777
0.028777
0.0293858
0.0296934
0.0300032
0.0303152
0.0306294
0.0306294
0.0312643
0.031585
0.031585
0.0322332
0.0325605
0.0325605
0.033222
0.0335561
0.0338924
0.034231
0.0345719
0.0345719
0.0352603
0.035608
0.035958
0.0363102
0.0366647
0.0370216
0.0373807
0.0377422
0.038106
0.0384721
0.0388406
0.0388406
0.0395846
0.0399601
0.040338
0.0407182
0.0411008
0.0411008
0.0418732
0.0422629
0.0426551
0.0426551
0.0430497
0.0434466
0.0442478
0.0446521
0.0450588
0.0454679
0.0458794
0.0458794
0.0467099
0.0467099
0.0475502
0.047974
0.047974
0.0488292
0.0492605
0.0492605
0.0501306
0.0505694
0.0510107
0.0510107
0.0519009
0.0519009
0.0528012
0.0532552
0.0532552
0.0541707
0.0546323
0.0550965
0.0550965
0.0560325
0.0565043
0.0565043
0.0574558
0.0579354
0.0584176
0.0584176
0.0589024
0.0598798
0.0598798
0.0608677
0.0613655
0.0613655
0.0623691
0.0628749
0.0628749
0.0638943
0.064408
0.0649244
0.0654434
0.0659651
0.0664894
0.0670164
0.0670164
0.0680785
0.0686135
0.0691513
0.0696917
0.0702348
0.0702348
0.0713292
0.0718805
0.0724344
0.0729911
0.0735505
0.0741127
0.0746775
0.0752451
0.0758155
0.0758155
0.0769644
0.0775429
0.0775429
0.0787083
0.0787083
0.0798848
0.0798848
0.0810723
0.0816702
0.0816702
0.0828744
0.0834807
0.0840897
0.0847016
0.0847016
0.0859337
0.0865539
0.087177
0.0878028
0.0884315
0.089063
0.0896973
0.0903344
0.0909743
0.0916171
0.0916171
0.0929112
0.0929112
0.0942165
0.0942165
0.0955333
0.0961959
0.0968614
0.0975297
0.0975297
0.098875
0.0995519
0.100232
0.100232
0.100914
0.102288
0.102979
0.103674
0.104371
0.10507
0.105773
0.105773
0.107187
0.107187
0.108613
0.108613
0.11005
0.110773
0.111499
0.111499
0.11296
0.113694
0.113694
0.114432
0.115916
0.115916
0.117411
0.118163
0.118918
0.119676
0.120437
0.1212
0.1212
0.122736
0.123509
0.124284
0.124284
0.125844
0.126628
0.126628
0.127415
0.128998
0.129794
0.130593
0.131395
0.1322
0.133007
0.133818
0.133818
0.135448
0.136267
0.136267
0.137915
0.137915
0.139574
0.140409
0.140409
0.142086
0.142929
0.143775
0.143775
0.145475
0.14633
0.147188
0.148048
0.148912
0.149779
0.149779
0.151521
0.152396
0.153274
0.154156
0.154156
0.15504
0.156817
0.156817
0.158606
0.159505
0.159505
0.161312
0.16222
0.16222
0.163131
0.164044
0.165881
0.166803
0.166803
0.168657
0.169589
0.169589
0.17146
0.172401
0.173344
0.17429
0.175239
0.176191
0.177146
0.178104
0.179064
0.180028
0.180995
0.181964
0.182937
0.183912
0.183912
0.185872
0.186856
0.187843
0.188834
0.188834
0.190822
0.191821
0.191821
0.193828
0.194835
0.195846
0.196859
0.197876
0.198895
0.199917
0.200942
0.200942
0.203001
0.203001
0.205071
0.206111
0.207153
0.208198
0.209247
0.210298
0.211352
0.212409
0.213468
0.214531
0.215596
0.215596
0.216665
0.21881
0.219887
0.220967
0.22205
0.223135
0.223135
0.225315
0.226409
0.227506
0.228606
0.229709
0.230814
0.230814
0.233034
0.234148
0.234148
0.236384
0.237506
0.238632
0.23976
0.240891
0.242025
0.242025
0.2443
0.2443
0.246588
0.247735
0.248886
0.250039
0.251195
0.251195
0.253516
0.25468
0.255847
0.257017
0.257017
0.259365
0.260544
0.261725
0.262908
0.264095
0.265284
0.266476
0.267671
0.268868
0.268868
0.271271
0.272477
0.273685
0.273685
0.27611
0.277326
0.278545
0.279767
0.280992
0.282219
0.283449
0.284681
0.285916
0.285916
0.287154
0.289638
0.290884
0.292132
0.292132
0.294637
0.295893
0.295893
0.298414
0.299678
0.300945
0.302215
0.303487
0.303487
0.306039
0.307318
0.308601
0.308601
0.311173
0.312464
0.313756
0.313756
0.31635
0.31635
0.318953
0.320258
0.321566
0.322877
0.32419
0.32419
0.326824
0.328144
0.328144
0.330793
0.330793
0.333452
0.334785
0.33612
0.337458
0.338799
0.338799
0.341487
0.342835
0.344185
0.344185
0.346893
0.34825
0.34961
0.350973
0.350973
0.353704
0.353704
0.356446
0.35782
0.359197
0.360576
0.361957
0.363341
0.364727
0.366116
0.367506
0.3689
0.3689
0.371693
0.373093
0.374495
0.3759
0.377307
0.378716
0.380128
0.381541
0.381541
0.384376
0.385796
0.387219
0.387219
0.388644
0.391501
0.392932
0.392932
0.395803
0.397241
0.397241
0.400124
0.401569
0.401569
0.404465
0.405916
0.405916
0.40737
0.410283
0.410283
0.411743
0.413205
0.416136
0.417604
0.419074
0.419074
0.422021
0.423498
0.424977
0.426457
0.426457
0.429425
0.430912
0.432401
0.432401
0.435385
0.436879
0.438376
0.439875
0.441376
0.441376
0.444384
0.44589
0.44589
0.447399
0.450422
0.451937
0.453453
0.453453
0.454972
0.456492
0.459538
0.459538
0.461064
0.464121
0.465652
0.465652
0.468721
0.470258
0.471796
0.473337
0.473337
0.476423
0.476423
0.479517
0.481067
0.481067
0.484171
0.485726
0.487282
0.487282
0.4904
0.491962
0.493525
0.49509
0.496657
0.498225
0.498225
0.501367
0.502941
0.502941
0.504516
0.507671
0.509251
0.509251
0.512415
0.514
0.514
0.517174
0.518764
0.520355
0.521947
0.521947
0.523541
0.526734
0.526734
0.529933
0.531534
0.531534
0.534742
0.536348
0.536348
0.539565
0.541175
0.542787
0.5444
0.546015
0.546015
0.549248
0.550867
0.552487
0.554109
0.555732
0.557356
0.557356
0.560609
0.562237
0.562237
0.565498
0.56713
0.56713
0.570398
0.572034
0.573672
0.57531
0.57695
0.578591
0.580233
0.580233
0.583522
0.585167
0.586814
0.586814
0.590112
0.591763
0.593414
0.593414
0.596721
0.598376
0.598376
0.601689
0.603348
0.605007
0.606668
0.608329
0.608329
0.609992
0.61332
0.614986
0.614986
0.61832
0.619989
0.619989
0.621658
0.625001
0.626673
0.628347
0.630021
0.631696
0.633373
0.633373
0.636728
0.638407
0.640087
0.641767
0.643449
0.645131
0.646814
0.646814
0.648498
0.651869
0.653555
0.655242
0.65693
0.658619
0.660309
0.661999
0.66369
0.66369
0.667074
0.668767
0.670461
0.672155
0.672155
0.675546
0.677243
0.677243
0.680638
0.682336
0.682336
0.685735
0.687435
0.689136
0.690837
0.692539
0.694242
0.694242
0.697648
0.699352
0.701057
0.702762
0.704468
0.706174
0.706174
0.709587
0.711295
0.713003
0.714711
0.71642
0.718129
0.719838
0.719838
0.721548
0.724969
0.72668
0.728392
0.730104
0.731816
0.733528
0.735241
0.736954
0.738667
0.740381
0.742094
0.743808
0.745523
0.747237
0.748952
0.750667
0.752382
0.754098
0.755813
0.755813
0.759245
0.760961
0.760961
0.764394
0.76611
0.767827
0.769544
0.771261
0.772977
0.772977
0.776411
0.778129
0.778129
0.781563
0.78328
0.78328
0.786714
0.788432
0.788432
0.791866
0.793583
0.793583
0.797017
0.798734
0.798734
0.802167
0.802167
0.8056
0.807317
0.807317
0.809033
0.812465
0.814181
0.815896
0.817612
0.817612
0.821042
0.822757
0.824472
0.824472
0.8279
0.829614
0.829614
0.833041
0.834754
0.834754
0.838179
0.839891
0.841603
0.843314
0.843314
0.846736
0.848446
0.848446
0.851866
0.853575
0.855283
0.856992
0.856992
0.860407
0.862114
0.862114
0.865527
0.867232
0.867232
0.870642
0.872346
0.87405
0.87405
0.877455
0.879157
0.880859
0.882559
0.88426
0.885959
0.887658
0.889357
0.891054
0.892751
0.894448
0.896144
0.897839
0.899533
0.901227
0.90292
0.904613
0.906305
0.907996
0.909686
0.911375
0.911375
0.914752
0.914752
0.918126
0.919811
0.921496
0.92318
0.924863
0.926546
0.928227
0.929908
0.931588
0.933267
0.934945
0.936622
0.936622
0.939973
0.941648
0.943321
0.944994
0.946665
0.946665
0.950006
0.950006
0.953342
0.955009
0.956674
0.958339
0.960003
0.960003
0.963327
0.964987
0.964987
0.968305
0.968305
0.969962
0.973274
0.974927
0.97658
0.978232
0.979882
0.981532
0.98318
0.984827
0.986473
0.986473
0.988118
0.991403
0.993044
0.993044
0.994684
0.99796
0.999596
1.00123
1.00286
1.00286
1.00613
1.00776
1.00939
1.01101
1.01264
1.01426
1.01589
1.01751
1.01751
1.02075
1.02236
1.02236
1.02559
1.02559
1.02882
1.03043
1.03043
1.03365
1.03525
1.03525
1.03846
1.04006
1.04166
1.04326
1.04486
1.04486
1.04805
1.04964
1.04964
1.05282
1.05441
1.05599
1.05758
1.05758
1.06074
1.06232
1.06232
1.06548
1.06705
1.06863
1.0702
1.0702
1.07334
1.07334
1.07647
1.07803
1.07959
1.08115
1.08271
1.08271
1.08582
1.08738
1.08893
1.09048
1.09203
1.09357
1.09512
1.09666
1.0982
1.0982
1.10127
1.10281
1.10434
1.10587
1.1074
1.10893
1.11046
1.11198
1.1135
1.11502
1.11654
1.11806
1.11957
1.11957
1.12109
1.1241
1.12561
1.12712
1.12712
1.13012
1.13162
1.13312
1.13461
1.1361
1.13759
1.13908
1.14057
1.14205
1.14354
1.14354
1.1465
1.14797
1.14797
1.15092
1.15092
1.15386
1.15533
1.15533
1.15825
1.15971
1.16117
1.16263
1.16263
1.16553
1.16698
1.16843
1.16987
1.16987
1.17275
1.17419
1.17563
1.17706
1.17849
1.17849
1.17992
1.18135
1.18278
1.18562
1.18704
1.18845
1.18987
1.19128
1.19269
1.1941
1.1941
1.1969
1.1969
1.1997
1.2011
1.20249
1.20388
1.20527
1.20527
1.20804
1.20804
1.2108
1.21218
1.21218
1.21492
1.21629
1.21629
1.21902
1.22039
1.22175
1.2231
1.2231
1.22581
1.22716
1.22851
1.22985
1.2312
1.23254
1.23388
1.23521
1.23654
1.23654
1.2392
1.2392
1.24185
1.24317
1.24449
1.24581
1.24712
1.24712
1.24974
1.25104
1.25104
1.25365
1.25494
1.25624
1.25753
1.25882
1.26011
1.26139
1.26268
1.26396
1.26523
1.26523
1.26778
1.26905
1.27032
1.27158
1.27284
1.2741
1.27536
1.27661
1.27786
1.27786
1.28036
1.28036
1.28284
1.28284
1.28531
1.28655
1.28778
1.289
1.29023
1.29145
1.29145
1.29389
1.29389
1.29631
1.29752
1.29752
1.29993
1.30113
1.30233
1.30233
1.30352
1.3059
1.30709
1.30827
1.30945
1.31063
1.31063
1.31298
1.31415
1.31532
1.31648
1.31764
1.31764
1.31996
1.31996
1.32226
1.32341
1.32455
1.3257
1.3257
1.32797
1.32911
1.33024
1.33136
1.33249
1.33361
1.33361
1.33473
1.33696
1.33696
1.33918
1.34029
1.34139
1.34249
1.34359
1.34359
1.34577
1.34686
1.34686
1.34903
1.35011
1.35119
1.35119
1.35333
1.3544
1.3544
1.35653
1.35759
1.35759
1.3597
1.36075
1.3618
1.3618
1.36389
1.36493
1.36493
1.367
1.36803
1.36905
1.37008
1.3711
1.37212
1.37314
1.37314
1.37516
1.37617
1.37717
1.37818
1.37917
1.37917
1.38116
1.38215
1.38215
1.38412
1.38511
1.38608
1.38608
1.38803
1.389
1.389
1.39093
1.39189
1.39189
1.39381
1.39476
1.39476
1.39665
1.3976
1.3976
1.39854
1.40041
1.40041
1.40134
1.40319
1.40412
1.40504
1.40595
1.40595
1.40778
1.40778
1.40959
1.41049
1.41049
1.41229
1.41318
1.41407
1.41496
1.41584
1.41584
1.4176
1.41848
1.41935
1.42022
1.42022
1.42195
1.42281
1.42367
1.42452
1.42537
1.42622
1.42707
1.42791
1.42875
1.42959
1.42959
1.43125
1.43208
1.43291
1.43373
1.43455
1.43537
1.43618
1.43699
1.4378
1.4378
1.4394
1.4402
1.441
1.44179
1.44258
1.44337
1.44337
1.44415
1.44571
1.44649
1.44726
1.44803
1.4488
1.4488
1.45032
1.45108
1.45183
1.45259
1.45259
1.45408
1.45483
1.45557
1.4563
1.4563
1.45777
1.45777
1.45922
1.45995
1.46067
1.46067
1.4621
1.46281
1.46352
1.46422
1.46493
1.46563
1.46632
1.46702
1.46771
1.4684
1.4684
1.46977
1.47045
1.47112
1.47112
1.47247
1.47314
1.4738
1.47446
1.47446
1.47578
1.47644
1.47709
1.47773
1.47838
1.47902
1.47902
1.4803
1.48093
1.48157
1.48219
1.48219
1.48344
1.48406
1.48406
1.4853
1.48591
1.48591
1.48712
1.48773
1.48833
1.48893
1.48952
1.48952
1.4907
1.4907
1.49187
1.49245
1.49245
1.49361
1.49418
1.49418
1.49532
1.49532
1.49645
1.49701
1.49756
1.49756
1.49867
1.49922
1.49976
1.50031
1.50031
1.50138
1.50192
1.50245
1.50298
1.50351
1.50403
1.50455
1.50455
1.50559
1.50559
1.50661
1.50712
1.50763
1.50813
1.50863
1.50913
1.50913
1.51012
1.51061
1.5111
1.51158
1.51158
1.51254
1.51302
1.51302
1.51397
1.51443
1.51443
1.51537
1.51537
1.51629
1.51674
1.5172
1.51765
1.5181
1.51854
1.51854
1.51943
1.51987
1.5203
1.52074
1.52117
1.5216
1.52202
1.52202
1.52287
1.52329
1.5237
1.52412
1.52453
1.52494
1.52535
1.52575
1.52575
1.52615
1.52695
1.52734
1.52774
1.52774
1.52851
1.52851
1.52928
1.52966
1.52966
1.53041
1.53079
1.53116
1.53116
1.53189
1.53226
1.53262
1.53298
1.53298
1.53369
1.53404
1.53439
1.53474
1.53508
1.53543
1.53577
1.53611
1.53644
1.53678
1.53711
1.53744
1.53777
1.53809
1.53809
1.53873
1.53873
1.53937
1.53968
1.53968
1.54
1.54061
1.54092
1.54092
1.54152
1.54182
1.54212
1.54241
1.54241
1.543
1.54329
1.54329
1.54386
1.54414
1.54442
1.5447
1.54497
1.54497
1.54552
1.54579
1.54606
1.54632
1.54659
1.54685
1.54711
1.54736
1.54762
1.54762
1.54813
1.54838
1.54862
1.54887
1.54911
1.54936
1.54936
1.54983
1.54983
1.5503
1.5503
1.55077
1.551
1.55122
1.55145
1.55167
1.55189
1.55211
1.55211
1.55233
1.55276
1.55297
1.55318
1.55339
1.55339
1.5538
1.55401
1.55401
1.55441
1.55441
1.5548
1.55499
1.55519
1.55538
1.55557
1.55557
1.55594
1.55594
1.55631
1.55649
1.55667
1.55685
1.55702
1.5572
1.5572
1.55737
1.55771
1.55788
1.55804
1.55821
1.55821
1.55853
1.55869
1.55885
1.55901
1.55916
1.55916
1.55947
1.55947
1.55977
1.55991
1.56006
1.56006
1.56035
1.56049
1.56063
1.56077
1.56077
1.56104
1.56117
1.56131
1.56131
1.56157
1.5617
1.5617
1.56195
1.56208
1.5622
1.56232
1.56244
1.56244
1.56268
1.56268
1.56291
1.56302
1.56302
1.56325
1.56336
1.56347
1.56347
1.56368
1.56368
1.56389
1.56399
1.56399
1.56419
1.56429
1.56439
1.56449
1.56458
1.56468
1.56468
1.56486
1.56495
1.56504
1.56513
1.56522
1.5653
1.56539
1.56539
1.56555
1.56564
1.56572
1.5658
1.56587
1.56595
1.56603
1.5661
1.56618
1.56625
1.56625
1.56639
1.56646
1.56653
1.5666
1.56667
1.56674
1.5668
1.56687
1.56693
1.56693
1.56705
1.56712
1.56712
1.56723
1.56723
1.56735
1.56741
1.56746
1.56752
1.56757
1.56757
1.56762
1.56773
1.56773
1.56783
1.56788
1.56792
1.56797
1.56802
1.56802
1.56811
1.56811
1.5682
1.5682
1.56828
1.56828
1.56836
1.5684
1.56844
1.56848
1.56852
1.56855
1.56859
1.56863
1.56866
1.5687
1.5687
1.56876
1.56879
1.56883
1.56886
1.56886
1.56892
1.56892
1.56898
1.569
1.569
1.56906
1.56909
1.56911
1.56914
1.56916
1.56916
1.56921
1.56923
1.56926
1.56928
1.5693
1.56932
1.56934
1.56934
1.56938
1.5694
1.56942
1.56944
1.56946
1.56948
1.56949
1.56949
1.56953
1.56954
1.56954
1.56957
1.56959
1.5696
1.5696
1.56963
1.56964
1.56966
1.56967
1.56967
1.56969
1.56971
1.56972
1.56973
1.56974
1.56975
1.56976
1.56977
1.56977
1.56979
1.5698
1.5698
1.56981
1.56982
1.56983
1.56984
1.56984
1.56984
1.56986
1.56986
1.56987
1.56988
1.56988
1.56989
1.56989
1.5699
1.5699
1.56991
1.56991
1.56991
1.56992
1.56992
1.56993
1.56993
1.56994
1.56994
1.56994
1.56994
1.56995
1.56995
1.56995
1.56996
1.56996
1.56996
1.56997
1.56997
1.56997
1.56997
1.56997
1.56998
1.56998
1.56998
1.56998
1.56998
1.56998
1.56998
1.56998
1.56999
1.56999
1.56999
1.56999
1.56999
1.56999
1.56999
1.56999
1.56999
1.56999
1.56999
1.56999
1.56999
1.56999
1.56999
1.56999
1.57
1.57
1.57
1.57
1.57
1.57
1.57
1.57
1.57
1.57
1.57
1.57
1.57
1.57
1.57
1.57
1.57
1.57
1.57
1.57
1.57
1.57
1.57
1.57
1.57
1.57
1.57
1.57
1.57
1.57
1.57
1.57
1.57
1.57
1.57
1.57
1.57
1.57
1.57
1.57
1.57
1.57
1.57
1.57
1.57
1.57
1.57
1.57
1.57
1.57
1.57
1.57
1.57
1.57
1.57
1.57
1.57
1.57
1.57
1.57
1.57
1.57
1.57
1.57
1.57
1.57
1.57
1.57
1.57
1.57
1.57
1.57
1.57
1.57
1.57
1.57
1.57
1.57
1.57
1.57
1.57
1.57
1.57
1.57
1.57
1.57
1.57
1.57
1.57
1.57
1.57
1.57
1.57
1.57
1.57
1.57
1.57
1.57
1.57
1.57
1.57
1.57
1.57
1.57
1.57
1.57
1.57
1.57
1.57
1.57
1.57
1.57
1.57
1.57
1.57
1.57
1.57
1.57
1.57
1.57
1.57
1.57
1.57
1.57
1.57
1.57
1.57
1.57
1.57
1.57
1.57
1.57
1.57
1.57
1.57
1.57
1.57
1.57
1.57
1.57
1.57
1.57
1.57
1.57
1.57
1.57
1.57
1.57
1.57
1.57
1.57
1.57
1.57
1.57
1.57
1.57
1.57
1.57
1.57
1.57
1.57
1.57
1.57
1.57
1.57
1.57
1.57
1.57
1.57
1.57
1.57
1.57
1.57
1.57
1.57
1.57
1.57
1.57
1.57
1.57
1.57
1.57
1.57
1.57
1.57
1.57
1.57
1.57
1.57
1.57
1.57
1.57
1.57
1.57
1.57
1.57
1.57
1.57
1.57
1.57
1.57
1.57
1.57
1.57
1.57
1.57
1.57
1.57
1.57
1.57
1.57
1.57
1.57
1.57
1.57
1.57
1.57
1.57
1.57
1.57
1.57
1.57
1.57
1.57
1.57
1.57
1.57
1.57
1.57
1.57
1.57
1.57
1.57
1.57
1.57
1.57
1.57
1.57
1.57
1.57
1.57
1.57
1.57
1.57
1.57
1.57
1.57
1.57
1.57
1.57
1.57
1.57
1.57
1.57
1.57
1.57
1.57
1.57
1.57
1.57
1.57
1.57
1.57
1.57
1.57
1.57
1.57
1.57
1.57
1.57
1.57
1.57
1.57
1.57
1.57
1.57
1.57
1.57
1.57
1.57
1.57
1.57
1.57
1.57
1.57
1.57
1.57
1.57
1.57
1.57
1.57
1.57
1.57
1.57
1.57
1.57
1.57
1.57
1.57
1.57
1.57
1.57
1.57
1.57
1.57
1.57
1.57
1.57
1.57
1.57
1.57
1.57
1.57
1.57
1.57
1.57
1.57
1.57
1.57
1.57
1.57
1.57
1.57
1.57
1.57
1.57
1.57
1.57
1.57
1.57
1.57
1.57
1.57
1.57
1.57
1.57
1.57
1.57
1.57
1.57
1.57
1.57
1.57
1.57
1.57
1.57
1.57
1.57
1.57
1.57
1.57
1.57
1.57
1.57
1.57
1.57
1.57
1.57
1.57
1.57
1.57
1.57
1.57
1.57
1.57
1.57
1.57
1.57
1.57
1.57
1.57
1.57
1.57
1.57
1.57
1.57
1.57
1.57
1.57
1.57
1.57
1.57
1.57
1.57
1.57
1.57
1.57
1.57
1.57
1.57
1.57
1.57
1.57
1.57
1.57
1.57
1.57
1.57
1.57
1.57
1.57
1.57
1.57
1.57
1.57
1.57
1.57
1.57
1.57
1.57
1.57
1.57
1.57
1.57
1.57
1.57
1.57
1.57
1.57
1.57
1.57
1.57
1.57
1.57
1.57
1.57
1.57
1.57
1.57
1.57
1.57
1.57
1.57
1.57
1.57
1.57
1.57
1.57
1.57
1.57
1.57
1.57
1.57
1.57
1.57
1.57
1.57
1.57
1.57
1.57
1.57
1.57
1.57
1.57
1.57
1.57
1.57
1.57
1.57
1.57
1.57
1.57
1.57
1.57
1.57
1.57
1.57
1.57
1.57
1.57
1.57
1.57
1.57
1.57
1.57
1.57
1.57
1.57
1.57
1.57
1.57
1.57
1.57
1.57
1.57
1.57
1.57
1.57
1.57
1.57
1.57
1.57
1.57
1.57
1.57
1.57
1.57
1.57
1.57
1.57
1.57
1.57
1.57
1.57
1.57
1.57
1.57
1.57
1.57
1.57
1.57
1.57
1.57
1.57
1.57
1.57
1.57
1.57
1.57
1.57
1.57
1.57
1.57
1.57
1.57
1.57
1.57
1.57
1.57
1.57
1.57
1.57
1.57
1.57
1.57
1.57
1.57
1.57
1.57
1.57
1.57
1.57
1.57
1.57
1.57
1.57
1.57
1.57
1.57
1.57
1.57
1.57
1.57
1.57
1.57
1.57
1.57
1.57
1.57
1.57
1.57
1.57
1.57
1.57
1.57
1.57
1.57
1.57
1.57
1.57
1.57
1.57
1.57
1.57
1.57
1.57
1.57
1.57
1.57
1.57
1.57
1.57
1.57
1.57
1.57
1.57
1.57
1.57
1.57
1.57
1.57
1.57
1.57
1.57
1.57
1.57
1.57
1.57
1.57
1.57
1.57
1.57
1.57
1.57
1.57
1.57
1.57
1.57
1.57
1.57
1.57
1.57
1.57
1.57
1.57
1.57
1.57
1.57
1.57
1.57
1.57
1.57
1.57
1.57
1.57
1.57
1.57
1.57
1.57
1.57
1.57
1.57
1.57
1.57
1.57
1.57
1.57
1.57
1.57
1.57
1.57
1.57
1.57
1.57
1.57
1.57
1.57
1.57
1.57
1.57
1.57
1.57
1.57
1.57
1.57
1.57
1.57
1.57
1.57
1.57
1.57
1.57
1.57
1.57
1.57
1.57
1.57
1.57
1.57
1.57
1.57
1.57
1.57
1.57
1.57
1.57
1.57
1.57
1.57
1.57
1.57
1.57
1.57
1.57
1.57
1.57
1.57
1.57
1.57
1.57
1.57
1.57
1.57
1.57
1.57
1.57
1.57
1.57
1.57
1.57
1.57
1.57
1.57
1.57
1.57
1.57
1.57
1.57
1.57
1.57
1.57
1.57
1.57
1.57
1.57
1.57
1.57
1.57
1.57
1.57
1.57
1.57
1.57
1.57
1.57
1.57
1.57
1.57
1.57
1.57
1.57
1.57
1.57
1.57
1.57
1.57
1.57
1.57
1.57
1.57
1.57
1.57
1.57
1.57
1.57
1.57
1.57
1.57
1.57
1.57
1.57
1.57
1.57
1.57
1.57
1.57
1.57
1.57
1.57
1.57
1.57
1.57
1.57
1.57
1.57
1.57
1.57
1.57
1.57
1.57
1.57
1.57
1.57
1.57
1.57
1.57
1.57
1.57
1.57
1.57
1.57
1.57
1.57
1.57
1.57
1.57
1.57
1.57
1.57
1.57
1.57
1.57
1.57
1.57
1.57
1.57
1.57
1.57
1.57
1.57
1.57
1.57
1.57
1.57
1.57
1.57
1.57
1.57
1.57
1.57
1.57
1.57
1.57
1.57
1.57
1.57
1.57
1.57
1.57
1.57
1.57
1.57
1.57
1.57
1.57
1.57
1.57
1.57
1.57
1.57
1.57
1.57
1.57
1.57
1.57
1.57
1.57
1.57
1.57
1.57
1.57
1.57
1.57
1.57
1.57
1.57
1.57
1.57
1.57
1.57
1.57
1.57
1.57
1.57
1.57
1.57
1.57
1.57
1.57
1.57
1.57
1.57
1.57
1.57
1.57
1.57
1.57
1.57
1.57
1.57
1.57
1.57
1.57
1.57
1.57
1.57
1.57
1.57
1.57
1.57
1.57
1.57
1.57
1.57
1.57
1.57
1.57
1.57
1.57
1.57
1.57
1.57
1.57
1.57
1.57
1.57
1.57
1.57
1.57
1.57
1.57
1.57
1.57
1.57
1.57
1.57
1.57
1.57
1.57
1.57
1.57
1.57
1.57
1.57
1.57
1.57
1.57
1.57
1.57
1.57
1.57
1.57
1.57
1.57
1.57
1.57
1.57
1.57
1.57
1.57
1.57
1.57
1.57
1.57
1.57
1.57
1.57
1.57
1.57
1.57
1.57
1.57
1.57
1.57
1.57
1.57
1.57
1.57
1.57
1.57
1.57
1.57
1.57
1.57
1.57
1.57
1.57
1.57
1.57
1.57
1.57
1.57
1.57
1.57
1.57
1.57
1.57
1.57
1.57
1.57
1.57
1.57
1.57
1.57
1.57
1.57
1.57
1.57
1.57
1.57
1.57
1.57
1.57
1.57
1.57
1.57
1.57
1.57
1.57
1.57
1.57
1.57
1.57
1.57
1.57
1.57
1.57
1.57
1.57
1.57
1.57
1.57
1.57
1.57
1.57
1.57
1.57
1.57
1.57
1.57
1.57
1.57
1.57
1.57
1.57
1.57
1.57
1.57
1.57
1.57
1.57
1.57
1.57
1.57
1.57
1.57
1.57
1.57
1.57
1.57
1.57
1.57
1.57
1.57
1.57
1.57
1.57
1.57
1.57
