-6.72055e-06
-3.68759e-06
-1.81896e-05
-1.33391e-05
-1.01087e-05
-3.942e-06
-1.11216e-05
-4.25049e-06
-2.3619e-05
-1.49399e-05
-1.08001e-05
-1.12072e-05
-2.20126e-05
-8.6187e-06
-1.02982e-05
-4.69987e-06
-3.30543e-06
-1.83643e-05
-6.61314e-06
-3.38133e-06
-4.64819e-06
-3.69659e-05
3.11359e-06
-2.00372e-05
-5.43705e-06
-3.27755e-06
-2.3608e-06
-1.97803e-05
1.29801e-05
-2.0783e-05
1.11299e-05
-3.63932e-05
1.05331e-05
-2.94042e-05
1.11386e-05
-6.97575e-06
-4.78878e-05
-1.48606e-05
1.66519e-05
-3.76954e-05
1.50334e-05
-3.66418e-05
1.99697e-05
-2.43045e-06
-6.11e-06
-4.58933e-05
-8.09771e-06
3.00346e-05
-4.80398e-05
3.48767e-05
1.32985e-05
-5.03317e-05
3.65791e-05
-5.3951e-05
5.81629e-05
-6.80289e-07
-6.64396e-05
4.04846e-05
-6.04938e-06
2.40389e-05
-8.04172e-05
-2.69287e-05
-2.37166e-05
4.23785e-05
3.99936e-05
-2.06069e-05
-4.92792e-05
-8.24113e-05
0.000114452
-8.36344e-05
-4.36816e-05
5.37234e-05
-0.000118904
4.16594e-05
2.09787e-05
-0.000135898
-5.70471e-05
5.41061e-05
-3.3164e-05
-4.75333e-05
-4.7529e-05
6.50783e-05
-0.000151052
7.75715e-05
9.24769e-05
-3.42945e-05
-4.25715e-05
-8.08271e-06
-5.06732e-05
0.000116651
-0.000181437
6.13268e-05
-0.000197366
0.000224441
-4.53158e-05
-7.76169e-05
-0.00913262
-0.00160076
-0.000633647
-0.000313527
-0.000691762
-0.00047703
0.000814345
0.000154727
0.000601162
0.00059723
0.00111412
0.000808453
0.000810814
0.000853422
0.000606271
0.00174399
0.000467655
0.000636703
0.00062319
0.000918263
0.00128118
0.00066025
0.000659301
-0.000104638
0.00179615
0.000513417
0.000567831
8.50235e-05
-0.000242205
0.000198234
0.000123736
-0.000510867
-0.00108031
-0.000279837
0.00108039
-0.000526752
-0.000693161
-0.000719305
-0.00124813
0.0014255
-0.000518145
-0.000751919
-0.000668548
0.000568354
-0.000391718
-0.000478078
-0.000146131
-0.000607919
-0.000665801
0.000271224
-0.000211927
-0.000369209
-0.000555476
0.000390863
-0.000453505
-0.000546901
7.02102e-05
-0.000471883
0.00111355
-0.000886126
9.80214e-05
-0.000360171
0.001713
-0.000165418
-0.0010399
-0.000482887
0.00207252
0.000308855
0.000123283
-0.000384374
-0.000414217
-0.00124091
0.00203123
-0.00100207
-0.000688025
0.000137071
0.00164012
-0.00108019
3.47196e-05
-0.000491898
-0.0006561
0.00215017
-0.00107322
6.92079e-05
-0.000556907
0.00177966
0.000736536
-0.000690095
-0.00169441
-0.00113316
-0.000361547
0.000608631
-0.000142947
-0.00107669
-0.00192599
0.00223601
-0.00156805
-0.000281075
-0.00180468
-0.00123027
0.00306751
-0.00100508
-0.000557944
-0.00174754
-0.00110369
0.00337868
-0.00139612
-0.000973838
3.86596e-05
0.00194453
0.000484209
-0.000609359
-0.00175578
0.000102705
0.00324177
-0.000270943
-0.000863338
0.00033377
-0.000585904
-0.000915118
0.00132556
-0.000721227
0.000102321
-0.00171181
0.00329754
-0.00156165
2.43808e-05
-0.00192087
-0.00121101
0.00324926
0.000282731
-0.00236611
-0.000370638
0.00130236
0.00100866
-0.000211302
-0.002489
-0.00163648
-0.00163345
0.00348047
-0.00105319
-0.00267925
-0.00147103
0.00363555
-0.0021407
-0.000198322
-0.00124091
-0.00135197
0.00388065
-0.00198578
-8.98384e-05
-0.000972744
0.00307815
0.000225005
-0.00103185
-0.00112151
0.000135919
0.00085554
-0.0011019
0.000121265
-0.00114135
-0.00222733
0.00536466
-0.00199765
6.46321e-05
-0.000978682
0.00367257
-0.000934572
-1.92484e-05
0.000410565
-0.00122738
-0.00304924
0.00506858
-0.000759146
-0.00149814
-0.00141064
-0.00160069
0.00519104
-0.000841239
-0.00250413
-0.000529752
0.00247496
0.00195983
0.000272753
-0.0030185
-0.00166739
-0.000311532
0.00239976
0.000347529
-0.00165595
-0.00179933
0.00426804
-0.00108622
-0.00179462
-0.00188068
0.0043094
-0.00119318
-0.00373309
-0.000363249
-0.00175005
0.00405908
-0.00124033
-3.39646e-05
-0.00344015
0.00655077
0.000864591
-0.00179266
0.000132885
-0.00363693
-0.00222506
0.00674227
-0.00245095
-0.000995423
-0.00195
0.00504466
-0.00123909
-0.00202187
-0.00422962
-0.000453758
0.00493202
-0.00147057
0.000100523
-0.00168795
0.00333443
0.00267908
9.12133e-06
-0.00445202
-0.000777443
-0.00505517
0.00433759
-1.05021e-05
-0.00515631
-0.00320501
0.00492041
-0.00215072
-0.000710292
-0.00238255
0.00300072
0.000341843
-0.00233201
-0.0049599
-0.000571644
0.00785697
-0.00310335
-0.00360508
7.0278e-05
-0.0021041
0.00578787
0.000923807
-0.00434046
-0.00224484
0.00906419
0.00150964
-0.00156684
-0.00171679
-0.00208541
-0.00242659
0.00687771
-0.00173053
8.13696e-05
-0.00218799
0.00427461
-0.0019886
-0.000105936
-0.00334597
0.00489227
0.000683224
-0.0025954
-0.00565894
-0.003462
0.0123413
-0.0012772
-0.00270429
-0.0054293
0.00985227
0.00410409
-0.0051444
-8.79107e-05
-0.00274626
-0.00318042
0.00729823
-0.00460308
-0.00449103
-0.000501633
0.00468448
0.000375559
-0.00293817
-0.00337427
-0.00665427
0.0100703
0.00115513
-0.00307255
-0.00334925
0.00814292
-0.00183332
0.00300354
-0.00565471
-0.00030127
-0.00661027
0.0112166
-0.00532375
-0.00405086
-0.000137774
0.00890357
-0.00566559
-0.00497977
-0.00133285
-0.00510133
0.00662115
-0.00050381
-0.00479257
-0.00886011
0.0105841
-0.00383953
0.00145056
-0.00451376
-0.00497142
-0.00537959
0.00362067
-0.00454646
-0.00526407
-0.00532169
0.00760091
0.00106345
-0.00362319
-0.00746442
1.94567e-05
0.00969973
-0.00163181
0.0012592
-0.00193715
0.00720161
0.00278886
0.00468843
-0.00564313
-0.00331718
-0.0033551
0.0152418
-0.00136314
-0.00341951
-0.00724488
-0.000290328
0.015534
-0.00175706
-0.00385414
-0.00772724
-0.000637022
0.0105776
0.00439298
-0.0044471
-0.00976317
-0.00195833
0.00986498
-0.00475907
-0.00682905
-0.0110684
-0.00316058
0.00938948
-0.00936213
-0.00340374
-0.00943054
0.0140986
0.000814798
-0.004973
-0.00530917
-0.00559856
0.0103416
0.000553697
-0.00501681
-0.0056847
-0.0105017
0.014477
0.00543761
-0.00436654
-0.00485062
-0.0101134
0.0157444
-0.00805005
-0.00132655
-0.00525056
0.00725983
-0.00411865
-0.000612239
-0.00495211
-0.00549352
0.0122406
0.00168673
-0.00936494
-0.000636098
-0.00970641
0.0224951
-0.00168608
-0.00885955
-0.0062961
0.0243376
-0.0057015
0.00394472
-0.00329383
-0.0044762
-0.00571928
0.0143536
-0.00373965
-0.0113052
-0.00660249
0.0137559
0.00124056
-0.0108797
-0.00140828
-0.0103378
0.0206539
-0.00133639
0.0018897
-0.0080648
0.0233879
0.00531756
0.00298523
-0.00856464
-0.00498025
-0.00542081
0.0173131
0.00246508
-0.0107456
-0.000696988
0.0184495
-0.00365493
-0.0120811
-0.00123884
-0.0127079
0.0276482
-0.00916346
-0.00760173
-0.000525696
-0.00683209
0.0225946
0.0022703
-0.00610429
-0.0129104
-0.00157666
0.0167708
-0.0119566
-0.00890715
-0.00737218
0.022089
-0.0113766
-0.00237765
-0.00831824
-0.00688095
0.0160899
-0.00570853
-0.0139997
-0.00141014
0.0186289
0.00230183
-0.00562617
-0.0128418
0.0313778
-0.00244457
-6.52125e-05
-0.00552547
-0.0133075
-0.00252309
0.0183554
-0.0126632
-0.00227573
-0.00742951
-0.0148579
0.0298747
-0.0109831
-0.0021761
-0.00657309
0.0190056
-0.00492089
-0.00790082
-0.000993639
-0.0150466
0.0250067
0.00247473
-0.00734276
-0.000320833
-0.00756
0.0044904
-0.000264466
-0.00838143
-0.0166638
-0.00310831
0.0198684
0.0012526
-0.00818636
-0.0153329
0.0278243
0.00306441
-0.0074658
-0.00771274
-0.00107
-0.0158812
0.0268985
-0.00531196
-0.0112289
-0.00700587
-0.0174862
0.0269687
-0.00551263
-0.00120536
-0.0153957
0.0286858
-0.00445187
0.00516737
-0.00500422
-0.0169802
-0.0109623
0.0295313
-0.00574375
-0.00962776
-0.0174874
0.0290455
-0.0140495
-0.0027105
-0.00944199
-0.0190111
0.0372847
-0.00453362
-0.0179145
-0.00133049
0.0323963
-0.00455523
-0.00110689
-0.0166059
-0.00167174
-0.0191861
0.0205921
-0.00781871
-0.00226423
-0.0181767
0.0284039
-0.0033676
-0.0099549
-0.0104832
-0.0100481
0.0229475
0.00214574
-0.0180279
-0.0109508
0.0426515
-0.0124216
-0.00214671
-0.00030366
-0.0189689
-0.00300708
0.0157985
-0.00880928
-0.0103758
-0.0117862
0.0247211
-0.00605621
-0.0114436
-0.0103562
-0.00171553
0.0360319
-0.00494272
-0.0189907
-0.00135698
0.0374595
-0.00550198
-0.0101856
-0.0102998
-0.000895725
0.00665903
-0.000988169
-0.0114638
-0.0226464
-0.0147649
0.0451886
-0.00645234
-0.0113098
-0.0205148
-0.00333099
0.0374104
-0.016868
-0.0127326
-0.00133138
0.0295254
-0.00796772
0.00860605
-0.0195072
-0.0142014
-0.00362643
0.027182
-0.0196251
-0.0145994
-0.00312541
0.0175856
-0.00139637
-0.0140128
-0.0160074
0.0231085
-0.0130536
-0.028342
-0.0193642
-0.0181617
0.0324863
-0.0111514
-0.00509473
-0.023978
-0.0161299
0.0467086
-0.0183324
-0.0045177
-0.0218934
0.0265943
0.00193967
0.00566272
-0.00511413
-0.0116672
-0.0244077
0.0273592
-0.00832019
-0.00260168
-0.0123083
0.0307316
-0.0186444
-0.00200108
-0.0106027
-0.0247092
0.0520979
-0.015783
-0.000369478
-0.0196566
0.0445635
-0.00365837
0.00129048
0.00278518
-0.00810911
-0.0221837
0.0318968
0.00393203
-0.0114323
-0.0241578
0.0449064
-0.0188701
-0.00303017
-0.0117086
-0.0268836
0.0439728
0.00484484
-0.0235584
-0.0131812
0.0609192
-0.00350731
0.000842426
-0.00967749
-0.0259616
-0.00478882
0.022635
0.000358429
-0.0141159
-0.0277431
0.0461273
-0.00897261
-0.0282033
-0.0166249
-0.00453346
0.0482758
-0.00845776
-0.0142868
-0.0148195
0.03569
-0.0100028
-0.00281695
-0.0137882
-0.00491551
-0.0293204
0.0452474
-0.0158859
-0.0247555
-0.00552025
0.0346806
-0.0262483
-0.0200645
-0.00587665
-0.0300179
0.0429232
0.000700789
-0.0294754
-0.00499613
0.0496894
-0.0232662
0.00856455
-0.0136257
-0.0179763
-0.0187557
0.0201134
-0.0147475
-0.00575202
-0.0171633
0.0357298
-0.0247301
-0.00479876
-0.0152591
0.0232483
0.00207079
-0.0143547
-0.0287775
-0.00416643
0.0390909
-0.00965925
-0.00180094
-0.0129033
0.0550936
-0.00572361
-0.0135735
0.000323266
-0.0144409
-0.0316853
0.0509348
-0.00964762
-0.0313199
-0.00399457
0.0268629
-0.0131686
-0.00291443
-0.0293535
-0.00549967
0.0559083
-0.0230918
-0.00420629
-0.0134766
0.0266855
0.0325665
-0.0108545
-0.0298897
-0.0187961
-0.00530097
0.0259625
0.000216922
-0.0321216
-0.020518
0.0559686
-0.00962733
-0.0335362
-0.00571128
-0.0194099
0.054117
-0.011837
-0.0200682
-0.0337614
0.0522808
0.0179156
-0.031154
-0.0210632
-0.00701194
-0.0375411
0.0491459
-0.0146123
-0.0221737
-0.0360141
-0.0247039
0.0359235
-0.0158037
-0.00518023
-0.0318991
0.0707752
-0.00714574
-0.0317262
-0.00391047
-0.0156656
0.0546192
-0.0270226
-0.00636333
-0.0179255
0.040135
0.0169077
-0.0165143
-0.0194786
-0.0368957
-0.00866813
0.0397202
-0.0166795
-0.0370186
-0.0073199
0.0425388
-0.0142908
-0.0353267
-0.00680818
-0.0182043
0.0243969
0.00118042
-0.0176225
-0.0330148
0.0590942
0.00736002
-0.0141937
-0.016417
-0.0152404
0.0617616
-0.0081074
-0.0161805
-0.015844
0.063352
-0.0243119
0.012916
-0.0305711
-0.0202113
-0.0223269
0.0424864
0.00073001
-0.0348635
-0.0217241
-0.0207966
0.0599958
0.00480619
-0.0329027
-0.0212437
-0.0024179
0.0651197
0.00544286
-0.0173843
-0.0355069
-0.0247198
0.0243045
-0.0201061
-0.00835969
-0.0230749
0.0615508
-0.0287346
-0.00739883
-0.0362943
-0.0255791
0.077215
-0.0271275
-0.0159627
-0.010065
0.0331426
0.0354907
-0.0139281
-0.0350806
-0.00492885
-0.0385808
0.042703
1.74149e-05
-0.0370353
-0.0084653
0.0480981
-0.0304873
-0.0224862
-0.0209558
-0.0222389
0.0795992
-0.0094655
-0.0351085
-0.0188588
0.0719606
0.00184201
-0.00118341
-0.0156973
-0.0377529
-0.00640782
0.0469563
-0.0328818
-0.0078726
-0.0371362
0.0430642
0.00183341
-0.0371063
-0.0232204
0.0466653
-0.0142751
-0.0211002
-0.020763
-0.00363801
0.0503721
0.00455115
-0.0165614
-0.0180457
-0.037285
0.0705331
0.0184988
-0.0166836
-0.0354725
-0.00700964
0.0484902
-0.0332493
-0.00853338
-0.0389138
0.0440131
-0.0167123
-0.00715409
-0.0224794
-0.0410085
0.0789132
-0.0110725
-0.0383757
-0.0220639
0.0650006
-0.0122445
-0.00431713
-0.00203082
-0.0392054
-0.0281493
0.0604473
-0.0339102
-0.0103222
-0.0222107
0.0274851
-0.00606398
-0.0289273
-0.0489627
-0.0196053
0.0545232
-0.0243314
-0.0488625
-0.0329123
0.0694529
-0.0196302
-0.0307241
-0.0445714
-0.0313203
0.053488
-0.00347428
-0.0242543
-0.00635697
-0.0395982
-0.0276991
0.056506
-0.0330736
-0.00846368
-0.0371165
-0.0259568
0.0758135
-0.0102429
-0.0359468
-0.00478849
0.048812
0.0052134
-0.0156546
-3.20999e-06
-0.0169239
-0.0205461
0.0290462
0.000644422
-0.0374977
-0.0227319
0.0631939
-0.028886
-0.02396
-0.0199251
-0.00361022
0.049217
0.00384276
-0.0339048
-0.0189817
0.0499763
0.0223162
-0.0140621
-0.0178438
-0.00279232
-0.0371774
0.0448699
-0.0142966
-0.00539362
-0.0192032
0.0316974
0.00108172
-0.0195991
-0.0381584
-0.0264803
0.065334
-0.00881162
-0.00728943
-0.0343016
0.0666901
0.00727341
-0.0168772
-0.00193773
-0.0363205
-0.00894901
0.0489647
-0.0324993
-0.00761041
-0.021112
0.0305656
0.000192819
-0.0199482
-0.0212017
-0.0393466
0.0635361
-0.0122341
-0.004022
-0.0335989
-0.00476724
0.0692723
-0.009992
-0.0351587
-0.0204248
0.0846566
-0.00898107
-0.0182885
-0.00220207
-0.0371181
-0.0273146
0.0628254
-0.0315321
-0.00879184
-0.0220912
0.0489633
-0.0316389
-0.0081209
-0.0369025
-0.026515
0.0634591
-0.0132043
-0.0226974
-0.00304935
-0.0179012
0.0665905
-0.010147
-0.019157
-0.0196844
0.0512712
0.00524395
-0.00243652
-0.0348977
-0.0249221
-0.00912922
0.0294426
-0.018801
-0.00716674
-0.0207674
0.0306764
-0.000360634
-0.0362926
-0.00732531
0.0483567
-0.0306513
-0.0231714
-0.00517186
-0.0358344
0.0768713
-0.0269392
-0.0206279
-0.00264281
0.0494426
-0.0112737
0.0136005
-0.0152639
-0.0366917
-0.00833194
0.0304968
-0.0174441
-0.00737924
-0.0204156
-0.038156
0.076127
-0.0256884
-0.00573328
-0.0321117
0.0630032
0.00653881
-4.71715e-05
-0.0325213
-0.00546201
-0.0329326
0.0637618
-0.0217984
-0.0175242
0.00287337
0.040798
0.00782833
-0.0114709
-0.0281512
-0.0168334
0.0683815
-0.00777697
0.00125885
-0.025088
0.0648974
0.011013
-0.0124535
-0.0159435
-0.0193534
-0.0222185
0.0453637
-0.0148527
-0.00684462
-0.0195246
-0.0383123
0.0576243
0.00297032
-0.0350104
-0.00719641
0.0479185
0.00184804
-0.00271251
-0.0336635
-0.0230374
-0.020882
0.0437112
0.00289501
-0.0171197
-0.0305782
0.0456872
0.0056573
-0.0146688
-0.0301773
-0.0190304
0.0763087
-0.0214571
-0.0176552
-0.0152922
0.0607709
-0.00723929
-0.000707536
-0.000622362
-0.017219
-0.02057
0.0274193
-0.0012254
-0.0199568
-0.021198
-0.0386035
0.0686643
-0.0118216
-0.0215132
-0.0333273
0.0535292
0.0025261
-0.00333903
-0.0169789
-0.034769
-0.0243678
0.0358655
-0.00226627
-0.0352035
-0.0203432
0.0517607
-0.0262066
-0.0207386
-0.00445987
0.0410867
-0.0122601
-0.0176457
-0.0313187
-0.0075837
0.0530412
-0.0244348
-0.0201982
-0.00415618
0.040139
0.00285334
-0.00866004
-0.0245633
-0.0294922
-0.0458428
0.0327736
-0.0256629
-0.0461085
-0.020971
-0.0433293
0.0455981
-0.0213054
-0.0275203
-0.0259957
0.0127993
0.0189773
-0.0174922
-0.0203098
-0.0183215
-0.0324012
0.0393978
-0.0109607
-0.0175463
-0.0142654
0.0197264
0.002675
-0.0242937
-0.000867907
0.0239801
-0.00795947
-0.010808
0.00219886
-0.0239798
0.0616518
-0.0156174
0.00296836
-0.0191828
0.00042795
0.039383
0.0198267
-0.00654594
-0.0214863
0.00112789
0.0403727
-0.019707
-0.0141603
-0.0132506
-0.0154118
0.0455904
-0.00604433
-0.0134091
-0.00186094
0.0378044
0.00431119
0.000234984
-0.0122231
-0.0275246
-0.0190071
0.0301307
-0.0249686
-0.0191817
-0.0171912
0.0431437
0.00205787
-0.0253695
-0.00515887
-0.0260983
0.0541257
-0.0189527
-0.0161205
-0.014101
-0.0177725
0.0438516
0.00289518
-0.0134577
-0.0256414
0.0534666
-0.0199606
-0.00291547
-0.00126453
-0.0257229
-0.0180101
0.0285517
-0.00066511
-0.0152576
-0.0258703
-0.0164595
0.0395258
-0.00898292
-0.00302669
-0.011451
0.0181507
0.00267584
-0.00107735
-0.0115357
-0.0137593
-0.00403013
0.019166
0.000232479
-0.0121579
-0.0236616
0.0279226
-0.00920904
-0.00346227
-0.0221864
-0.00454946
0.0302464
0.00193043
-0.0210389
-0.012836
-0.0019751
0.0409433
-0.0165517
-0.0025544
-0.0101539
-0.011531
0.0287197
0.00219894
-0.0110876
-0.00191026
-0.0117686
0.0177165
-0.000596584
-0.0130183
-0.0143334
0.0256726
-0.00993517
-0.0244673
-0.00679662
-0.0148109
0.0141989
-0.0116556
-0.00486416
-0.0218982
0.0336901
-0.00740934
-0.00261566
-0.019356
0.0351474
0.00342691
-0.000694367
-0.0186818
-0.0136752
-0.00278077
0.0156471
-0.000810656
-0.0111111
-0.011838
-0.0125833
0.0242811
0.000922254
-0.0194384
-0.00366256
0.0265011
0.000462536
0.000280526
-0.00866455
-0.010907
-0.0205573
0.0312741
-0.00710167
-0.0114569
-0.0117557
-0.0109727
0.0234363
-0.00731581
-0.0027299
-0.0172958
0.031707
0.00312893
-0.00843895
-0.000793768
-0.0092693
-0.0111481
0.0221959
-0.00759794
-0.0117505
-0.0196728
0.019935
-0.00874054
-0.00440317
-0.0104195
-0.0115091
0.0290557
-0.0144129
-0.00412359
-0.00990534
-0.0111152
0.0210062
-0.00854614
-0.00879818
-0.00952762
0.0365509
-0.0133628
0.00683945
-0.0140698
-0.00197927
-0.00958496
0.0127563
-0.0153078
-0.0113464
-0.0104028
0.026982
-0.00700646
-0.000322163
-0.00718171
-0.0162265
0.0268464
0.00226227
-0.0163249
-0.000509817
0.0145087
0.0006845
0.00665237
-0.0134391
-0.00961022
-0.00266942
0.0125471
-0.000291244
-0.0150862
-0.00970216
0.0257384
-0.00522656
-0.00227335
-0.00722865
-0.00812593
0.0182663
-0.00719735
-0.000738025
-0.00757261
-0.0100458
-0.00839538
0.0236648
-0.00541856
-0.0149963
-0.00917962
0.0231107
-0.00551573
-0.00857393
-0.0144433
-0.00999502
0.0222215
0.00064679
-0.00745714
-0.00752777
0.0107144
0.00619442
-0.00051859
-0.00687658
-0.00767376
-0.0146509
0.0205011
-0.011341
-0.00334428
-0.0138098
0.0144561
0.000316977
-0.0127604
-0.00789441
-0.0018547
0.0159184
-0.0044288
-0.000810332
-0.00543588
0.0160232
0.0019782
-0.00539466
-0.00620954
-0.00143276
-0.00681848
0.0146699
-0.00996747
-0.00773136
-0.00165334
-0.00687249
0.01859
-0.00517884
-0.0133874
-0.00377731
0.0175898
-0.00568759
-0.00852898
-0.00336941
-0.00858041
-0.0145112
0.0145664
-0.00650016
-0.0137448
-0.00888047
0.0151999
-0.0103668
-0.00813435
-0.00232625
-0.011672
0.0194155
-0.00809459
-0.00656831
-0.00158788
0.0120378
0.00105923
-0.000443897
-0.00886321
-0.000956279
-0.0094583
0.0107623
-0.00476838
0.000158424
-0.00861105
0.0114105
-0.00289843
-0.000418807
-0.00389846
-0.00902433
0.0197633
-0.00600286
-0.00499
-0.004091
0.015874
0.00183455
0.000193246
-0.00378529
-0.00471447
-0.00935914
0.00990542
-0.00494738
-0.00454067
-0.0011028
-0.0088839
0.017607
-0.00239861
-0.00443657
-0.00787279
0.0139139
0.00134514
-0.00396451
-0.000349527
-0.00413943
-0.00497202
0.00970793
-0.00320707
-0.008406
-0.00153482
-0.00831264
0.0121079
-0.00275046
-0.00543591
-0.00325926
0.00943214
0.00420961
9.43855e-05
-0.00664692
-0.0044182
-0.00454926
0.00837401
-0.00307166
-0.00429669
-0.0011126
0.00587454
-0.00332668
-0.000863911
-0.00680666
0.0110216
-0.00229852
-0.00710505
-0.00422047
-0.000905947
0.0118599
-0.00374952
-0.00220108
0.00137665
0.0101303
-0.000445376
0.00431328
-0.00380686
0.00053525
-0.00205778
0.00885359
-0.00493865
-0.00218887
0.000253023
-0.00253944
0.00855909
-0.0013188
-0.00254802
0.000185698
0.00883189
0.00090594
0.000258553
-0.00507167
-0.000484154
-0.00598608
0.00626607
-0.00265387
-0.00376623
-0.00364669
0.00620672
-9.07678e-05
-0.0057323
-0.00124915
-0.0034065
0.00563099
-5.23272e-05
-0.00546099
-0.00351811
-0.0011502
0.00779678
-0.00211751
-0.00547038
-0.000912706
0.00273121
0.00240309
-0.00261471
-0.000762263
-0.00270576
-0.00318349
0.00238768
-0.000376157
-0.00493342
-0.00320058
0.00434933
-0.00222806
-0.00356284
-0.000175205
-0.00465088
0.00754684
-0.00342613
-0.00273481
-0.000378302
0.00224443
-0.000801147
0.000830624
-0.00462585
-0.00166443
-0.0057354
0.00198663
-0.00228838
-0.0028757
-0.00327936
-0.00259462
0.00553262
-0.00149006
-0.00211313
-0.00365113
0.00460697
2.6597e-05
-0.00216662
1.7041e-05
-0.00144715
-0.00344241
0.00435588
-0.000973052
-0.00153088
-0.00137216
0.00145417
0.000477857
-0.00272318
-0.00146086
0.000194678
0.00257905
-0.000751098
0.000464888
-0.00276137
0.00468894
-0.000800962
-5.66581e-05
0.000660905
-0.000856477
-0.00250246
0.00392261
-0.000562643
-0.0011195
-0.00240679
0.00229244
-0.000786358
0.00015248
-0.00224045
-3.10411e-07
0.00326628
-0.000586923
-0.0022249
-0.00110358
0.00208528
-0.000348706
0.00137133
-0.00147973
-0.00146239
9.64006e-05
2.9269e-05
-0.00132787
0.000425682
-0.000845135
0.00239108
-0.000496466
-0.0019615
0.000124356
-0.000748445
0.000695234
-0.000391108
-0.000833658
-0.000848753
0.00242839
-0.000929787
0.000735527
-0.00152894
0.00017193
-0.00169884
0.000984517
0.000332438
-0.000683381
-0.00167786
0.00187347
-0.00135765
-0.000864702
0.000125057
-0.00158526
0.00161327
-0.000414761
-0.00154414
0.000155542
0.000359564
-0.000510962
0.000296492
-0.000457967
0.000715897
0.000235824
-0.00119665
0.000264713
-0.000370305
-0.00144999
0.0013401
-0.00100761
0.000213015
-0.000290128
-0.000254234
0.000367158
-0.000583703
-0.000750546
0.000398744
-0.000216217
-0.000274099
-0.000235292
0.000456912
0.00062261
-0.000743549
-0.000212792
-0.000155638
0.000318551
0.000660127
7.28008e-05
-0.000713607
0.000451488
-0.0006893
0.000754285
-5.01453e-05
-0.000736237
0.000404651
-0.000655177
9.29369e-05
0.000453241
-0.00067537
-0.000224411
0.000523631
-0.000610664
0.000314021
-6.65634e-05
-0.000672163
0.000316304
-0.000610013
0.000312676
-0.000582659
-0.000192933
0.000275485
-0.000565061
-0.000208507
0.000438657
-1.73756e-05
-0.000785828
0.000332887
-0.000441915
-9.02179e-05
0.000144909
-0.000614356
0.000399339
9.1295e-05
5.36884e-05
8.89395e-05
-0.000321414
3.17381e-05
8.28671e-05
8.26303e-05
-0.000395391
-0.000360461
4.68491e-05
0.000482597
-0.000241841
-0.000553879
7.44479e-05
0.000136918
0.000145598
-0.000561587
0.000446214
6.05637e-05
0.000168578
0.000224229
-0.00013001
-0.000111121
-0.000171751
0.000505629
-3.84962e-05
-0.000559817
0.000462625
0.000234462
-0.000129077
0.000516736
-0.000943144
0.000387189
0.000235912
-0.000127769
0.000142481
-0.00039948
-0.000167784
0.000474334
-5.82108e-05
-0.000311824
-1.89108e-05
-1.94499e-07
3.32922e-07
0.000402952
-1.20069e-05
-0.000577488
0.000167288
0.000244217
0.000520538
1.71063e-05
-0.000472719
0.000157098
0.000255971
-2.64195e-06
-0.000511892
0.000121541
-0.000215678
0.000448705
5.89273e-05
0.000268949
-0.000328566
0.000229531
5.4581e-05
0.000494249
-0.000773737
0.000162402
0.00027737
0.000489909
-0.000774805
0.00038966
0.000356471
9.50019e-06
0.000270149
-0.000787985
0.000148698
0.000258958
0.000252314
0.000242317
-0.000656379
-0.000107325
0.000142838
0.000345571
-0.000711644
-0.000573051
0.000264362
0.000160104
0.000169788
-1.82917e-05
-0.000530279
-4.53206e-05
0.000369021
0.000239948
-0.000660252
0.000153071
7.38452e-05
0.000437953
-0.000649013
0.000168154
0.000277172
0.000241456
0.000162761
-0.000661852
0.000183911
0.000275963
0.000250321
-0.000707954
0.000118523
6.42669e-05
0.00029121
0.000285187
0.000315595
-0.000631241
0.000221032
0.000316558
0.000453563
0.000220234
-0.000570385
0.000219946
0.000297273
0.000150126
-0.000721162
-3.79202e-05
0.000350896
0.000259029
0.00016808
0.000296822
-0.00035116
0.000115007
0.000394774
0.000173509
-0.000473139
0.000296054
0.000280866
0.000275428
0.000267411
-0.00063073
7.51812e-05
0.000312182
0.000161012
-0.000470746
-5.85566e-06
0.000115455
0.000230224
0.000252705
0.00021733
-0.000358284
0.000203612
0.000214665
0.000303471
-0.000456329
0.000185917
0.000257996
0.000300078
0.000261555
-0.000564509
0.000169949
0.000255187
0.000231371
-0.000591838
0.000152373
8.64691e-05
0.000214048
0.000262299
0.00015244
-0.00038886
0.000188663
0.000249724
0.000243774
-0.000394476
0.000170487
0.000231623
0.000220932
-0.000423692
0.000149789
0.00021163
0.000201431
0.000207321
-0.000589728
0.000106412
0.000182574
0.000173302
0.000196423
-0.000607545
9.74258e-05
0.000177062
0.000169561
-0.000463832
-5.83916e-05
-3.32938e-06
0.000155809
0.000192758
0.000212416
-0.000430098
0.000143134
0.000208661
0.000202581
-0.000437102
0.000136351
0.000204167
0.000200732
-0.000435246
0.00013764
0.000208264
0.000201244
0.00022189
-0.000579127
0.000119532
0.000197123
0.000202312
-0.000452203
-2.53424e-05
2.17585e-05
0.00017862
0.000211156
0.000231303
-0.000402547
0.000162385
0.0002239
0.000216825
0.000232217
-0.000548004
0.000128805
0.000200244
0.000190641
-0.00041048
-2.61375e-05
2.29026e-05
0.000167495
0.000202174
0.000216846
-0.000382989
0.000150012
0.00021126
0.000205938
-0.000384814
0.000141293
0.000203859
0.000196215
0.000212932
-0.000527436
0.000114308
0.000183402
0.000172643
-0.000397801
-3.23532e-05
1.3212e-05
0.000152246
0.00017138
0.000189805
-0.000368902
0.000140326
0.000199639
0.000193973
0.000210952
-0.000503463
0.000116375
0.000181454
0.000171192
-0.000391895
-1.67466e-05
2.31858e-05
0.000162427
0.00018462
0.000200196
-0.000347005
0.000137786
0.000189909
0.000194222
-0.000361124
0.000127795
0.000182621
0.0001769
-0.000350216
0.000122248
0.000176021
0.000169557
0.000183143
-0.000476415
9.83279e-05
0.000159008
0.000163109
-0.000370873
-0.000154014
0.00012432
0.000148641
0.000165725
0.000169796
-0.000321273
0.000126675
0.000182237
0.000170386
0.000185662
-0.000444009
9.87592e-05
0.000155315
0.00014646
0.000163977
-0.00045164
8.85319e-05
0.000147676
0.000140821
-0.000326312
-1.75566e-05
1.72739e-05
0.00013202
0.000158708
0.000174115
-0.000291421
0.000126838
0.000176289
0.000171706
0.00018748
-0.000275155
0.000131211
0.000177689
0.000160428
-0.000394049
9.8047e-05
0.000150769
0.000145415
-0.000280025
-2.5446e-06
3.01645e-05
0.000128763
0.000143126
0.000156146
-0.000240363
0.000137246
0.000179773
0.000179004
-0.000231789
0.000134944
0.000173427
0.000176938
0.000173497
-0.000329825
0.000105854
0.00014656
0.00013917
0.000150783
-0.000336883
8.3553e-05
0.000127551
0.000121616
-0.000250782
-0.000103771
9.74566e-05
0.000112327
0.000115611
0.000137371
-0.000233281
9.17545e-05
0.000124125
0.000116374
-0.00024809
7.46043e-05
0.00011438
0.000107255
-0.000248961
7.19025e-05
0.000109566
0.000112822
0.000119732
-0.000330201
6.01168e-05
0.000101623
9.44319e-05
-0.000339088
-3.72244e-05
8.25539e-05
9.14172e-05
0.000110016
0.00012291
-0.000222619
8.0932e-05
0.000116234
0.000112125
-0.000220473
7.70542e-05
0.000115277
0.000118352
0.000121426
-0.000291056
6.75365e-05
0.00010477
0.000102119
-0.000288991
-1.37824e-05
9.44831e-05
0.000100882
0.000115264
0.000126939
-0.000100148
0.000103831
0.000130336
0.000129111
-0.000256943
7.07103e-05
0.000106273
0.000100512
0.000110091
-0.000254962
6.23279e-05
9.49133e-05
9.77788e-05
9.22172e-05
-0.000257131
-1.61507e-05
7.96816e-05
8.95649e-05
9.34659e-05
-0.000181148
6.5295e-05
9.51597e-05
9.16156e-05
9.44869e-05
-0.000244771
5.37071e-05
8.53635e-05
7.94577e-05
-0.00018252
-1.31239e-05
9.45016e-06
7.67219e-05
7.76537e-05
7.81032e-05
-0.000185861
4.45783e-05
6.19002e-05
5.92687e-05
6.89501e-05
-0.000256899
2.61452e-05
6.16639e-05
5.30487e-05
5.57632e-05
-0.000260948
2.37888e-05
5.58102e-05
5.55074e-05
-0.000257085
3.22661e-05
4.53035e-06
6.13813e-05
8.44886e-05
9.36101e-05
-0.000157835
6.63674e-05
9.3612e-05
9.02716e-05
-0.00015057
6.93302e-05
9.33776e-05
9.05487e-05
9.65632e-05
-0.000202429
5.87022e-05
8.63932e-05
8.88647e-05
-0.000200541
5.31728e-05
4.09883e-05
9.28074e-05
0.000109044
0.000114946
-0.000104839
9.09888e-05
0.000106485
0.00010014
0.000102113
-0.000166279
5.99823e-05
8.31264e-05
7.58806e-05
-0.000123581
-4.61227e-05
6.09894e-05
6.84545e-05
7.00365e-05
7.71951e-05
-0.000117535
5.44987e-05
7.1398e-05
7.04091e-05
-0.000118853
5.00985e-05
6.97587e-05
6.66693e-05
-0.000120242
4.53857e-05
6.67323e-05
6.48232e-05
6.77292e-05
-0.000165795
3.65078e-05
5.95788e-05
5.46934e-05
-0.000171278
-1.28338e-05
4.85665e-05
5.19849e-05
6.01544e-05
6.24391e-05
-0.000115949
4.27623e-05
6.01461e-05
5.6098e-05
5.83958e-05
-0.000170246
2.93434e-05
5.02142e-05
4.86648e-05
-0.000175955
2.94944e-05
6.81992e-06
4.77183e-05
5.87118e-05
6.29328e-05
-0.000117392
4.32904e-05
6.20391e-05
6.21339e-05
-0.000118694
4.3661e-05
6.4209e-05
5.48292e-05
5.91483e-05
-0.0001659
2.64687e-05
5.05195e-05
4.60782e-05
-0.000126302
-1.18006e-05
1.90218e-06
4.25331e-05
5.42942e-05
6.28623e-05
-0.000109793
5.12363e-05
7.15045e-05
7.19053e-05
-0.000103354
5.18971e-05
7.15496e-05
7.11875e-05
7.4236e-05
-0.00014096
4.3743e-05
6.18098e-05
5.61296e-05
6.03363e-05
-0.000147819
3.42257e-05
5.72531e-05
5.6705e-05
-0.000103361
2.03139e-06
1.35267e-05
5.22415e-05
6.40685e-05
6.83887e-05
-9.20715e-05
5.27453e-05
6.48216e-05
6.27505e-05
-9.79215e-05
4.42903e-05
6.26031e-05
5.97641e-05
6.17093e-05
-0.000142214
3.09219e-05
4.96061e-05
4.41242e-05
5.20421e-05
-0.000152704
2.12532e-05
4.34096e-05
4.52508e-05
-0.000121149
-1.84687e-05
-4.16085e-06
3.69778e-05
4.65655e-05
5.08547e-05
-0.000117623
3.03408e-05
4.75418e-05
4.67098e-05
-0.000118851
3.20084e-05
5.09382e-05
5.19231e-05
-0.000119136
3.8612e-05
5.758e-05
5.84562e-05
6.3893e-05
-0.000151052
3.68473e-05
5.52081e-05
5.14539e-05
5.49938e-05
-0.000158121
3.12551e-05
5.45126e-05
5.29534e-05
-0.000161949
2.63339e-05
2.5332e-06
3.69411e-05
5.27348e-05
5.92736e-05
-0.000111911
3.86833e-05
5.76867e-05
5.7682e-05
-0.000110248
4.27535e-05
6.04282e-05
5.94072e-05
6.4417e-05
-0.000149525
3.94574e-05
5.94821e-05
5.63917e-05
6.30885e-05
-0.000148184
3.70876e-05
5.9984e-05
5.93592e-05
-0.000152725
-7.28849e-06
5.22838e-05
5.37593e-05
5.8655e-05
6.40942e-05
-0.000103505
4.42168e-05
6.06577e-05
5.65177e-05
-0.000106736
4.03622e-05
5.51006e-05
5.61445e-05
5.94069e-05
-0.000152471
2.93306e-05
4.77652e-05
4.36367e-05
5.00928e-05
-0.000162019
2.05018e-05
4.17812e-05
4.1385e-05
-0.000130162
-2.83903e-05
-2.31606e-05
1.52715e-05
2.49516e-05
3.11508e-05
-0.000143891
1.28846e-05
3.10478e-05
3.01219e-05
-0.000147864
1.74779e-05
3.58218e-05
3.67463e-05
-0.000136659
2.3439e-05
4.3141e-05
4.4147e-05
5.10116e-05
-0.000174006
2.63321e-05
4.76593e-05
4.5129e-05
-0.000170671
2.25628e-05
5.89338e-06
4.52495e-05
6.14826e-05
6.74242e-05
-0.000101546
5.16844e-05
7.09274e-05
6.94523e-05
-9.78584e-05
5.27764e-05
7.0811e-05
6.83235e-05
7.08503e-05
-0.000130491
4.24549e-05
5.9407e-05
6.0619e-05
-9.06383e-05
7.40696e-06
1.62386e-05
5.33034e-05
5.82858e-05
6.54269e-05
-8.2985e-05
4.567e-05
5.86392e-05
5.98353e-05
-9.11203e-05
3.31019e-05
4.67696e-05
4.26169e-05
4.64657e-05
-0.000131856
2.5357e-05
4.06182e-05
4.17809e-05
4.47763e-05
-0.000126941
2.31125e-05
3.9506e-05
3.50756e-05
-9.86221e-05
-4.60192e-05
3.062e-05
3.80107e-05
4.2819e-05
4.90587e-05
-8.72993e-05
3.46624e-05
4.94826e-05
4.95491e-05
-8.18568e-05
3.8095e-05
4.95684e-05
4.85858e-05
5.35932e-05
-0.000110699
3.16838e-05
3.9184e-05
3.67928e-05
4.05272e-05
-0.000149898
1.37988e-05
3.21842e-05
3.21064e-05
3.89496e-05
-8.15685e-05
2.75919e-05
4.32423e-05
4.22907e-05
4.62967e-05
-0.000106665
2.49945e-05
4.14234e-05
3.79335e-05
-7.8441e-05
-3.17604e-06
5.80986e-06
3.13409e-05
3.85209e-05
4.16271e-05
-7.2593e-05
2.80481e-05
4.05928e-05
4.10319e-05
-7.02498e-05
2.92321e-05
4.16084e-05
4.17854e-05
4.2816e-05
-9.1766e-05
2.86145e-05
3.92583e-05
3.73713e-05
3.83684e-05
-9.15577e-05
2.47918e-05
3.471e-05
3.40709e-05
-7.05895e-05
-7.76801e-07
8.82709e-06
3.46119e-05
3.88731e-05
3.82086e-05
-6.19761e-05
2.36335e-05
3.26212e-05
3.35735e-05
-6.54776e-05
2.14637e-05
3.25581e-05
3.34995e-05
3.17088e-05
-9.11954e-05
1.6918e-05
2.68812e-05
2.37217e-05
2.53301e-05
-9.46203e-05
1.17066e-05
2.28309e-05
1.99559e-05
-7.3323e-05
-3.55725e-05
1.7467e-05
2.31117e-05
2.60417e-05
2.69428e-05
-6.57586e-05
1.93319e-05
2.99175e-05
2.89817e-05
-6.21325e-05
2.53602e-05
3.53544e-05
3.44852e-05
3.83472e-05
-7.15969e-05
2.30715e-05
3.30237e-05
3.01632e-05
3.10495e-05
-7.12963e-05
1.94334e-05
3.0787e-05
2.90184e-05
-7.1057e-05
1.56587e-05
7.31577e-06
2.35346e-05
3.09383e-05
3.18129e-05
-4.50746e-05
2.32589e-05
3.28373e-05
3.22939e-05
-3.83699e-05
2.55528e-05
3.33715e-05
3.03645e-05
-3.75906e-05
2.64191e-05
3.21785e-05
3.08351e-05
2.73182e-05
-5.74594e-05
8.57363e-06
1.55721e-05
1.25152e-05
1.30171e-05
-6.992e-05
-1.44528e-05
2.15628e-06
2.31342e-06
3.12948e-06
-5.9454e-05
1.26671e-06
7.64144e-06
8.37497e-06
-5.48199e-05
6.28859e-06
1.44281e-05
1.53e-05
2.03273e-05
-4.16027e-05
1.77288e-05
2.62837e-05
2.68672e-05
-5.23412e-05
1.93696e-05
2.65819e-05
2.73562e-05
2.71884e-05
-4.81226e-05
1.67466e-05
2.52789e-05
2.0854e-05
-3.45485e-05
2.80806e-06
5.58555e-06
1.98438e-05
2.06002e-05
2.32461e-05
-3.21903e-05
1.98099e-05
2.55569e-05
2.49801e-05
-2.66949e-05
1.81885e-05
2.19328e-05
2.26895e-05
-4.15166e-05
1.38263e-05
2.03866e-05
2.17512e-05
2.37091e-05
-2.60903e-05
-1.00847e-05
1.5768e-05
1.93394e-05
2.00764e-05
1.91625e-05
-2.88765e-05
1.26181e-05
1.78123e-05
1.4945e-05
-3.41813e-05
1.01527e-05
1.57535e-05
1.40712e-05
-3.4923e-05
6.44466e-06
1.16449e-05
1.23738e-05
1.25463e-05
-4.85728e-05
5.94859e-06
9.47996e-06
9.58356e-06
9.42516e-06
-5.24142e-05
1.78217e-06
8.20548e-06
5.20877e-06
-5.70959e-05
-1.47693e-05
1.47313e-06
2.50138e-06
2.94655e-06
5.67908e-06
-4.52186e-05
7.57903e-07
4.17818e-06
6.42692e-06
-4.31371e-05
1.94327e-06
1.05294e-05
1.03097e-05
1.24291e-05
-4.59895e-05
1.07831e-05
1.80596e-05
1.7555e-05
2.1464e-05
-3.90458e-05
1.94251e-05
2.61847e-05
2.72497e-05
-2.04743e-05
9.9642e-06
1.12195e-05
2.37071e-05
2.54688e-05
2.77744e-05
-1.21922e-05
2.50736e-05
2.61037e-05
2.65639e-05
2.53049e-05
-2.57637e-05
1.47774e-05
1.82883e-05
1.89394e-05
-3.4322e-05
7.97512e-06
2.06566e-07
1.09613e-05
1.10328e-05
1.08324e-05
-3.10644e-05
4.35144e-06
8.14366e-06
6.54877e-06
-3.337e-05
3.33829e-06
7.03206e-06
5.85596e-06
-4.6578e-05
1.6965e-06
6.22265e-06
7.14329e-06
8.29761e-06
-3.49784e-05
-7.28903e-06
-6.29527e-06
5.08244e-06
6.82166e-06
6.63292e-06
-3.958e-05
-2.86051e-06
4.48084e-08
-1.34369e-06
-4.66489e-05
-6.12335e-06
4.17091e-07
1.02004e-06
5.75631e-06
-4.92812e-05
2.57508e-06
1.05147e-05
1.27475e-05
-2.95545e-05
-8.86257e-07
6.36094e-06
1.61099e-05
1.78012e-05
1.75992e-05
-2.70401e-05
1.05772e-05
1.70392e-05
1.99549e-05
-2.03123e-05
1.56851e-05
1.88418e-05
1.94192e-05
-1.9606e-05
1.4469e-05
1.92546e-05
2.16009e-05
2.37431e-05
-2.21085e-05
1.80636e-05
2.10395e-05
1.93184e-05
2.0362e-05
-2.27473e-05
1.40101e-05
1.81406e-05
1.61913e-05
-1.95844e-05
2.79764e-06
4.15753e-06
1.33066e-05
1.25302e-05
1.30966e-05
-2.44813e-05
4.55653e-06
4.06283e-06
3.69669e-06
-3.36352e-05
-1.74468e-06
1.66679e-06
3.50269e-06
3.8149e-06
-4.54288e-05
-2.27982e-06
2.88343e-06
4.87383e-06
-3.63221e-05
-8.85225e-06
-3.88618e-06
5.89061e-06
8.49676e-06
1.17416e-05
-2.8716e-05
1.05241e-05
1.49599e-05
1.4772e-05
-2.95438e-05
9.85102e-06
1.50455e-05
1.60439e-05
1.65201e-05
-3.76024e-05
1.02341e-05
1.53538e-05
1.33814e-05
-2.99138e-05
-1.14968e-05
1.16223e-05
1.50781e-05
1.43935e-05
1.48974e-05
-2.58362e-05
1.30279e-05
1.82107e-05
1.61308e-05
-2.74696e-05
8.38142e-06
1.27613e-05
1.18569e-05
-3.46795e-05
3.73281e-06
7.15041e-06
8.73341e-06
1.06757e-05
-4.63317e-05
2.87117e-07
7.38228e-06
6.93766e-06
7.93896e-06
-4.93982e-05
4.61231e-07
6.80116e-06
7.22445e-06
-4.00217e-05
-8.76887e-06
-2.21525e-06
1.17737e-05
1.47793e-05
1.76206e-05
-2.79707e-05
1.59818e-05
2.31258e-05
2.22178e-05
-2.57425e-05
1.68164e-05
1.99898e-05
2.02337e-05
-2.85983e-05
1.26531e-05
1.93034e-05
1.96303e-05
1.84013e-05
-3.92991e-05
1.02602e-05
1.39442e-05
1.14942e-05
1.1777e-05
-4.82375e-05
4.66442e-06
1.10485e-05
6.49637e-06
-5.2239e-05
-8.90113e-06
1.09912e-05
1.15296e-05
1.34527e-05
1.48511e-05
-3.1216e-05
1.39785e-05
1.9307e-05
1.93487e-05
-2.67363e-05
1.58967e-05
2.11465e-05
2.15004e-05
-2.56744e-05
1.39412e-05
1.9084e-05
1.97241e-05
1.99192e-05
-3.77734e-05
1.39311e-05
1.70449e-05
1.74375e-05
1.48845e-05
-3.87866e-05
1.07344e-05
1.37375e-05
1.15389e-05
-4.29453e-05
6.32245e-06
4.5369e-06
1.34284e-05
1.62194e-05
1.66031e-05
-2.79857e-05
1.0445e-05
1.39926e-05
1.52775e-05
-2.90862e-05
1.05043e-05
1.44174e-05
1.37889e-05
1.52833e-05
-4.03889e-05
7.23823e-06
1.36454e-05
1.23134e-05
-3.3138e-05
-3.3035e-06
