-2.38054e-06
-1.12345e-06
-5.2415e-06
-1.7376e-06
-2.70603e-06
-2.70174e-06
-3.19146e-06
-7.40397e-07
-5.28317e-07
-1.47408e-06
-2.82551e-08
3.46145e-07
-5.29139e-07
5.8735e-07
1.90173e-06
3.06961e-06
5.22659e-06
5.23159e-06
8.89429e-06
1.61247e-05
1.70389e-05
1.76592e-05
1.76631e-05
2.20894e-05
2.30422e-05
2.46575e-05
2.55584e-05
2.50166e-05
2.67615e-05
3.03196e-05
3.03244e-05
2.95188e-05
3.08496e-05
3.04984e-05
2.79397e-05
2.99813e-05
3.79067e-05
3.77124e-05
3.66087e-05
3.98662e-05
3.84258e-05
4.46403e-05
4.037e-05
3.74198e-05
3.746e-05
4.66348e-05
5.01826e-05
5.01913e-05
6.28693e-05
5.66952e-05
6.01854e-05
6.95373e-05
6.71665e-05
7.66852e-05
7.19306e-05
7.53045e-05
8.6406e-05
7.99351e-05
8.65893e-05
8.77685e-05
0.000109315
0.000106212
0.000113649
0.000113669
0.000110105
0.000122969
0.000128653
0.000135961
0.000126725
0.000145624
0.000149906
0.000137742
0.000158414
0.000145971
0.000163762
0.000172633
0.000178498
0.00016508
0.000191176
0.000197053
0.000199702
0.000178523
0.000500033
0.000511892
0.000488205
0.000519062
0.00051075
0.000542566
0.000543959
0.000507587
0.000535852
0.000494099
0.000523396
0.000477763
0.000516229
0.00113231
0.00114445
0.00122098
0.00128363
0.00117
0.00127285
0.00125537
0.00110886
0.00121836
0.00114975
0.00112136
0.00109026
0.00105727
0.00102288
0.000877649
0.000891689
0.000810972
0.000855367
0.000825722
0.000791878
0.000681995
0.000745229
0.000710854
0.000717617
0.000671618
0.000678748
0.000632793
0.000632991
0.00061215
0.000474155
0.000561342
0.000561067
0.000422486
0.0005194
0.000401327
0.000396559
0.000383621
0.00037654
0.000493513
0.000497247
0.000387106
0.000503629
0.000510506
0.000391757
0.000528414
0.000617546
0.000542072
0.000543141
0.000551212
0.000429355
0.000583949
0.00068498
0.000450654
0.000608855
0.000623061
0.000634001
0.000648075
0.000506333
0.000663604
0.000531841
0.000704275
0.000555126
0.000568453
0.000746505
0.000608075
0.000800673
0.000826724
0.000836258
0.000853444
0.000706325
0.000892303
0.00091328
0.000947427
0.000785394
0.00098827
0.0010078
0.000822097
0.00103439
0.00106008
0.00106472
0.000878779
0.000893045
0.0011247
0.00114346
0.000938486
0.00116386
0.00119477
0.000990876
0.00100087
0.00124872
0.00126317
0.0010346
0.00153851
0.00106655
0.00131686
0.00134112
0.00110041
0.00136017
0.00110464
0.00137632
0.00139412
0.00120292
0.00135505
0.00114654
0.00143746
0.00145303
0.00118994
0.00147688
0.0014871
0.00149176
0.00152425
0.00121889
0.00121299
0.00184088
0.00153703
0.00124749
0.00155491
0.00157958
0.00125871
0.00158954
0.00127115
0.00163901
0.00164357
0.00130544
0.00166515
0.00169299
0.00167672
0.00133185
0.00169695
0.00170881
0.00173838
0.00134942
0.00172479
0.0017363
0.0017474
0.00174569
0.00134868
0.00174085
0.00175139
0.00175464
0.00137462
0.00176644
0.00176651
0.00219488
0.00138113
0.00178984
0.00136468
0.00180019
0.00135357
0.00138414
0.00181505
0.00182645
0.00138143
0.00188153
0.00189519
0.00189409
0.00191579
0.00144647
0.00195175
0.00194669
0.00146221
0.00146593
0.00238209
0.00152189
0.00200151
0.00151465
0.00150753
0.00155153
0.00206072
0.00260709
0.00157142
0.00158284
0.00213775
0.00164397
0.00215908
0.00161746
0.00162615
0.00163984
0.00226727
0.00223459
0.0021771
0.0017258
0.00235843
0.00235392
0.00175454
0.0023561
0.00237714
0.00177274
0.00243469
0.00179403
0.00241184
0.00241622
0.00183891
0.00244459
0.00180878
0.00246604
0.00186628
0.00249004
0.00249496
0.00252181
0.00251886
0.00259665
0.00255596
0.00256562
0.00254024
0.00262265
0.00257743
0.00254282
0.00255871
0.00251987
0.00327113
0.00260276
0.00251892
0.00252172
0.00250761
0.0017641
0.00247496
0.00167143
0.00321003
0.00167439
0.0025152
0.00247935
0.00168255
0.00167331
0.00253337
0.00252724
0.00170521
0.00252184
0.00173711
0.00255266
0.00266398
0.00179226
0.00345852
0.00266664
0.00274904
0.0027073
0.0027261
0.00182273
0.00275435
0.00183146
0.00180292
0.0027028
0.00274102
0.00193357
0.00186588
0.00372029
0.00192364
0.00284187
0.00299192
0.00199578
0.00288543
0.00289657
0.0029977
0.00293826
0.00291375
0.00291541
0.00291533
0.00291856
0.00290006
0.00292826
0.00192552
0.00189331
0.00299065
0.00292134
0.00191319
0.00295725
0.00306662
0.00302057
0.00194452
0.00298438
0.00301263
0.00209717
0.00196451
0.00195446
0.00303176
0.00322556
0.00208891
0.00315724
0.00210977
0.00209714
0.00322903
0.00224786
0.00316979
0.00335578
0.00225841
0.00352419
0.00347537
0.00230037
0.00243171
0.00349982
0.00369466
0.00359487
0.00357795
0.0036098
0.00376229
0.00488677
0.00245907
0.00359416
0.00365396
0.00353203
0.00373527
0.003531
0.00353203
0.00227076
0.00235388
0.00478547
0.00345403
0.00349455
0.00216604
0.00359701
0.00216707
0.00209834
0.00474734
0.00361813
0.00349319
0.00221418
0.00352231
0.00351256
0.0020983
0.00497415
0.00491456
0.00351079
0.00492581
0.00505491
0.00214432
0.00352671
0.004912
0.00349657
0.00352404
0.00338132
0.00189205
0.00181167
0.00337532
0.00315601
0.00185431
0.00325297
0.0033064
0.00332579
0.00357495
0.00189764
0.0034007
0.00338334
0.0019332
0.00370818
0.00196287
0.00349851
0.00350354
0.00204317
0.00381242
0.00213057
0.00201036
0.003583
0.00368675
0.00228509
0.00371732
0.00226923
0.00539447
0.00227786
0.00246473
0.00395419
0.00398439
0.00401494
0.00581478
0.00415242
0.00411342
0.00413063
0.00238015
0.00602068
0.00414958
0.00229775
0.00402837
0.00395196
0.00409105
0.00236476
0.00223456
0.00221036
0.00391328
0.00247358
0.00577085
0.00235045
0.00411195
0.00436218
0.0042011
0.00424372
0.00421233
0.00235841
0.00444614
0.00429473
0.00412183
0.00423678
0.00414168
0.00269693
0.00233141
0.00397672
0.00607149
0.00268943
0.00595883
0.00435952
0.00229821
0.00422662
0.00404367
0.00449026
0.00222118
0.0040804
0.00414364
0.00444366
0.00227026
0.00410155
0.00423848
0.00409128
0.0045852
0.00425652
0.00225205
0.00413583
0.00463916
0.0043343
0.00428139
0.00619845
0.00417514
0.00415973
0.00651209
0.00428617
0.00395479
0.00412363
0.00442077
0.00175696
0.0037092
0.0038879
0.00362313
0.0042987
0.00370665
0.00372991
0.00165246
0.0015361
0.00420977
0.00387143
0.0015556
0.00373974
0.00391459
0.00203522
0.00389448
0.0039814
0.00388838
0.00447635
0.0040844
0.00195713
0.00181859
0.00425719
0.00225587
0.00423027
0.00416597
0.00204056
0.00472139
0.00218355
0.00208734
0.00439042
0.00271021
0.0022645
0.00238119
0.00234114
0.0070003
0.00254234
0.00295668
0.00501738
0.00275752
0.00273034
0.00269016
0.00336495
0.0052772
0.00539718
0.00304374
0.00597246
0.0056667
0.00564006
0.00573499
0.00559149
0.00614808
0.00579016
0.00560641
0.00312998
0.00296247
0.00561617
0.00292126
0.00278605
0.00524633
0.00542959
0.00576219
0.0055017
0.00541815
0.00529683
0.00589604
0.00285212
0.00525778
0.00518304
0.00257153
0.00763516
0.00289075
0.00508103
0.00486431
0.00231436
0.00475069
0.00804313
0.00482328
0.00219206
0.00466982
0.00519083
0.00463371
0.0046831
0.0046756
0.00435377
0.00437943
0.00495421
0.00440607
0.00147635
0.00408
0.00190388
0.00402685
0.00140349
0.00410186
0.00400561
0.00198904
0.00145125
0.00411109
0.00150909
0.00203791
0.00435073
0.00448719
0.00439022
0.00459363
0.00451442
0.00509594
0.00457559
0.00189188
0.00456311
0.00218153
0.00481675
0.00463852
0.00465774
0.00466938
0.00521656
0.00198347
0.00465192
0.00459298
0.00248399
0.00174159
0.00472308
0.00489168
0.00466604
0.0048814
0.00528549
0.00495662
0.00480455
0.00490207
0.00538727
0.00188606
0.00481915
0.0047898
0.0018068
0.00236704
0.00176751
0.00461248
0.00190791
0.00245056
0.00501568
0.00498629
0.00506593
0.00519712
0.00547611
0.00222982
0.00207069
0.00503532
0.00510729
0.00278791
0.00524546
0.00209877
0.00513195
0.00222505
0.00279514
0.00522063
0.00524294
0.00221687
0.00584795
0.00540677
0.00239477
0.00527558
0.00533858
0.00221073
0.00264317
0.00525626
0.00516069
0.00542602
0.00578891
0.00233216
0.00544681
0.00544594
0.00260768
0.00217186
0.00528452
0.00868694
0.00526339
0.00595734
0.00539277
0.00215752
0.00520778
0.0086277
0.00239705
0.00505889
0.00519452
0.00483419
0.00531653
0.00499894
0.00476969
0.00147723
0.00125186
0.0044339
0.00495541
0.00442037
0.00122404
0.00453126
0.00160139
0.00439069
0.00117658
0.00105886
0.00438018
0.00191788
0.00448594
0.001251
0.004472
0.00541836
0.00464523
0.0049076
0.00491299
0.00477558
0.00455748
0.00532218
0.001328
0.00105679
0.00434398
0.00177687
0.00438641
0.00113251
0.00102073
0.00443125
0.0054933
0.00134133
0.00455865
0.00471736
0.00221268
0.00483754
0.00136621
0.00118455
0.00459144
0.00130046
0.00538133
0.00503881
0.00135486
0.00487564
0.00589775
0.00152238
0.00496032
0.00512401
0.00161009
0.00243731
0.00158973
0.00147968
0.00513644
0.00223353
0.00540755
0.00560713
0.00545759
0.00202331
0.00543919
0.00263656
0.00172574
0.00559033
0.005714
0.00260698
0.00573011
0.00572577
0.00224021
0.00570521
0.00653238
0.00606261
0.0057304
0.00219088
0.00270172
0.00561376
0.00207182
0.0056139
0.0017933
0.00175003
0.00595022
0.0055608
0.00564249
0.0055596
0.00232159
0.00933718
0.00565783
0.00548697
0.0057793
0.00158069
0.00524227
0.00482635
0.00109685
0.00535816
0.00475761
0.00483237
0.004626
0.00145494
0.00456555
0.00438429
0.000575822
0.000401949
0.00404646
0.00102643
0.00422748
0.00407117
0.000476152
0.00478045
0.00433803
0.000519599
0.00418678
0.000515835
0.00115355
0.00424456
0.00443527
0.000453628
0.00492369
0.0010619
0.000584436
0.00437504
0.0044998
0.000758455
0.00514771
0.000939852
0.00852044
0.00863835
0.00551686
0.00485183
0.00445616
0.000550373
0.00025952
0.00495557
6.9664e-05
3.47349e-05
0.00386808
0.000650449
0.000385882
0.00403739
0.00424044
0.000495008
0.00439814
0.00511077
0.000664945
0.000682125
0.00461761
0.00468486
0.0051458
0.00488538
0.000947085
0.00477084
0.00550869
0.000801421
0.00466566
0.0048716
0.00484304
0.00141506
0.0048214
0.00089277
0.000754829
0.0052865
0.00101097
0.000787105
0.000835275
0.00478646
0.00498498
0.00539519
0.00507375
0.00507774
0.00117307
0.00559738
0.00516398
0.0048737
0.00505626
0.00497254
0.00515615
0.000779939
0.00474676
0.00442282
0.00494662
0.000445526
0.000220655
0.00431011
0.00423084
0.000627784
9.79439e-05
1.10698e-05
-3.78767e-05
0.000645052
0.00816731
0.000385287
0.00828357
0.00848434
0.00442805
0.00496522
0.00462774
0.00406431
0.00400106
0.00814485
0.00433609
-0.000358331
0.00338757
0.00761409
0.00339423
0.00374916
-0.000907022
-0.00111362
0.00285537
0.00286878
-0.000894118
0.00300502
-0.00106281
0.00299866
0.00353552
0.0030372
0.00316654
0.0072321
0.00317808
0.00382058
0.00311247
-0.00124141
0.00317248
0.00743061
-0.00109187
0.0027695
0.00264952
0.00282802
0.00248568
0.00717021
0.00270332
0.00243593
0.00259154
-0.00142509
0.00219722
0.00215819
0.00207814
0.00211957
-0.0014777
0.00220039
0.00203603
0.00212043
-0.00157405
0.00246412
0.00235023
-0.00189861
0.00225639
0.00244028
-0.00135945
0.00249607
-0.00150347
0.0025744
0.00309328
-0.00125056
0.00287083
0.0030067
0.00338956
0.0031861
0.0032038
0.00322602
0.00330833
0.00358556
-0.000867137
0.00319485
-0.00104903
0.00301416
0.00344557
-0.000751803
0.00317635
0.00328146
-0.000706369
-0.000323697
0.00352049
-0.000548173
-0.0006026
0.00408269
0.00386114
-0.000190271
0.00393722
0.00406119
0.0045413
7.11975e-05
0.00416945
0.00420897
0.000321243
0.00424595
0.00434514
0.000160859
0.00427576
0.00431636
0.000401986
0.0042982
0.000172986
9.15881e-05
0.00444221
0.000207727
0.000224327
0.00446215
0.000378014
0.00471718
0.0005185
0.00467134
0.00474741
0.000684625
0.00474473
0.00895492
0.00466684
0.00465472
0.00473133
0.00462143
0.00425438
-6.32257e-05
0.00390451
0.00374311
-0.000514902
0.00349377
-0.00076199
0.00323596
0.00320097
-0.000906411
-0.00102883
0.00302722
0.0030692
0.00306805
0.00303142
0.00296918
-0.00120036
-0.00131086
-0.00140692
0.00274492
-0.00147903
0.00261276
0.00271426
-0.00121651
0.00683593
0.00689775
0.00272737
0.00276228
0.00282063
0.00270081
0.00229563
0.00214494
0.00219628
-0.00213902
0.00175171
0.00162799
-0.00256359
0.00144829
0.00166585
0.00140886
-0.00264691
-0.00268413
0.00151623
-0.00270642
-0.00271593
0.00142972
0.00153851
0.0018031
-0.00241781
-0.00218038
0.00179723
0.00201533
-0.00212025
0.00200861
-0.00198156
0.00202714
-0.00190432
-0.00175029
0.00222059
-0.00175843
0.00227074
0.00260586
-0.00146535
-0.0014033
-0.00135742
0.0026557
0.00288453
0.00287308
-0.00102866
0.00300119
0.00304692
-0.000864103
0.0030165
0.00299896
0.00297831
-0.000822577
-0.000996193
0.00295197
-0.00109315
0.0028698
0.00295654
-0.000910164
0.00299302
-0.000975055
0.00299497
0.00304467
0.00293672
-0.000984218
0.00293251
0.00288553
0.00290572
0.00280858
0.00675487
-0.00126184
0.00267741
0.00267439
-0.00165236
-0.00174246
-0.00182758
0.0021695
0.00198793
-0.00192343
0.00203174
0.00203489
-0.0019051
0.00206416
0.0019926
-0.00195813
-0.00194698
0.00588898
-0.00201452
0.00186804
-0.0019488
-0.00199749
0.00182139
0.00177786
-0.00206579
0.00565744
-0.00195306
-0.002034
0.00185773
-0.00209565
-0.00207199
0.00179016
0.00179982
0.0017796
0.00189443
-0.00190167
0.00192166
0.00185242
0.00185488
0.00178833
0.00176001
0.00179636
0.00164536
-0.00223394
0.00146934
0.00149651
-0.00248451
0.00129401
0.00130167
0.00130718
0.00505122
-0.00242626
0.00127613
0.00503048
-0.00267407
0.004829
0.00103722
0.000975745
0.000776538
0.000634887
0.000530242
-0.00331931
0.000397747
-0.00357836
0.000281192
0.00012069
9.53528e-05
0.000146504
0.000155639
0.000144115
0.000128041
0.00378701
-0.00361689
-0.00364821
-3.33739e-05
-5.19764e-05
-0.000154115
-0.000106245
-0.00372206
-8.76119e-05
-8.96591e-05
-0.00373555
-5.93059e-05
0.000145281
0.000103587
0.000208152
-0.00332655
0.000267117
0.000304838
0.000300484
0.00030183
-0.00317066
0.00040367
0.000395234
-0.00317686
0.000441434
0.000462537
0.000459899
-0.00300885
0.00055889
0.000568698
0.000568331
-0.00288706
-0.00285613
0.000650444
0.000652343
-0.00278207
-0.00267832
0.000856986
-0.0026066
0.000866665
0.000936517
0.00107617
0.0011669
0.00116567
-0.0022232
-0.00223455
0.00116066
0.00111875
0.0011415
-0.00221568
0.00130858
0.00117612
-0.00224141
0.00115008
0.00112638
-0.00229322
0.00109326
0.00110374
-0.00231923
0.00105349
-0.00231314
0.00104989
0.000990766
0.00432224
0.000969766
0.000982418
0.000972701
-0.00244662
-0.00259724
-0.00271964
0.000450834
-0.00281594
0.000425338
0.000459469
0.000477802
0.000480929
-0.00267303
0.000500596
0.00046039
0.000410548
0.00362429
-0.00284047
0.000333587
0.000281601
-0.00312259
1.14697e-05
0.00341727
-0.00329355
-0.000116498
-0.00332951
-0.000241924
-0.00346035
-0.00038437
-0.00349717
-0.000349918
-0.000348517
-0.000355408
-0.00342707
-0.000188924
-0.0033948
-0.00345875
-0.000345781
-0.00032957
-0.00336575
-0.000198669
-0.00324296
-0.00323646
-0.000119719
-0.000119912
-0.000115959
1.65808e-05
4.42033e-05
4.13342e-05
2.2562e-05
0.000113379
-5.56089e-05
-0.000102299
-0.00323276
-0.000223312
-0.000218562
-0.000277204
-0.00330577
-0.000353475
-0.000392484
-0.0033844
-0.000416891
-0.000433938
-0.000459077
-0.000417351
-0.00334197
-0.000449026
-0.000449231
-0.00052565
-0.000509917
-0.000521309
-0.000548693
-0.000584097
-0.000488306
-0.000652878
-0.00356047
-0.000716436
0.00206258
-0.00368644
-0.000735326
-0.000881561
-0.00377991
-0.000990283
-0.00101429
-0.00102154
-0.00379186
-0.00101819
-0.00378801
0.00171815
-0.00372794
-0.00102257
-0.00369454
-0.0037319
-0.000820862
-0.00096696
-0.000782641
-0.000848742
-0.000816597
-0.0034898
-0.000785949
-0.00349627
-0.0035196
-0.000824473
-0.000787317
-0.000761734
-0.000758026
-0.000668535
-0.00328285
-0.000638977
-0.000656353
-0.000709173
-0.000672189
-0.000665645
-0.00064208
-0.000715019
-0.00331453
-0.00334663
-0.00078158
-0.000846832
-0.000853549
-0.000818209
-0.00333314
-0.00333935
-0.000815013
-0.00336178
-0.000835561
-0.000836519
-0.0032273
-0.000766708
-0.00071724
-0.000701191
-0.00314126
-0.000645198
-0.000681669
-0.00313757
-0.000698543
-0.000636934
-0.000706993
-0.00309346
-0.000708654
-0.000646962
-0.000708423
-0.0031218
-0.000776498
-0.0031508
-0.00080732
-0.00079971
-0.00317897
-0.00316319
-0.00316363
-0.00318004
-0.00079801
-0.00309608
-0.000616722
-0.000735522
-0.000637524
-0.000459029
-0.000603242
-0.00287626
-0.00289759
-0.000688745
-0.000625779
-0.00295821
-0.00293656
-0.000705877
-0.000715989
-0.000685844
-0.000696266
-0.000690128
-0.000734129
-0.000708201
-0.00296167
-0.000852962
-0.00305724
-0.00311906
-0.00312848
-0.00307325
-0.000973366
-0.000951327
-0.000866462
-0.00074559
-0.000768614
-0.000761968
-0.00289269
-0.00080704
-0.00290088
-0.000948545
-0.000931579
-0.000948118
-0.00302062
-0.00094617
-0.00305537
-0.00106752
-0.00107022
-0.00302447
-0.00095066
-0.00307262
-0.00114336
-0.00112366
-0.00313122
-0.00112293
-0.00117335
-0.0011954
-0.0011871
-0.00113401
-0.00315802
-0.00317438
-0.00322085
-0.00136738
-0.00129887
-0.00322214
-0.00118557
-0.0031818
-0.00129064
-0.00129975
-0.00316546
-0.00132992
-0.00133506
-0.00317964
-0.00130778
-0.00316544
-0.00125197
-0.00137398
-0.00132541
-0.00136451
-0.00135933
-0.00317735
-0.00139848
-0.00317804
-0.00135498
-0.00148245
-0.00151241
0.000362432
-0.00151454
-0.00144909
-0.00326951
-0.00159784
-0.00161349
-0.00327962
-0.00333175
-0.00334548
-0.00169838
-0.00167979
-0.00157452
-0.00323049
-0.00322511
-0.00321681
-0.00154111
-0.00153134
-0.00154727
-0.00308804
-0.00147745
-0.00147198
-0.00138839
-0.00145397
-0.00301086
0.000112516
-0.00142082
-0.00303769
-0.00150621
-0.00153406
-0.00151916
-0.00152229
-0.0015902
-0.00312152
-0.00315786
-0.0031286
-0.00166045
-0.00169989
-0.000220236
-0.00310605
-0.00309801
-0.00157742
-0.0016831
-0.000229826
-0.00309247
-0.00309598
-0.00303213
-0.00313572
-0.00174544
-0.00311306
-0.00301804
-0.00168083
-0.00163122
-0.00296581
-0.00293023
-0.00155421
-0.00146448
-0.00285483
-0.00148759
-0.00145696
-0.00271218
-0.00144737
-0.00143696
-0.00274354
-0.00144655
-0.00133839
-0.00144528
-0.0014314
-0.00141513
-0.00138689
-0.00271633
-0.00145124
-0.0015298
-0.00150569
-0.000316459
-0.00151213
-0.00145245
-0.00281435
-0.00166852
-0.00165511
-0.00174091
-0.00173129
-0.00295898
-0.00180302
-0.00292435
-0.00183911
-0.000669488
-0.00183526
-0.00292697
-0.00296099
-0.00181691
-0.00185939
-0.00301797
-0.00188293
-0.00183207
-0.00174771
-0.00185482
-0.00294015
-0.00186467
-0.00301444
-0.00185744
-0.00296106
-0.00190668
-0.00183686
-0.00292512
-0.00186213
-0.00288812
-0.00289094
-0.00286969
-0.00179825
-0.00182691
-0.00178132
-0.00273331
-0.00172205
-0.00165079
-0.00168661
-0.00265831
-0.00165771
-0.00161856
-0.00163358
-0.00164422
-0.0016359
-0.00163141
-0.00163405
-0.00160664
-0.00164758
-0.00166339
-0.00165469
-0.00154452
-0.00169343
-0.00158687
-0.00173224
-0.0025884
-0.0026364
-0.000884108
-0.00179233
-0.00178312
-0.0017649
-0.00182793
-0.00183489
-0.00268688
-0.00266991
-0.0018677
-0.00269358
-0.00187166
-0.00266192
-0.00265534
-0.00259907
-0.00260355
-0.0018012
-0.00178858
-0.00252825
-0.00168123
-0.00168357
-0.00167002
-0.00240289
-0.00149819
-0.00161954
-0.002361
-0.00160548
-0.00159454
-0.00159887
-0.00155628
-0.000855784
-0.000858211
-0.00157634
-0.0015514
-0.00228907
-0.00163135
-0.00233247
-0.00235304
-0.00163886
-0.00233695
-0.00166626
-0.00164196
-0.00228318
-0.00222936
-0.00160155
-0.000954945
-0.00221255
-0.000822186
-0.00215986
-0.00154878
-0.00226506
-0.00217432
-0.00216792
-0.00153612
-0.00213711
-0.00152837
-0.00149872
-0.00146988
-0.00147399
-0.00147511
-0.00203762
-0.00148137
-0.00201306
-0.00148165
-0.00147047
-0.00201454
-0.00144247
-0.0014359
-0.00143062
-0.00142424
-0.00193631
-0.00193425
-0.0013105
-0.00140774
-0.00133057
-0.00140823
-0.0013261
-0.00188069
-0.00190829
-0.00191278
-0.00143628
-0.00140868
-0.00188859
-0.00140447
-0.00185924
-0.00139393
-0.00139394
-0.00182117
-0.00138045
-0.00181916
-0.00180984
-0.000914593
-0.00178862
-0.00135421
-0.00133401
-0.001329
-0.00132169
-0.00132821
-0.00173578
-0.00174236
-0.00172054
-0.00133231
-0.0013265
-0.00171065
-0.00169812
-0.00130358
-0.00128638
-0.00166365
-0.00164748
-0.00126892
-0.00125372
-0.00125213
-0.0015916
-0.00122907
-0.00157046
-0.00155705
-0.00155523
-0.00120824
-0.0011969
-0.00117973
-0.00150507
-0.00148586
-0.00109121
-0.0011567
-0.00146503
-0.0011383
-0.00107192
-0.00143949
-0.00143146
-0.00141877
-0.00142122
-0.00112443
-0.00140081
-0.00111116
-0.00101772
-0.00107707
-0.00106695
-0.00106597
-0.00105855
-0.00106817
-0.00133484
-0.00107607
-0.00107204
-0.00108249
-0.00107585
-0.00107699
-0.00133028
-0.0010881
-0.00108029
-0.00109121
-0.00109377
-0.00109149
-0.00110069
-0.00109384
-0.00132869
-0.00110571
-0.00132265
-0.00110545
-0.00110125
-0.00130977
-0.00109977
-0.00109118
-0.00128818
-0.00107593
-0.00126282
-0.00106577
-0.0010614
-0.00105131
-0.00103969
-0.00103687
-0.00120687
-0.00101844
-0.00101678
-0.00101369
-0.000994665
-0.00098871
-0.00098445
-0.000979988
-0.000972441
-0.00112625
-0.000964813
-0.000958502
-0.000949751
-0.000940059
-0.000929858
-0.00107142
-0.00106534
-0.000916128
-0.00105104
-0.000902276
-0.000900038
-0.000890123
-0.000874997
-0.00099451
-0.000735832
-0.000844519
-0.000957242
-0.000822388
-0.000814876
-0.000813897
-0.000801005
-0.000799302
-0.00089785
-0.000781157
-0.000779525
-0.000766346
-0.00086717
-0.0007544
-0.000744963
-0.000838271
-0.000729063
-0.000630783
-0.000808861
-0.00071357
-0.000696747
-0.000694796
-0.00068059
-0.000592236
-0.000754523
-0.000663196
-0.000742303
-0.000740488
-0.000728964
-0.000722553
-0.000718492
-0.000640735
-0.000700202
-0.000692518
-0.000620513
-0.000604679
-0.000597836
-0.000597255
-0.000580695
-0.000572348
-0.000569049
-0.000564236
-0.00055852
-0.000557684
-0.000556323
-0.000551303
-0.000544958
-0.000583301
-0.000525867
-0.000525938
-0.000513936
-0.000513162
-0.000549896
-0.000499491
-0.000540146
-0.000532814
-0.00048195
-0.000516665
-0.000466261
-0.00043126
-0.000492726
-0.000443507
-0.000404466
-0.000465155
-0.000419876
-0.000446981
-0.000408682
-0.000408958
-0.000430252
-0.000426561
-0.000339928
-0.000412492
-0.000397892
-0.000370663
-0.000365406
-0.000360484
-0.000382411
-0.000348186
-0.000352108
-0.000366056
-0.00036196
-0.000314524
-0.00031103
-0.00032303
-0.000310029
-0.000325421
-0.000297723
-0.000292822
-0.000293228
-0.000305345
-0.000280676
-0.000291729
-0.000273776
-0.000268736
-0.000263435
-0.000270412
-0.000247323
-0.000255551
-0.000232315
-0.00023644
-0.000229199
-0.00022159
-0.000214682
-0.000209298
-0.00020581
-0.000203182
-0.000208537
-0.00019327
-0.000189169
-0.000195196
-0.000186273
-0.000180172
-0.000179777
-0.00018308
-0.000159297
-0.000161705
-0.000168348
-0.000159986
-0.000159802
-0.000159763
-0.000159188
-0.000154384
-0.000145262
-0.000138444
-0.000140708
-0.00013619
-0.000132885
-0.000118912
-0.000111402
-0.000114796
-0.000111643
-0.000106785
-9.83421e-05
-9.46077e-05
-9.32083e-05
-9.00188e-05
-8.19417e-05
-8.8619e-05
-8.14306e-05
-8.04796e-05
-7.74764e-05
-7.57469e-05
-7.571e-05
-6.83524e-05
-6.79686e-05
-6.53823e-05
-6.08665e-05
-5.62745e-05
-5.24668e-05
-4.66262e-05
-4.65629e-05
-4.29691e-05
-3.57981e-05
-3.49631e-05
-3.22721e-05
-2.71178e-05
-2.50995e-05
-2.29628e-05
-2.02982e-05
-2.1696e-05
-2.20021e-05
-2.06978e-05
-2.099e-05
-2.22588e-05
-2.09785e-05
-2.03967e-05
-1.97073e-05
-1.96524e-05
-1.97546e-05
-2.11034e-05
-1.81126e-05
-1.62122e-05
-9.16219e-06
-9.87027e-06
-9.25459e-06
-9.13584e-06
-7.30347e-06
-4.9604e-06
-1.85515e-06
2.07905e-06
2.086e-06
3.49733e-06
3.38347e-06
3.85455e-06
2.62265e-06
6.96338e-07
2.66577e-06
3.65163e-06
3.65468e-06
6.82945e-07
-6.38842e-07
8.26695e-06
4.99574e-06
1.90941e-06
1.79386e-06
3.78153e-06
3.68484e-06
3.29254e-06
3.04641e-06
3.38777e-06
3.37721e-06
1.72772e-06
2.53137e-06
2.84779e-06
2.85271e-06
5.14806e-06
5.46897e-06
2.55269e-06
-2.56756e-06
-6.7243e-06
-6.34442e-06
-6.34296e-06
-6.7651e-06
-7.88618e-06
-7.12593e-06
-7.10762e-06
-5.97215e-06
-1.09387e-05
-1.10341e-05
-1.1057e-05
-1.62135e-05
-1.64532e-05
-1.76749e-05
-1.61049e-05
-1.47157e-05
-1.50464e-05
-1.30841e-05
-1.18302e-05
-1.09821e-05
-9.66896e-06
-9.66248e-06
-1.29706e-05
-1.36555e-05
-1.18936e-05
-1.38585e-05
-1.20665e-05
-1.20625e-05
-1.19016e-05
-1.11078e-05
-1.11022e-05
-1.00765e-05
-5.38412e-06
-3.82679e-06
-3.83499e-06
-1.97359e-06
-2.94907e-06
1.73114e-07
1.19558e-06
3.55124e-06
4.33516e-06
5.78849e-06
4.64579e-06
4.66263e-06
4.67203e-06
3.68578e-06
4.24529e-06
7.97626e-06
9.305e-06
1.065e-05
1.01464e-05
1.01948e-05
8.44467e-06
7.34326e-06
7.35116e-06
9.79965e-06
1.35781e-05
1.54345e-05
1.57103e-05
1.43899e-05
9.34437e-06
9.72619e-06
9.48886e-06
9.49476e-06
6.68465e-06
8.19486e-06
8.19953e-06
4.85289e-06
3.61535e-06
3.21823e-06
1.53764e-06
3.70183e-06
-2.19504e-06
-6.13037e-06
-3.49403e-06
-2.56497e-06
6.72068e-07
6.78349e-07
9.38409e-07
1.42103e-06
1.425e-06
-1.54943e-06
-2.11322e-06
-5.82174e-06
-5.82032e-06
-1.69187e-06
-1.6874e-06
-7.99029e-07
-1.28605e-06
-7.61735e-07
-1.04907e-06
-1.75598e-06
-2.95229e-06
-6.39076e-06
-7.66826e-06
-6.9796e-06
-5.5141e-06
-7.21306e-06
-7.41391e-06
-7.40952e-06
-1.02558e-05
-9.76634e-06
-1.14159e-05
-1.18587e-05
-9.54472e-06
-9.53994e-06
-9.07468e-06
-7.39204e-06
-7.38851e-06
-9.43507e-06
-9.99894e-06
-9.98342e-06
-1.27041e-05
-1.24409e-05
-1.10972e-05
-9.87739e-06
-9.86105e-06
-8.2347e-06
-7.73468e-06
-7.30743e-06
-3.75164e-06
-2.51274e-06
7.57481e-07
2.00355e-06
5.58498e-06
6.7638e-06
9.51185e-06
6.47878e-06
7.66909e-06
7.97638e-06
9.90243e-06
9.92027e-06
7.72357e-06
9.108e-06
4.73664e-06
2.01627e-06
9.34427e-07
-9.67238e-07
3.46704e-07
1.98976e-06
1.10935e-06
1.11276e-06
2.97829e-06
2.98223e-06
1.19387e-06
3.70407e-06
6.08645e-06
4.43111e-06
8.87772e-07
-6.50903e-07
-1.1959e-06
-2.54722e-06
-2.54276e-06
-5.17071e-06
-3.49619e-06
-2.29539e-06
-4.21253e-08
3.55002e-07
-1.00612e-06
-9.79703e-07
-3.84481e-06
-3.57531e-06
-5.40181e-06
-5.46757e-06
-5.87905e-06
-7.21789e-06
-8.31326e-06
-8.30847e-06
-5.48584e-06
-3.24366e-06
-1.18269e-06
-1.77848e-06
-4.84979e-06
-4.20811e-06
-2.93743e-06
-2.65813e-06
6.83573e-08
-6.94385e-07
1.30076e-06
1.74193e-07
1.78785e-07
3.49728e-06
6.24153e-06
6.35513e-06
4.85317e-06
5.28032e-06
6.33888e-06
5.89545e-06
5.30918e-06
5.67185e-06
5.20619e-06
5.96451e-06
2.56812e-06
4.65349e-06
5.39044e-06
6.32877e-06
4.51933e-06
4.5127e-06
6.80072e-06
6.80541e-06
4.29576e-06
6.6031e-06
6.64217e-06
6.16116e-06
5.74029e-06
5.40797e-06
3.7426e-06
1.96412e-06
-1.23679e-06
-2.73323e-06
-1.43156e-06
1.1455e-06
-1.38225e-06
-1.37858e-06
-6.09677e-06
-3.832e-06
-1.87152e-06
5.22284e-07
5.93398e-07
-3.07464e-07
-1.59123e-09
-3.06427e-06
-2.52081e-06
-2.51612e-06
-1.36893e-07
-1.95946e-06
-2.2315e-06
-3.63039e-06
-3.6261e-06
-1.9845e-06
-4.03522e-06
-3.79835e-06
-2.90466e-06
-4.54687e-06
-4.54216e-06
-8.00194e-07
-1.79889e-06
-1.59847e-07
-4.44837e-06
-6.37728e-06
-6.37767e-06
-8.2679e-06
-8.26506e-06
-4.45004e-06
-4.40592e-06
-4.39381e-06
5.79963e-07
8.80053e-07
9.06782e-07
-1.68198e-06
-7.85275e-07
-1.68609e-06
-1.68206e-06
-2.04162e-07
-1.9936e-07
-7.87875e-07
-3.08922e-06
-1.83648e-06
-4.33264e-07
5.52734e-07
1.14521e-06
-2.17285e-06
-2.93617e-06
-1.07904e-06
-2.58652e-06
-3.91708e-06
-3.25442e-06
-3.77336e-06
-4.81213e-06
-2.22696e-06
2.88386e-07
4.87211e-08
-1.81455e-06
-1.12771e-06
-2.01706e-06
-1.76997e-06
-5.78036e-07
-5.73123e-07
-1.70294e-06
-1.70444e-06
-8.18852e-07
-8.15303e-07
3.14947e-06
3.70414e-06
5.55368e-06
5.55254e-06
7.83215e-06
9.2962e-06
7.00833e-06
9.29406e-06
8.76228e-06
5.75422e-06
6.06424e-06
3.97006e-06
2.29515e-06
1.80574e-06
2.21684e-06
2.54432e-06
5.6732e-06
4.24196e-06
7.24523e-06
8.01498e-06
6.78682e-06
4.95689e-06
4.95638e-06
5.08625e-06
3.9387e-06
3.82172e-06
1.0563e-06
1.06074e-06
1.84074e-06
3.53363e-06
3.54586e-06
2.74972e-06
3.45633e-06
3.43095e-06
7.14477e-07
-3.98971e-07
-3.72585e-07
-3.07037e-06
-5.70706e-06
-5.702e-06
-5.18728e-06
-4.11192e-06
-3.69616e-06
-4.51533e-06
-4.51027e-06
-1.83057e-06
4.83981e-07
3.77299e-06
1.38582e-06
6.99618e-07
1.42447e-06
1.4956e-06
4.79322e-06
3.25435e-06
6.69359e-06
8.4039e-06
8.25639e-06
1.29259e-05
8.87547e-06
8.88322e-06
5.94767e-06
3.00187e-06
1.84696e-06
9.43351e-07
-3.26263e-06
-2.69304e-06
-2.86178e-06
-3.41545e-06
-9.07215e-07
-1.90221e-06
-1.89729e-06
1.37743e-06
-1.16075e-06
-1.61102e-06
-2.93581e-06
-2.68134e-06
-2.82807e-06
-3.48071e-06
-1.08228e-06
-2.37755e-06
-2.37279e-06
-4.06931e-06
-3.7975e-06
-3.45708e-06
-6.71307e-07
-8.66941e-09
7.70103e-07
2.66911e-06
1.41971e-06
1.76112e-06
1.76581e-06
3.25756e-06
2.53514e-06
3.57749e-06
6.17901e-06
8.79381e-07
-2.12538e-06
-3.5599e-06
-1.36329e-06
-1.23727e-06
-2.1757e-06
-7.62194e-08
-2.23844e-06
-6.75425e-07
-6.70599e-07
7.81915e-07
7.869e-07
5.57507e-07
-3.18229e-06
-4.96335e-06
-5.83395e-06
-5.32095e-06
-5.31507e-06
-2.26206e-06
-7.78129e-07
-7.73148e-07
-4.16979e-06
-4.20698e-06
-2.09732e-06
-7.94388e-07
1.33238e-06
-1.55961e-06
1.03576e-06
1.28981e-06
-1.36108e-06
-4.59173e-06
-5.41913e-06
-3.49942e-06
-3.49435e-06
7.91976e-07
7.96052e-07
2.75753e-07
2.80837e-07
1.08872e-06
9.55061e-07
-1.21357e-06
-1.20746e-06
-2.47642e-06
-2.98126e-06
-5.11319e-06
-2.04279e-06
-1.61396e-06
-1.60901e-06
-1.13659e-06
3.49164e-06
3.49807e-06
2.5711e-06
2.05393e-06
1.54813e-06
2.76534e-08
1.05921e-06
4.05436e-06
4.0595e-06
7.67534e-06
8.94139e-06
8.97107e-06
1.01517e-05
9.9713e-06
1.12278e-05
1.12313e-05
7.6411e-06
5.24144e-06
5.61905e-06
4.04461e-06
2.73095e-06
2.1938e-06
2.19895e-06
2.82954e-06
2.14776e-06
6.25976e-07
6.31395e-07
1.85402e-07
9.83196e-07
2.08499e-06
-7.02751e-07
-3.07311e-06
-4.3802e-06
-3.2001e-06
-4.18572e-06
-6.74741e-06
-5.89981e-06
-5.36824e-06
-4.06239e-06
-4.04415e-06
-4.85126e-06
-5.11099e-06
-6.23008e-06
-8.15655e-06
-1.02179e-05
-8.20747e-06
-7.51721e-06
-7.58463e-06
-7.58141e-06
-9.53472e-06
-8.69041e-06
-9.5701e-06
-1.13226e-05
-1.36483e-05
-1.36455e-05
-1.55255e-05
-1.42116e-05
-1.37933e-05
-1.37907e-05
-1.35483e-05
-1.16419e-05
-1.32836e-05
-1.19439e-05
-8.01677e-06
-4.83858e-06
-2.50137e-06
-7.74429e-07
-7.72061e-07
4.27201e-06
6.81694e-06
8.83482e-06
8.52041e-06
8.52714e-06
9.55479e-06
6.94146e-06
6.29506e-06
6.44149e-06
5.09412e-06
9.8114e-06
1.15009e-05
1.06788e-05
1.06834e-05
1.06718e-05
1.06769e-05
1.24643e-05
1.06251e-05
1.06304e-05
1.35779e-05
1.3993e-05
1.39979e-05
1.28545e-05
1.58139e-05
1.34032e-05
1.42344e-05
1.42395e-05
1.39106e-05
1.50953e-05
1.49546e-05
1.18692e-05
1.18742e-05
1.03991e-05
1.1359e-05
1.00419e-05
5.8689e-06
5.75508e-06
5.76133e-06
7.82138e-06
8.57553e-06
8.58055e-06
5.32866e-06
3.61329e-06
4.37876e-06
5.50692e-06
7.04134e-06
6.94119e-06
3.16919e-06
2.06037e-06
-1.33619e-06
-2.39747e-06
-2.95832e-06
-2.95248e-06
-6.00698e-06
-6.00227e-06
-3.31581e-06
-3.13904e-06
-5.92342e-06
-6.56308e-06
-9.30396e-06
-1.12017e-05
-1.28895e-05
-1.28861e-05
-1.12745e-05
-1.07359e-05
-1.22256e-05
-9.49702e-06
-1.13634e-05
-1.05656e-05
-1.27134e-05
-1.34108e-05
-1.0895e-05
-1.08914e-05
-9.1222e-06
-5.90989e-06
-5.47409e-06
-4.84143e-08
-3.03762e-07
-2.99289e-07
-3.74926e-06
-4.37866e-06
-4.4942e-06
-4.48965e-06
-3.91646e-06
-4.31545e-06
-5.36824e-06
-2.52626e-06
-4.70415e-06
-6.60285e-06
-4.95002e-06
-4.77782e-06
-3.37029e-06
-3.36585e-06
-8.04183e-06
-8.03712e-06
-1.07412e-05
-7.81837e-06
-6.82365e-06
-9.02597e-06
-8.93058e-06
-7.54883e-06
-8.67876e-06
-7.98836e-06
-7.09726e-06
-7.09084e-06
-8.46039e-06
-8.54012e-06
-6.9605e-06
-4.23564e-06
-3.27156e-06
-2.73622e-06
-3.01393e-06
-5.28032e-06
-5.27563e-06
-4.64718e-06
-2.17361e-06
4.69888e-08
5.17035e-08
3.32564e-06
1.14075e-06
5.75987e-07
4.63127e-06
3.96598e-06
5.36187e-06
4.47482e-06
2.45172e-06
-2.43495e-08
-1.92319e-06
-3.19743e-06
-2.43614e-06
-1.33365e-06
-1.32889e-06
1.35826e-06
1.3631e-06
3.36715e-06
3.13398e-06
2.16006e-07
-1.02983e-06
-1.02335e-06
-3.25897e-06
-1.88551e-06
-2.35153e-06
-5.03827e-06
-3.32024e-06
-1.60629e-06
-1.9646e-06
6.36486e-07
6.41427e-07
6.57109e-07
3.56733e-07
3.61442e-07
-1.3764e-06
5.16003e-06
6.90327e-06
6.21219e-06
6.86022e-06
4.82279e-06
2.68333e-06
3.12044e-06
4.90055e-06
4.89421e-06
7.13219e-06
3.98264e-06
4.5908e-06
5.18719e-06
6.34067e-06
1.80682e-06
2.27524e-06
1.22297e-06
1.04637e-06
1.95772e-07
2.03662e-07
2.25082e-06
1.27826e-06
-8.81974e-07
1.81163e-06
1.81909e-06
2.13749e-08
1.85474e-06
3.29662e-06
3.30176e-06
4.51233e-06
5.58278e-06
5.3499e-06
1.10404e-06
4.49948e-06
5.82411e-06
1.55621e-06
1.86216e-06
2.26648e-06
4.85156e-07
2.30034e-06
1.22488e-06
1.75458e-06
5.64327e-06
5.52499e-06
5.01191e-06
5.01708e-06
4.98506e-06
7.59828e-06
7.72841e-06
7.73345e-06
4.46869e-06
8.01652e-07
8.06153e-07
-2.14928e-06
-1.67529e-07
-2.01862e-06
-3.16366e-06
-3.15744e-06
2.50612e-06
2.40757e-06
2.92212e-06
2.94136e-06
3.81248e-06
6.00835e-06
6.01351e-06
4.10293e-06
3.71501e-06
3.54765e-06
4.28535e-06
5.69184e-06
5.69785e-06
3.35238e-06
3.87346e-06
4.21286e-06
4.218e-06
2.97922e-07
-2.65769e-07
1.33749e-06
1.81105e-06
1.09744e-07
2.20439e-06
2.91511e-06
2.92023e-06
5.7647e-06
4.64931e-06
3.81785e-06
5.95525e-06
5.96033e-06
4.93745e-06
4.66408e-06
1.13347e-05
1.22633e-05
1.4076e-05
1.27663e-05
1.2339e-05
9.65728e-06
8.18764e-06
7.79937e-06
3.94085e-06
9.34976e-07
2.16007e-06
-4.78225e-07
1.16623e-06
3.06267e-06
3.06786e-06
8.87104e-07
-2.20824e-06
4.0628e-07
-1.84661e-06
-1.8418e-06
-2.07699e-06
-8.23252e-06
-1.05806e-05
-1.00567e-05
-9.33988e-06
-1.06059e-05
-1.06373e-05
-1.17167e-05
-1.17115e-05
-1.53764e-05
-1.53716e-05
-1.54477e-05
-1.39518e-05
-1.32671e-05
-1.34887e-05
-1.2535e-05
-1.25303e-05
-1.24174e-05
-1.30816e-05
-1.51537e-05
-1.80125e-05
-1.82948e-05
-1.9276e-05
-1.92708e-05
-1.71817e-05
-1.55394e-05
-1.55347e-05
-1.28005e-05
-1.29267e-05
-9.77012e-06
-9.63627e-06
-6.92955e-06
-4.18932e-06
-1.05116e-06
-6.4888e-07
-8.18531e-07
-3.52549e-06
-3.26431e-06
-1.70314e-06
4.54575e-07
1.49378e-07
-8.72388e-07
2.83246e-06
4.19258e-06
9.24649e-06
1.02525e-05
1.02571e-05
1.02619e-05
1.30198e-05
1.27395e-05
1.27444e-05
1.11729e-05
1.39335e-05
1.20021e-05
1.37204e-05
1.44146e-05
1.44195e-05
2.12516e-05
2.1176e-05
2.11809e-05
2.45678e-05
2.18955e-05
2.04327e-05
2.14665e-05
1.83546e-05
1.49986e-05
1.50036e-05
1.29062e-05
1.16115e-05
1.16164e-05
9.15763e-06
9.33236e-06
8.28709e-06
8.2776e-06
8.43618e-06
7.7175e-06
7.72225e-06
3.41253e-06
3.41741e-06
-3.49433e-06
-3.48967e-06
-4.18788e-06
-5.501e-06
-7.28817e-06
-8.0801e-06
-8.07555e-06
-1.02582e-05
-1.28323e-05
-1.71011e-05
-1.54943e-05
-1.41423e-05
-1.41798e-05
-1.57957e-05
-1.65201e-05
-1.5899e-05
-1.66458e-05
-1.66412e-05
-1.62308e-05
-1.62261e-05
-1.43331e-05
-1.24476e-05
-1.23629e-05
-8.66261e-06
-8.65798e-06
-7.00754e-06
-1.36339e-06
-1.96322e-06
-4.96306e-08
-4.50926e-08
2.33882e-06
4.25786e-06
7.09177e-06
7.09625e-06
3.2067e-06
4.55114e-06
3.76421e-06
7.9463e-07
2.53121e-06
-1.58109e-06
-2.12631e-06
-4.54085e-06
-2.6999e-06
-5.26087e-06
-5.51026e-06
-5.67136e-06
-4.80098e-06
-5.52328e-06
-7.86377e-06
-1.01161e-05
-9.33363e-06
-9.96882e-06
-9.96428e-06
-1.00311e-05
-9.48328e-06
-9.224e-06
-8.46333e-06
-8.45866e-06
-9.61264e-06
-8.69299e-06
-8.78649e-06
-1.00978e-05
-1.00932e-05
-8.90912e-06
-1.1097e-05
-1.15916e-05
-9.57404e-06
-8.60294e-06
-5.15469e-06
-2.7687e-06
-4.00043e-06
-5.97661e-06
-3.80718e-06
-2.94414e-06
-5.15563e-06
-8.82017e-07
5.48263e-07
1.20465e-06
1.38591e-06
-1.54132e-06
-1.53657e-06
-1.77357e-06
1.12176e-06
2.24996e-06
4.87886e-06
4.79326e-06
1.3074e-06
2.80654e-06
5.09287e-06
4.48993e-06
4.49479e-06
4.71541e-06
4.82733e-06
8.11348e-06
6.60979e-06
9.93481e-06
1.0934e-05
6.73369e-06
4.83916e-06
6.1126e-06
7.5414e-06
1.13296e-05
1.25565e-05
8.13009e-06
6.41243e-06
2.19321e-06
2.19839e-06
2.39232e-06
4.39357e-06
4.92364e-06
2.87573e-06
9.73154e-07
5.77563e-08
3.28572e-06
3.55664e-06
4.07616e-06
4.08137e-06
6.62123e-06
9.92399e-06
8.31772e-06
8.32294e-06
9.11932e-06
9.12447e-06
1.03495e-05
1.03548e-05
8.53862e-06
1.00342e-05
9.49014e-06
1.00002e-05
1.20758e-05
1.20808e-05
8.02189e-06
8.09054e-06
8.09592e-06
8.88402e-06
8.21188e-06
9.49764e-06
9.50292e-06
8.42628e-06
6.98118e-06
8.00789e-06
8.01311e-06
6.52949e-06
4.41701e-06
4.93336e-06
1.88656e-06
-6.32937e-07
-6.27703e-07
-2.96707e-06
-4.28299e-07
5.34355e-07
-4.206e-07
2.58751e-07
-1.40864e-06
-2.24238e-06
-2.23739e-06
-5.27691e-06
