-1.16782
-0.161465
-1.14646
-0.119153
-0.0418485
0.104825
0.170757
0.219998
0.254635
0.278229
0.268494
0.280498
0.27242
0.328579
0.274831
0.227809
0.203798
0.200565
0.151807
0.244603
0.119016
0.0839157
0.0627073
0.18048
0.0364994
0.00416326
-0.0112526
0.159672
-0.0192842
-0.0500439
-0.0513634
-0.0603898
0.0994994
-0.048687
-0.0513439
-0.086093
-0.0913216
-0.0925397
0.0326584
-0.0743512
-0.0851182
-0.0818099
-0.0830931
0.0644354
-0.0595683
-0.0708538
-0.0667832
0.0404194
-0.0272503
-0.0326878
-0.0547261
-0.0584197
-0.0590619
0.0427756
-0.0435549
-0.0511035
-0.0477634
0.0515531
-0.0338407
-0.0421507
-0.0430565
-0.0178855
0.0621331
-0.0248679
-0.0326638
-0.0308988
0.0939608
-0.0160372
-0.0295563
-0.0289091
0.0741834
0.00865635
0.00168622
-0.0235387
-0.0295187
-0.032493
0.0758018
-0.0207309
-0.0314325
-0.0304099
-0.0337123
0.104386
-0.0162298
-0.0295127
-0.0281438
0.0815909
0.0096677
0.00162159
-0.027116
-0.0329597
-0.0365455
0.102965
-0.0212612
-0.0351954
-0.0342267
0.0794308
-0.0251751
-0.0376872
-0.037385
-0.041383
0.105393
-0.0233949
-0.0375532
-0.0383773
0.108851
0.00766871
-0.0335974
-0.0373639
-0.0410318
-0.0418744
0.0406398
-0.0382967
-0.0480989
-0.0462314
0.124121
-0.0246321
-0.0406351
-0.0385688
0.0746134
0.0290471
-0.0342781
-0.0409121
-0.0431465
0.0408885
-0.0368043
-0.0455672
-0.044599
-0.0455751
0.0990983
-0.0256016
-0.0382973
-0.0359493
0.105227
-0.0203318
-0.00634077
-0.030455
-0.038041
-0.0407198
0.0731511
-0.027479
-0.0382047
-0.0392226
-0.039861
0.103763
0.00241987
-0.0307035
-0.031287
-0.0352983
0.106319
-0.0195469
-0.0341991
-0.0332923
-0.0380295
0.104554
-0.0219766
-0.0368945
-0.036014
0.0789505
0.0307055
-0.0313509
-0.0370314
-0.0378691
-0.0414418
0.0679386
-0.0319437
-0.0430749
-0.0417613
0.068759
-0.0298171
-0.0409411
-0.0184957
-0.034443
0.104842
-0.0127052
-0.0250251
-0.0228031
0.0843409
0.0429467
-0.016953
-0.0228767
-0.0270315
-0.0312793
0.0785747
-0.0200503
-0.0316582
-0.0310575
0.0780547
-0.0208108
-0.0329726
-0.0326598
-0.0365246
0.101495
-0.0194434
-0.0334592
-0.0343359
-0.0326098
0.0994744
-0.0210744
-0.0346552
-0.0337552
-0.0376303
0.0964728
-0.0225994
-0.0361657
-0.0350625
0.0950648
0.00374424
-0.00627326
-0.031991
-0.0392718
-0.0424184
0.0602285
-0.0320672
-0.0427375
-0.0408732
0.0596672
-0.0307762
-0.0406126
-0.0392639
-0.0408933
0.0838519
-0.0246452
-0.0358839
-0.032953
0.0645789
0.0240617
-0.027748
-0.0309139
-0.0334477
-0.037212
0.057902
-0.0257758
-0.0346637
-0.0099047
-0.0312651
0.084981
-0.0181657
-0.0298322
-0.0278432
0.0630654
0.00241698
-0.00431541
-0.026543
-0.0307153
-0.033179
0.0584419
-0.0241405
-0.0318331
-0.0306076
0.0583191
-0.0226684
-0.0306236
-0.0293561
0.059
-0.0214728
-0.0308329
-0.0300615
-0.0315121
0.0808805
-0.0189821
-0.0286802
-0.0272833
0.0850115
0.00717808
-0.00120748
-0.0235289
-0.0298084
-0.0314765
0.0556068
-0.0243077
-0.0342539
-0.0324716
-0.0328811
0.0747392
-0.0207499
-0.0308364
-0.0278316
0.0779531
0.00303777
-0.0273687
-0.0281129
-0.0300651
-0.0328432
0.0502092
-0.0240372
-0.0298254
-0.0283477
0.052329
-0.0215781
-0.0296731
-0.0264591
-0.0284683
0.0731904
0.00479222
-0.0466427
-0.00485585
-0.0228397
0.076803
-0.0153038
-0.0260217
-0.0229445
-0.0257102
0.0738678
-0.0172179
-0.0275475
-0.0261422
-0.0252689
0.0719136
-0.0184809
-0.0292456
-0.0249259
0.0545015
0.0205983
-0.0235005
-0.0247148
-0.0271103
-0.0303909
0.0480804
-0.0197062
-0.0271
-0.0292669
0.0503321
-0.0184477
-0.0253843
-0.0265832
-0.00753023
0.0722129
-0.016932
-0.0263111
-0.0228976
-0.0260256
0.0685352
-0.0178746
-0.0244019
-0.0233325
0.0694044
-0.0176941
-0.00485094
-0.0212579
-0.029922
-0.0320673
0.0450098
-0.0187354
-0.0269836
-0.0309643
0.0465618
-0.016389
-0.0234908
-0.0272253
-0.0295656
0.0699447
-0.0116373
-0.023389
-0.0234085
0.0957924
-0.00740746
0.00315131
-0.00754618
-0.0127679
-0.0194344
0.0560132
-0.00631139
-0.0140948
-0.0198268
-0.0231788
0.0746028
-0.0059318
-0.0139863
-0.0209416
0.0741228
0.00614982
-0.016556
-0.0183543
-0.0277844
-0.0315964
0.0516823
-0.0169401
-0.0306352
-0.0303698
0.0454333
-0.0163107
-0.0276512
-0.0128665
-0.0356585
0.0566516
-0.0183159
-0.0274182
-0.0364767
0.0379276
-0.00201333
-0.00647718
-0.0321562
-0.0365143
-0.0379635
0.042263
-0.0171956
-0.0337384
-0.0330596
0.0353952
-0.0167222
-0.022183
-0.029169
-0.0310577
0.0368966
-0.0125198
-0.0174469
-0.0247082
0.0585299
-0.00299914
-0.0101302
-0.0227169
0.0608048
-0.0168713
0.0110372
-0.0104483
-0.016692
-0.0314479
0.035217
-0.0124563
-0.0156049
-0.028659
0.032934
-0.0260558
-0.0211922
-0.0194626
-0.0330749
0.047956
-0.0227291
-0.017285
-0.0146369
0.0514886
-0.0198203
-0.0143334
-0.0115947
-0.0275776
0.034271
0.0129281
0.0101481
-0.022055
-0.0266965
-0.0271357
0.0532118
0.00452264
-0.0208956
-0.00424272
0.0368637
-0.0208619
-0.010002
-0.00880415
-0.0283232
0.0468012
-0.020469
-0.00483888
-0.00192837
-0.0271755
0.0606374
0.00747591
0.00555333
-0.0186757
-0.0268133
0.0273728
-0.00327163
-0.00792487
-0.0297296
0.0246107
-0.00240094
-0.00667841
-0.0297709
-0.0332064
0.0362441
0.00697501
-0.00781998
0.0039951
0.0266987
-0.0104334
0.0190036
0.0160818
-0.0209391
-0.0326145
0.0157448
0.000334993
-0.00205067
-0.0319201
0.012804
-0.0294602
-0.00210326
9.3094e-05
0.0138698
-0.027777
0.00223813
0.00529916
-0.0294892
0.0205152
0.0206161
0.0191022
-0.0252425
-0.0302805
0.0564521
0.0260497
-0.00641011
-0.00807077
0.0162194
-0.020047
-0.0233317
0.00819855
0.00973849
-0.0324025
-0.00418642
-0.0317012
0.0204065
0.0261962
-0.0288639
0.00136032
0.0318125
0.0460397
-0.0130348
-0.00778806
-0.0198838
0.0168356
0.0191076
-0.0315683
-0.0359751
0.0332219
0.0217576
-0.0337954
-0.0385588
-0.039801
0.0251888
0.0194069
-0.0343095
-0.037241
0.041518
-0.0136172
0.0341393
-0.0277622
-0.0352035
0.03732
0.0569897
-0.0126551
-0.032376
-0.0402917
0.00152379
0.00648489
-0.0375808
-0.0409975
0.0328352
0.0247457
-0.0335826
-0.0366034
-0.0361789
0.0138964
0.0397743
-0.0276831
-0.0318812
-0.00970839
0.0391785
0.00292336
-0.0141145
-0.025946
-0.0625196
-0.0342011
0.0131083
0.027663
-0.0190201
-0.020034
-0.0118549
0.0307677
-0.012323
-0.015118
-0.0128244
-0.0175783
0.0412029
-0.00653663
-0.0101546
-0.026619
0.0305809
0.00297403
-0.00778915
-0.00611262
0.0265242
-0.0292086
-0.00862392
-0.00446265
-0.00434567
-0.0344712
0.0243127
0.00147334
-0.000634757
-0.0629578
0.00280778
0.0157091
0.00998041
0.00670125
-0.0637756
-0.0181487
-0.00381363
0.0152805
0.0126253
0.0154327
-0.0542747
0.0117877
0.0180032
0.0186067
-0.0585381
0.0114113
0.0259641
0.0277966
0.0180584
-0.0766941
0.0208534
0.0319093
0.031686
-0.0628857
-0.0403109
0.0216466
0.0332571
0.0211265
0.038273
-0.0574037
0.00525951
0.0363907
0.0375368
-0.0334554
-0.00409426
-0.00012199
0.0349455
0.0371419
-0.0911517
-0.0166434
0.0176506
0.0350067
-0.0312341
-0.0207254
-0.0194945
0.0333205
0.0382112
0.0049502
-0.0629236
0.0316592
0.0409036
0.0402139
0.00484085
-0.0778409
0.028378
0.0373715
0.0230718
-0.0712494
-0.0506779
0.0278024
0.0341534
-0.0151931
-0.0268797
-0.0306004
0.0322175
0.0391716
0.0406603
-0.0489063
-0.00685383
0.0373032
0.038386
0.00122863
-0.0624638
0.0274473
0.0354568
-0.0121232
-0.0615033
0.014416
0.0218977
-0.0043213
-0.0126784
0.014542
-0.0129911
0.0291693
0.0352254
0.0263424
0.0012511
-0.044192
0.024295
0.0296925
-0.00427962
-0.0416303
0.0205693
0.0199363
0.024629
-0.0119254
-0.0153814
-0.00097077
0.0211684
0.0226983
-0.0128679
-0.0350359
0.016506
0.0205443
-0.0136206
-0.0308396
0.015713
0.0196079
-0.00575187
-0.0128307
-0.0081949
0.0109002
0.0184106
0.019231
0.0171225
-0.0106638
-0.0067874
0.0153608
0.015973
0.0140951
-0.0117414
-0.0139357
0.0106751
0.0117333
-0.0132119
-0.0151201
0.0038571
0.00934172
0.00955168
0.00993264
0.00341656
-0.00822868
0.00722725
0.00792032
-0.0130869
0.00124316
0.00620016
0.00556482
-0.00924588
0.00300909
0.00809155
0.00148542
0.00386799
0.00580571
0.00381442
0.0123101
-0.0090245
0.000516096
0.000856952
0.0107781
-0.0133272
-0.00222331
-0.00148274
0.0260722
-0.0118687
-0.018644
-0.0065567
-0.00460454
0.0346377
0.000378347
-0.0124816
-0.0137661
-0.00492317
0.0381449
-0.0111911
-0.0164997
-0.00665036
-0.00613488
0.0321116
-0.0117341
-0.0113963
-0.00930169
-0.0116791
0.0413891
0.00472734
-0.0137357
-0.0145736
0.0445274
-0.00412048
-0.00445668
-0.0149664
-0.0130311
-0.0141231
0.025367
-0.0160137
-0.0149957
-0.0138789
0.0339823
-0.0145635
-0.0208996
-0.0152567
0.0343074
-0.00881193
-0.0179844
-0.0179528
-0.0155888
0.0479849
-0.0112093
-0.0175938
-0.0132607
0.0379528
0.00106711
0.0081396
-0.0147512
-0.0150626
-0.0150634
0.0385328
-0.0151635
-0.0215087
-0.0168412
-0.018336
0.0467363
-0.0154141
-0.0176553
-0.0166365
0.0398618
0.0185502
-0.0163043
-0.0192799
-0.0160601
-0.0192092
0.033445
-0.0181551
-0.0185312
-0.0174405
0.0360484
-0.0173759
-0.0103415
-0.0178102
0.0409179
-0.0102531
-0.0164682
-0.0214625
-0.0239427
0.0564104
-0.00926637
-0.0167925
-0.0233184
-0.0263696
0.0567804
0.00582242
-0.023357
-0.0264931
-0.0207797
0.0423627
-0.0121751
-0.0181301
-0.0250158
0.0369881
-0.0123179
-0.0181081
-0.0284126
-0.0312435
0.0575191
-0.0103187
-0.0267238
-0.0286625
0.039525
0.0134784
-0.0078143
-0.00627416
-0.0152283
-0.0284403
0.0184264
-0.0143434
-0.0184206
-0.0292258
0.0500638
-0.00876781
-0.0154973
-0.0300182
-0.0333875
0.062416
-0.00692507
-0.0156709
-0.0319828
-0.0338171
0.0640126
-0.00611514
-0.0139288
-0.0307363
0.0284086
0.00370717
0.0041569
-0.0113733
-0.0301165
-0.0329348
0.0402201
-0.0096396
-0.0151852
-0.0304041
0.0525338
-0.00609286
-0.0133675
-0.0126871
-0.0348935
0.0477576
-0.00753052
-0.0145129
-0.0362459
-0.0436206
0.0814065
-0.00382052
-0.0133477
-0.0303083
-0.0349692
0.0529019
-0.00762021
-0.0152244
-0.0382681
-0.0425552
0.0702856
-0.00605787
-0.0340926
-0.0416617
0.0474059
0.00674842
0.016008
-0.00781941
-0.0114675
-0.0342262
0.0366035
-0.0093786
-0.0157231
-0.0355071
-0.0391516
0.0745808
-0.00611013
-0.0416046
-0.040702
-0.0183275
0.0978206
-0.0221292
-0.0415182
-0.025604
-0.0210769
0.0607672
-0.00644369
-0.0339476
-0.035032
-0.00456181
0.0854051
-0.00299144
-0.0321226
-0.0335304
0.0638888
0.0341851
-0.0105316
-0.0403285
-0.0443794
-0.0208192
0.059939
-0.0367795
-0.046261
-0.0212145
0.0626432
-0.0109319
-0.0416372
-0.0494723
0.0577635
-0.0100181
-0.0178721
-0.0374254
-0.0383247
0.0861629
-0.0052541
-0.0333062
-0.0333105
0.0910913
0.0107942
0.00929577
-0.0107686
-0.0390314
-0.0445932
0.0642224
-0.0144342
-0.0242214
-0.0445582
0.0648295
-0.0144274
-0.02446
-0.0440615
-0.0528685
0.0568539
0.0289712
-0.0187412
-0.0400391
-0.0393165
-0.0273377
0.0650753
-0.014383
-0.0411434
-0.0409571
0.0685542
-0.0112517
-0.036071
-0.0378557
-0.00418186
0.0704325
0.00732328
-0.0167126
-0.0293324
0.0629833
0.0146965
0.00836072
-0.0164698
-0.0321634
-0.0323436
0.079164
-0.00605482
-0.0279523
-0.0277598
0.0832066
-0.00542879
-0.0312105
-0.0322855
0.0825566
-0.00842367
-0.0312108
-0.0348194
-0.0305902
0.10296
-0.00948776
-0.0222792
-0.0322365
0.0697301
0.0116248
0.0247589
-0.0192343
-0.0353916
-0.0358275
0.0815551
-0.0124258
-0.0354277
-0.0354704
-0.0268205
0.109327
-0.00959496
-0.0360937
-0.0369138
0.10832
-0.011175
0.00198865
-0.0219222
-0.0388624
-0.0432196
0.0744308
-0.0230513
-0.0449455
-0.044923
0.0737505
-0.0234489
-0.042626
-0.0441646
0.0972277
-0.0257961
-0.0400741
-0.0181711
-0.042502
0.0550754
0.0127164
-0.0388253
-0.0430463
-0.0530455
-0.056848
0.0566855
-0.0365141
-0.0469904
-0.0498827
0.0534046
-0.0296208
-0.0381486
-0.0436782
-0.046965
0.0869589
-0.024805
-0.0373227
-0.0357053
0.0859551
-0.0290187
-0.0102532
-0.0313463
-0.0417569
-0.0461856
0.0634311
-0.0264825
-0.0409041
-0.00998405
-0.0387758
0.066467
-0.0204751
-0.0302393
-0.0287532
0.0965033
-0.0191356
-0.0276389
-0.0263429
0.075714
0.00559049
0.00102605
-0.0246035
-0.0310783
-0.0372644
0.0671625
-0.0234381
-0.0338682
-0.037633
-0.0410216
0.100164
-0.0193256
-0.033152
-0.0337531
0.0747032
0.00750863
2.95178e-05
-0.0261849
-0.00700441
-0.0353079
0.0713059
-0.0230817
-0.03493
-0.0377274
0.0707599
-0.0248938
-0.0361395
-0.0354075
0.0722009
-0.0288315
-0.0365683
-0.0354584
-0.0399398
0.0954834
-0.0220962
-0.0342966
-0.0352963
0.0729752
0.00222166
-0.0030273
-0.0291603
-0.0377542
-0.0390299
0.0727446
-0.0260364
-0.0368937
-0.0383983
-0.010847
0.101063
-0.0199927
-0.0326803
-0.0345903
0.100304
-0.0207642
-0.00676635
-0.0319754
-0.0363749
-0.0414352
0.0693953
-0.0276328
-0.0118164
-0.0347942
0.0713916
-0.0243917
-0.0364151
-0.0373105
-0.0415724
0.0956895
-0.0225525
-0.0354608
-0.035685
-0.0372775
0.0994473
0.00673333
-0.0303939
-0.033217
-0.0375551
0.0711658
-0.0253906
-0.0371131
-0.0375362
0.0700396
-0.0258738
-0.0368462
-0.0373835
-0.0406508
0.0976144
0.00427344
-0.0304864
-0.0327264
0.101426
-0.0196933
-0.00690411
-0.0304715
-0.0342359
-0.0402982
0.0659541
-0.0292398
-0.0399527
-0.0396658
0.0671987
-0.0277222
-0.038285
-0.0403726
-0.0410463
0.0949958
-0.0220776
-0.0344284
-0.0334145
0.0984939
0.00777678
-0.029192
-0.0311811
-0.0363317
-0.0401875
0.0677188
-0.0271884
-0.0373536
-0.0358976
0.0977898
-0.0202072
-0.0334112
-0.0344466
-0.0371474
0.0962749
-0.0207329
-0.033767
-0.0331173
0.0986409
-0.0201667
-0.00685806
-0.0298466
-0.0376678
-0.0403829
0.0667495
-0.0280587
-0.0380476
-0.037057
0.0684332
-0.0255759
-0.0360297
-0.0375397
-0.0382893
0.0958298
-0.020379
-0.0330683
-0.0314076
-0.0349139
0.0978835
-0.0185513
-0.00425871
-0.0287465
0.101937
-0.0170859
-0.00495936
-0.0288192
-0.0371291
-0.0403773
0.0662048
-0.0286501
-0.0405688
-0.0409615
0.066207
-0.0280378
-0.0398577
-0.0375346
0.066949
-0.0264555
-0.0367994
-0.0356189
-0.0386707
0.0934269
-0.0211167
-0.0354677
-0.0316266
-0.0328763
0.13283
-0.00330726
-0.0167126
-0.0139992
0.0889227
0.020446
0.0122064
-0.0150165
-0.0225334
-0.0269911
0.0833517
-0.0174935
-0.0296501
-0.0297093
0.0783183
-0.020991
-0.0331708
-0.0331871
-0.0374158
0.100625
-0.0210532
-0.0361084
-0.0359365
0.073211
0.00236827
-0.00572581
-0.0320823
-0.0385862
-0.0417917
0.0949725
-0.0534446
-0.0173293
-0.0359011
0.0661672
-0.0288663
-0.0403785
-0.0399684
-0.0433581
0.0895491
-0.0263165
-0.0407811
-0.0369426
-0.0405101
0.0902308
-0.0239237
-0.0362438
-0.0345787
-0.0381716
0.0913251
0.0041811
-0.0307879
-0.0318837
-0.0355595
0.0659945
-0.0253982
-0.0358253
-0.0348917
0.0668116
0.00294803
-0.0311802
-0.0349439
-0.0358086
0.0922181
-0.0211251
-0.033736
-0.0325026
-0.0364245
0.0919429
-0.0210111
-0.0335634
-0.0322651
0.0709765
0.0377735
-0.0156301
-0.0185744
-0.0207159
-0.0217675
0.0799279
-0.0117549
-0.0222731
-0.0217613
0.0818164
-0.0128377
-0.024439
-0.0245527
-0.028753
0.104766
-0.0136389
-0.0274838
-0.0269413
0.105528
0.0114349
0.000405572
-0.0263967
-0.034628
-0.039273
0.0671688
-0.0296409
-0.0411165
-0.0405074
-0.0439006
0.0902834
-0.0267886
-0.0393957
-0.0404077
0.067994
-0.00191935
-0.00914615
-0.0355781
-0.0393139
-0.0419075
0.0610772
-0.0304515
-0.039434
-0.0378103
0.0636144
-0.0266544
-0.0364594
-0.0350977
-0.0376869
0.117339
-0.0168824
-0.0313388
-0.0295233
-0.0341941
0.0916303
-0.0201281
-0.032892
-0.0319439
0.0671825
0.00306548
-0.0053852
-0.0298117
-0.0355268
-0.0383428
0.0625687
-0.0274567
-0.0367431
-0.037782
0.0646186
-0.0249435
-0.0346558
-0.03339
-0.0362483
0.0906228
-0.0206675
-0.0311469
-0.029615
-0.0332244
0.0930689
0.00955823
-0.0263022
-0.0276228
-0.0314734
0.0940333
-0.0187342
-0.0319277
-0.0311013
0.0945637
0.00589021
-0.0303109
-0.0324281
-0.0369803
-0.0410561
0.0610982
-0.0289393
-0.0401757
-0.0369944
-0.0396394
0.0882142
-0.0220786
-0.0336406
-0.0319118
-0.0352541
0.0911011
0.00645517
-0.0277299
-0.0315356
-0.0301457
0.0942016
-0.0190132
-0.0319955
-0.0315584
0.0933338
-0.0201441
-0.0336737
-0.0349789
-0.0383113
0.0883739
-0.0236521
-0.0104578
-0.0317328
-0.0353659
-0.0393728
0.0613109
-0.0274648
-0.0372634
-0.0357654
-0.03781
0.0889126
-0.0209755
-0.0325249
-0.0303676
-0.0313372
0.0918852
-0.0182755
-0.0304584
-0.0292412
0.0956384
0.0084902
-9.62878e-05
-0.0255654
-0.0327981
-0.0362497
0.0645337
-0.0265614
-0.0370174
-0.0361372
0.0650244
-0.0255723
-0.036204
-0.0352369
-0.0376187
0.0902809
-0.0212653
-0.0332994
-0.0316404
0.0703493
0.00345328
-0.00349107
-0.0281315
-0.0340055
-0.036405
0.0649797
-0.0254187
-0.0353871
-0.0336429
0.067275
-0.0236593
-0.0338308
-0.00756473
-0.0301326
0.0941476
-0.0174804
-0.0310495
-0.0303707
-0.0340506
0.0938816
-0.0199683
-0.0326452
-0.0316254
0.0956253
0.00689724
-0.029856
-0.032128
-0.0366953
-0.040001
0.061534
-0.0308812
-0.0424505
-0.0397451
0.0617248
-0.0298595
-0.0398488
-0.0385311
-0.040319
0.0878187
-0.0236463
-0.0352642
-0.0326281
0.0670174
0.0292518
-0.000705184
-0.0274502
-0.0331254
-0.03658
0.0646429
-0.0252836
-0.0360991
-0.035065
-0.0370961
0.0908647
-0.0209567
-0.0328326
-0.0303099
0.0695071
0.0297836
-0.0263258
-0.0290949
-0.0321917
-0.034264
0.0653547
-0.0247225
-0.0334592
-0.0319015
0.0684533
-0.0228263
-0.0330976
-0.0312429
0.070217
-0.0221327
-0.0326661
-0.00648119
-0.031328
0.0967954
-0.0162168
-0.0308277
-0.030257
0.0985713
0.00924156
-0.0289293
-0.0318144
-0.0366535
-0.0395659
0.0644612
-0.0285168
-0.0386685
-0.0373119
0.0664747
-0.025136
-0.0365303
-0.0376699
-0.0351556
0.0926396
-0.0211963
-0.0332551
-0.0298191
0.0972226
-0.0180725
-0.006979
-0.00266809
-0.0302022
-0.0345921
0.0668556
-0.0262558
-0.0371912
-0.0365459
0.0666309
-0.024904
-0.0369383
-0.0361332
-0.037317
0.0916593
-0.0233327
-0.0343812
-0.0303725
0.0959339
-0.0199874
-0.00740373
-0.0271676
-0.0334893
-0.0373943
0.0638765
-0.0268727
-0.00978775
-0.0341598
0.0701394
-0.021572
-0.0349023
-0.0347009
-0.0357745
0.091756
-0.0220372
-0.0344024
-0.0328845
0.068958
0.0225631
-0.0356396
-0.038748
-0.0428591
-0.0505945
0.0493473
-0.0391436
-0.0449665
-0.0419693
0.0528488
-0.0345423
-0.0434181
-0.0146006
0.0616391
-0.0256054
-0.0373293
-0.0366948
-0.0351936
0.085822
-0.0228157
-0.034063
-0.0322275
0.0905836
-0.0142052
-0.00621231
-0.0276269
-0.0310756
-0.0324051
0.0640068
-0.0250579
-0.00725271
-0.0292661
0.067653
-0.0174162
-0.0321067
-0.0322045
-0.0310455
0.0913134
-0.0208057
-0.0321203
-0.0308512
0.0726638
0.0082358
-0.00443746
-0.0296681
-0.0274888
-0.0278182
0.0601978
-0.026231
-0.0302904
-0.0275661
0.064212
-0.0235998
-0.035917
-0.0359875
0.0668158
-0.0184567
-0.0352672
-0.0337262
-0.0298824
0.0913138
0.00540151
-0.0305866
-0.0300533
0.0665075
0.0344297
-0.017596
-0.0312337
-0.035462
-0.0295845
0.0684456
-0.0255862
-0.0377896
-0.038787
0.0650503
-0.0185272
-0.0364927
-0.0361249
-0.0387732
0.0880967
-0.0135138
-0.0354329
-0.0326499
0.0709118
0.012372
-0.00650393
-0.0295609
-0.0211567
-0.00777198
0.0720172
-0.0225573
-0.0329627
-0.035896
0.0558852
-0.0167204
-0.0251895
-0.0365516
0.0531646
-0.0150969
-0.0240614
-0.0363334
-0.0383624
0.0862203
-0.0106001
-0.035119
-0.0372005
0.0919356
0.0181945
-0.0312173
-0.0343387
-0.0382107
-0.0206458
0.0712884
-0.0244402
-0.0403068
-0.0378635
0.0634511
-0.00960369
-0.0364263
-0.0368819
-0.0392208
0.0897849
0.0019874
-0.00674187
-0.0303013
-0.0360091
0.0920236
0.0104934
-0.027633
-0.0368112
-0.039873
0.0821382
-0.00323852
-0.0379461
-0.0390265
0.0385935
0.0315646
-0.00695628
-0.0367591
-0.0409248
-0.043483
0.0660037
0.00531535
-0.037571
-0.0389947
0.0712651
0.0115685
-0.0357253
-0.0383313
-0.00554154
0.0739154
0.0152287
-0.0159836
-0.0278774
-0.0403416
0.0375908
0.00503841
0.000346511
-0.0373358
0.019708
0.0234114
0.0206027
-0.0347676
-0.041111
0.00409941
0.0612878
-0.0326536
-0.041389
0.0197686
0.0225908
0.0280926
-0.0345961
-0.0398127
0.0237662
0.0411242
0.0376023
-0.0326187
-0.0400516
0.0143825
0.0597474
0.00177612
-0.0531158
-0.0437924
-0.0240844
0.0290069
0.0706518
-0.0325941
-0.0414345
0.0371556
0.0881879
-0.0156195
-0.0411791
-0.0434012
-0.0476968
0.0471132
0.0259868
-0.0406008
-0.0471879
0.0587371
0.061284
-0.0271135
-0.0325422
-0.0326732
0.0491122
0.0828017
-0.00653288
-0.0303204
-0.0324258
0.0353033
0.0393305
-0.030836
-0.0364973
0.0294198
-0.0178429
0.0239789
-0.0340914
-0.0387202
0.0238954
0.0306015
-0.0438712
-0.0365883
-0.0346642
0.0353074
0.0233285
-0.0274456
-0.0294357
0.0325767
0.0486363
-0.0442997
-0.0295655
-0.02697
0.00982776
-0.0298381
-0.0288648
-0.0350453
-0.0250322
0.00770009
0.0113236
-0.0569097
-0.0208885
0.00983076
0.0139107
-0.00499786
-0.066428
-0.0082534
-0.00341167
0.00314479
-0.0610908
-0.00665415
-0.00932922
0.00502658
0.00139409
0.0040227
-0.0421976
0.0115787
6.08532e-06
-0.000218247
-0.0373656
0.0179394
-0.00254424
-0.00340214
-0.0317295
0.0240272
-0.0143584
-0.0169211
0.0314093
-0.0358395
0.0287306
-0.0168685
-0.0333081
-0.0474868
0.030573
0.0380751
0.0297286
-0.00356861
-0.0583777
0.0111534
0.0421229
-0.00880367
-0.0142199
0.0369914
-0.00661963
-0.0329689
-0.0337898
0.0309372
0.0371716
-0.0160112
-0.0330941
-0.0465012
0.0167035
-0.00488729
0.0237925
-0.021997
-0.016517
0.0366586
0.0416441
0.00810132
-0.0105025
-0.0120307
0.0355109
0.00278591
-0.0254644
-0.0267311
0.0307592
0.0357654
-0.0368031
0.0178704
-0.0290481
0.00808659
0.0340531
0.0348107
-0.00816534
-0.000936089
0.0284296
0.0287783
0.0125848
-0.0221742
-0.0266776
0.0172521
0.0207954
0.0108456
-0.0248625
-0.0265288
0.0137126
0.0145115
-0.0210391
-0.0232155
0.0135216
0.0163662
0.0190888
-0.0136143
-0.0224578
0.00725423
0.0149302
0.0150541
0.00200396
0.0175324
-0.00542321
0.0133531
0.0275825
-0.00536284
-0.00935296
0.00908141
0.00897838
0.031041
-0.0107026
-0.0157973
0.0043273
0.00952907
0.0103905
-0.00896731
-0.000684862
0.0024266
0.00148066
0.0188086
-0.00718534
-0.000399877
0.00022679
0.0223914
-0.00663861
-0.00228726
-0.00209468
0.0325763
-0.00421588
-0.00901134
-0.0027768
-0.00398488
0.039094
0.0106482
-0.00708951
-0.00437588
-0.00608376
0.0457218
-0.00308645
-0.00937954
-0.00871004
0.0472499
-0.0027403
0.003626
-0.00947257
-0.0144534
-0.0164407
0.0363885
-0.00721051
-0.0171755
-0.0175083
0.0320398
-0.00671022
-0.0115835
-0.0181315
0.0334471
-0.014228
-0.00854099
-0.0073666
-0.0204301
0.0452349
0.00134516
-0.00434827
-0.0185721
0.0487093
0.0137975
-0.000207442
0.00252942
-0.0176922
-0.0259929
0.0285523
-0.00429276
-0.00856967
-0.0260388
0.0277942
-0.0222589
-0.00857513
-0.00635104
-0.0274609
0.0411724
0.00829877
0.00394397
-0.0230714
0.0430235
-0.00496248
0.00656577
0.0148473
-0.018435
-0.0297984
0.0256315
0.00323429
-0.000299101
-0.0289788
0.0228725
0.00600351
0.00237181
-0.0134066
0.0238197
-0.0263308
-0.0326566
0.0100925
0.0124541
0.0349281
-0.0243974
0.0162687
0.0297942
0.0444001
-0.0119806
-0.0305405
0.0098259
0.00763192
-0.03485
0.00813572
-0.0329918
0.00483047
0.00919263
-0.0339273
0.0164521
0.028165
0.0275917
-0.0282479
0.00540476
-0.0113128
0.0297843
0.0312758
-0.0298413
-0.0358
0.00981084
0.0286785
0.0293349
-0.0187206
0.00697337
-0.0308095
-0.0361649
0.0115401
0.0153442
-0.00304832
-0.033554
0.015057
0.0205814
-0.0316568
-0.0117127
0.030842
0.0333292
-0.0280538
-0.0198965
-0.0271673
0.0253857
0.0418085
-0.0156258
-0.0312475
-0.0266615
0.0102381
0.0131699
-0.0288945
-0.0311003
-0.0303993
0.0175279
-0.0188084
0.0189172
-0.0300383
-0.0255049
0.0157392
0.0260136
-0.0103923
-0.0355589
-0.020329
0.00236595
0.00463836
-0.0377165
-0.0232396
-0.0147673
0.000213489
0.00378748
-0.00885084
-0.0253615
-0.00240233
0.00207918
-0.00165294
-0.0338104
-0.00846229
-0.00430844
0.0023982
-0.0265412
-0.0199282
-0.0205333
-0.00345508
0.00515025
0.0130074
-0.0229428
0.0131606
-0.00669119
-0.00876999
-0.0145223
0.0173939
-0.0100528
-0.0115564
0.0218227
-0.0153631
-0.027583
-0.0267148
0.0220197
-0.00418442
0.0174916
-0.0316675
-0.0395535
0.0146971
0.0314178
0.00429489
-0.00218856
-0.000904024
0.0337173
0.00964892
0.0327745
-0.0236866
-0.0300187
0.0292326
0.00330755
0.0186968
-0.0282431
-0.0328976
0.00179009
0.0294673
-0.034458
-0.0445097
0.0163063
0.0336567
0.0187559
0.0361397
-0.00822741
-0.0133631
0.0189559
0.0344644
-0.0226941
-0.02772
0.0177806
0.0298511
-0.0122601
-0.0254509
0.00483699
0.01287
0.0311054
0.0339835
-0.00442592
-0.0092559
0.0297809
0.0268169
0.0299695
0.0302052
-0.016229
-0.0173038
0.020399
0.0213678
-0.0205417
-0.0157053
0.015782
0.0170951
0.0165696
-0.0194908
-0.0154164
0.00569133
0.0127126
0.0128479
0.00245799
-0.00888309
0.0144929
0.0116011
-0.0131978
-0.0160399
0.0242652
0.00850643
0.00600348
-0.0142527
0.00359181
0.00440954
0.00355172
-0.0199377
0.0258892
-0.0166628
-0.000473181
0.00179166
0.000396818
0.0128666
-0.0165229
-0.0016022
-0.00031326
-0.0171403
0.0132168
-0.0017866
-0.00136793
-0.000854305
0.0265884
0.000474227
-0.000833624
-0.00106317
-0.00271732
-0.0120386
0.0198036
-0.00185932
-0.00498558
-0.0113182
0.0231339
-0.00273252
-0.00626986
-0.0121577
0.024238
-0.00380198
-0.00755668
-0.0075908
4.66102e-05
0.038684
-0.00574091
-0.00827943
-0.00832316
0.0420531
-0.00417213
0.000710476
-0.00926557
-0.0108511
-0.0118904
0.0311475
-0.00989135
-0.0149742
-0.0152218
0.0327551
-0.0066481
-0.0152658
-0.0154055
-0.00975083
0.0475159
-0.00949602
-0.015699
-0.00777608
0.0398027
0.0169213
-0.0112162
-0.016077
-0.0183283
-0.0106739
0.0388195
-0.00419461
-0.0186191
-0.0192034
0.0401492
-0.00211661
-0.0193591
-0.0200659
-0.00553334
0.0550587
-0.0134034
-0.020598
-0.0202503
-0.00421684
0.0604879
-0.00964566
-0.0209228
-0.0209592
0.0410223
0.0235599
-0.0187102
-0.0223053
-0.0240315
-0.00604625
0.0405003
-0.0188184
-0.0253828
0.000369959
0.0549071
-0.0114693
-0.0232834
-0.0235709
-0.0260646
0.0550032
0.00873505
-0.0220471
-0.0233197
0.0024666
0.0634324
-0.0106125
-0.0242694
-0.0241652
0.0382273
0.0230087
-0.0220014
-0.0256266
-0.0270129
-0.00528421
0.0358648
-0.0213045
-0.0274444
0.0046092
0.0433937
-0.018741
-0.024495
-0.0241661
0.00414078
0.0501271
-0.0169669
-0.0231335
0.00113735
-0.0118533
0.0464215
0.0028582
-0.0153556
-0.0219348
-0.0243441
0.0264632
0.00262257
-0.0222387
-0.0232648
0.00280564
0.0382934
-0.0165318
-0.0221983
-0.0206913
0.0259378
0.0127405
-0.0121617
-0.0186563
-0.00279624
0.00169098
0.00451103
-0.0134066
-0.018483
-0.0186588
0.0177152
-0.0010834
-0.0152967
-0.0135099
0.00488502
0.00083952
0.00077203
-0.0115919
-0.0125931
-0.0123572
0.00854346
-0.00145931
-0.00977048
-0.00952386
-0.0067561
0.00722471
-0.00650239
-0.0071932
-0.00639456
0.00309785
-0.00523597
-0.00563179
-0.00417373
-0.0038198
-0.0119013
-0.00430103
-0.00213701
-0.00158911
-0.00076669
-0.0145433
-0.00590447
0.00154376
0.00247098
-0.0121278
-0.0112966
0.00513698
-0.00235121
0.00555733
0.00733634
0.00779671
-0.00311527
-0.0108405
0.00664501
0.00808738
-0.0049696
-0.0132493
0.0066732
0.00838862
-0.0144975
-0.0049018
0.00821286
0.00902639
0.00937485
-0.020836
-0.0111843
0.00793309
0.00900703
-0.0228014
-0.0250428
0.0210678
0.0118673
0.0106725
-0.0275514
0.0230133
-0.0251334
0.011521
0.0126521
0.0114826
-0.0144426
-0.00181579
0.010553
0.0106094
-0.0156834
-0.00171516
0.00951392
0.00947891
-0.0230322
-0.025324
0.0292835
0.0110629
0.00893542
-0.0203127
-0.00868719
0.00764391
0.0142217
0.00893595
-0.0142348
-0.0165941
0.0289311
0.00986717
-0.0147081
-0.0162381
0.0299077
0.00849359
0.00901016
0.00684713
-0.0199516
0.0121791
0.00506371
0.00275712
-0.0212149
0.00227614
0.0135346
0.00265927
0.00158017
-0.0154861
-0.0179747
0.0303039
0.00301886
-0.000341452
-0.0153131
0.0162191
0.00103759
-0.00172101
-0.0200272
-0.0217163
0.0305197
0.000565711
-0.0155059
-0.0188145
0.0364239
-0.000955395
-0.00258877
-0.00179731
0.00452928
0.0356754
-0.00959998
-0.00436686
-0.00405529
0.0353619
-0.00315983
-0.00768772
-0.00671713
-0.00880351
-0.0207122
0.019429
-0.00893229
-0.0107721
-0.0102183
-0.0177711
0.0254767
-0.00629963
-0.0100357
-0.0166029
0.0402753
-0.00389042
-0.00925017
-0.00986616
0.0314692
0.00113754
0.00250756
-0.00885695
-0.0168617
-0.00231879
0.0312182
-0.00844367
-0.0128436
-0.0129938
-0.0184789
0.0433432
-0.00786332
-0.0137447
-0.0157501
0.0327861
0.0159682
-0.0111945
-0.0136155
-0.0152569
-0.018217
0.0328652
-0.0114599
-0.0164587
-0.0162804
0.0349465
-0.0107836
-0.0160282
-0.0156457
0.0363935
-0.0102411
-0.0160435
-0.0157634
-0.0161983
0.0504446
-0.00906687
-0.015627
-0.0129667
0.050096
0.0205567
-0.0115753
-0.0149184
-0.0152151
-0.0154126
0.0368788
-0.0138211
-0.0196355
-0.0193068
-0.0184852
0.0506147
-0.0120185
-0.0187389
-0.0142571
0.0397284
0.00104468
-0.00335786
-0.0167634
-0.0145567
-0.0165669
0.0349768
-0.0154562
-0.0209811
-0.0170902
0.0372874
-0.0146357
-0.0209246
-0.0200431
-0.00808213
0.053239
-0.0070633
-0.0175595
-0.0183657
0.0536488
-0.00864134
-0.00770076
-0.0212326
-0.0262146
-0.0250538
0.028887
-0.0219308
-0.0272412
-0.026237
-0.0244388
0.04228
-0.0170579
-0.0227713
-0.018229
0.0330323
-0.00220479
-0.00540535
-0.0182291
-0.0171586
-0.0174656
0.0316319
-0.0132608
-0.0177424
-0.0158512
-0.0167691
0.058869
-0.0070643
-0.0139566
-0.0127152
-0.014852
0.0490028
-0.00765207
-0.0149327
-0.014476
0.0505742
-0.00679212
-0.00121513
-0.0146275
-0.0191003
-0.0183372
0.0348531
-0.0115256
-0.0196088
-0.0191642
-0.0174857
0.048975
-0.00905817
-0.0195969
-0.0205234
0.0389282
0.00497602
-0.00430908
-0.0185439
-0.0174919
-0.00552147
0.0370392
-0.00909512
-0.0139091
-0.020332
0.0312156
-0.0095628
-0.0145662
-0.0217698
-0.0238491
0.0505274
-0.00710832
-0.0240435
-0.0239135
0.03908
0.00592509
0.00181499
-0.0218589
-0.0283205
-0.0181296
0.0389888
-0.00810443
-0.0232722
-0.023221
-0.0134338
0.0549376
-0.00492681
-0.0224406
-0.0228304
-0.0141764
0.0551743
0.00590676
-0.024449
-0.0261905
0.0440801
0.0267508
-0.0177126
-0.0204809
-0.00688382
-0.00611381
0.0480515
-0.0183606
-0.0291776
-0.0145867
0.0468876
-0.00529203
-0.0115262
-0.0246711
-0.0271824
0.0592109
-0.0055834
-0.0284308
-0.028889
0.0606266
-0.00543046
0.0022024
-0.0255809
-0.0310381
-0.0176221
0.0443377
-0.0213247
-0.00401808
-0.0311805
0.0408982
-0.00737689
-0.0135396
-0.0258315
-0.0261662
0.0623423
-0.00516464
-0.0125556
-0.0225161
0.0380416
0.0247161
-0.00929008
-0.0265456
-0.0276178
-0.0181311
0.0470902
-0.00952696
-0.0293993
-0.0322726
-0.0203132
0.064845
-0.00703489
-0.0225295
-0.0220775
-0.0151848
0.068165
-0.0134662
-0.0222495
-0.0154506
0.0876421
-0.00550809
-0.000750325
-0.0276501
-0.03539
-0.0293627
0.0408554
-0.0328416
-0.0442217
-0.0333067
0.036604
-0.0231509
-0.0289945
-0.0348629
-0.0363427
0.0543795
-0.0165015
-0.0322978
-0.0310516
-0.0238984
0.0600805
-0.0181717
-0.0295699
-0.0209446
0.0479805
0.00662283
0.00297644
-0.0188757
-0.000829831
-0.0215928
0.050653
-0.00917484
-0.0226082
-0.0227565
0.0521468
-0.00943173
-0.0292382
-0.0307361
-0.0266779
0.0627807
-0.0162708
-0.0315064
-0.0325038
-0.0281599
0.0642699
-0.0146339
-0.0283376
-0.0296406
0.0504519
0.00353774
-0.00113633
-0.02349
-0.0278342
-0.0241294
0.0497903
-0.0220725
-0.0309066
-0.00461516
0.0545732
-0.0122504
-0.0275781
-0.0279467
0.0521015
-0.0125014
-0.0207563
-0.0192361
-0.0271981
0.0676732
-0.0101433
-0.0188926
-0.0238343
-0.0271292
0.0749454
-0.00963197
-0.0275547
-0.0264156
0.0576179
0.00797704
0.00244738
-0.0245164
-0.0315387
-0.0261452
0.0553586
-0.0150973
-0.0295261
-0.0291813
0.057021
-0.0139956
-0.0292196
-0.00583934
-0.0265341
0.0786895
-0.00996562
-0.0203851
-0.0290702
0.0498866
0.00753088
0.000803596
-0.0291405
-0.0346409
-0.0272007
0.0561304
-0.0171085
-0.0353488
-0.0373822
0.0551005
-0.0158178
-0.0237763
-0.0314072
-0.0343195
0.0796692
-0.0112054
-0.0303294
-0.0296293
0.062342
0.00912894
-0.00635222
-0.0274435
-0.0227728
-0.00806409
0.0626977
-0.0180583
-0.0398464
-0.0413971
0.055528
-0.0210105
-0.0430993
-0.0458888
-0.0353974
0.0771997
-0.0166275
-0.0258576
-0.0347641
-0.0384047
0.0807286
-0.0130053
-0.0344132
-0.0337272
0.0853492
-0.0108628
-0.014028
-0.0336984
-0.0252716
-0.0261609
0.0627683
-0.0297453
-0.0440989
-0.0291575
0.0659856
-0.0132718
-0.00174647
-0.0291105
-0.0346559
0.0916824
-0.008351
-0.0199098
-0.0341045
0.0550906
0.0338532
-0.0166646
-0.036299
-0.0434178
-0.0323636
0.0667546
-0.0166195
-0.0251845
-0.0355647
0.0582407
-0.0188504
-0.0298854
-0.0426977
0.0508327
-0.0245289
-0.0339317
-0.0332441
-0.0499185
0.070792
-0.0210978
-0.0311379
-0.0427204
-0.0104719
0.0799984
-0.0159855
-0.0261358
-0.0385348
-0.0459374
0.0886101
-0.0154683
-0.0287908
-0.0281829
0.0624389
-0.00164472
0.000244778
-0.022284
-0.0388379
-0.0409498
0.0689933
-0.0190678
-0.0287248
-0.0370102
0.062851
-0.0175797
-0.0273145
-0.0354669
-0.0383343
0.096274
-0.0145924
-0.0251068
-0.0232881
0.073373
0.00600214
0.00416313
0.00248326
-0.0241289
-0.0345528
0.0709669
-0.020192
-0.0315336
-0.031235
-0.0372755
0.0674402
-0.0226383
-0.0327208
-0.0350945
0.0992718
-0.0167452
-0.0314712
-0.031497
-0.0361955
0.0990227
-0.0188999
-0.0320515
-0.0309605
0.0786402
0.00488115
-0.00275994
-0.0290967
-0.0358012
-0.038912
0.0702192
-0.0273411
-0.0382891
-0.0357487
0.0727027
-0.000394773
-0.0335368
-0.0350457
-0.0356869
0.101259
-0.0214974
-0.0371788
-0.0368211
0.0746355
0.00483763
-0.00584666
-0.0320906
-0.0321738
-0.0353385
0.0655314
-0.0339544
-0.0464222
-0.0407332
-0.0436285
0.112659
-0.027922
-0.0427854
-0.0346537
0.0963175
-0.0267836
-0.0156454
-0.0378137
-0.0358873
-0.041165
0.057175
-0.0339773
-0.043543
-0.0387853
0.066139
-0.0298672
-0.0416473
-0.0344743
-0.0366813
0.0844779
-0.0260614
-0.0375387
-0.0276689
0.0972079
-0.021188
-0.0104818
-0.0237098
-0.0245232
-0.0382337
0.0874752
-0.0233507
-0.0272337
-0.0233329
0.0662726
-0.0253966
-0.0364752
-0.0297719
-0.0312571
0.0868379
-0.0227004
-0.0344315
-0.0280899
0.0970885
-0.0200168
-0.00818825
-0.0219204
-0.0281044
-0.0375651
0.0602411
-0.0178367
-0.0278341
-0.0344162
-0.0361131
0.0924813
-0.0122673
-0.0288828
-0.0295329
0.063592
0.0255198
-0.0210035
-0.00691378
-0.0239699
-0.0353218
0.0609141
-0.0174
-0.0265189
-0.0323554
0.0615427
-0.0149015
-0.0240086
-0.0332622
-0.0333554
0.0835213
-0.0122541
-0.0212025
-0.0279942
0.0615923
0.00102506
0.000452105
-0.0215826
-0.0311322
-0.036624
0.0620126
-0.0196714
-0.0351931
-0.0346497
0.0559299
-0.0193563
-0.0288534
-0.00874663
-0.0328148
0.0782744
-0.0127805
-0.0235456
-0.0318773
0.056112
0.0286517
-0.0176298
-0.0290078
-0.0339037
-0.0373337
0.0558361
-0.0207381
-0.0348881
-0.0340234
0.0513492
-0.0188394
-0.0268176
-0.0334374
-0.0341029
0.0798087
-0.0119881
-0.0290019
-0.0280659
0.0596989
0.00806112
-0.00248746
-0.023626
-0.0299933
-0.0326104
0.0725694
-0.0145207
-0.0243906
-0.0292931
0.052466
-0.0171892
-0.0254582
-0.0309797
-0.034094
0.0670066
-0.0138625
-0.022723
-0.0309881
0.048357
0.0252145
-0.0153255
-0.0262206
-0.0307116
-0.0336305
0.0503731
-0.0179241
-0.0311105
-0.030388
-0.0322368
0.0723523
-0.0102849
-0.0270723
-0.026245
0.0736813
0.00605049
0.00536602
-0.0197099
-0.0277456
-0.0308206
0.0426848
-0.0166429
-0.0235405
-0.031333
0.0437277
-0.0100731
-0.0154777
-0.0209571
-0.0228442
0.078656
-8.50644e-05
-0.0183639
-0.0182503
-0.0213659
0.0793006
0.00181378
-0.0178533
-0.0204914
0.0532074
0.0108243
0.00545652
-0.0214567
-0.0271289
-0.0299012
0.0532729
-0.000289796
-0.0164078
-0.0280214
0.0412922
-0.0111415
-0.0157591
-0.0275821
0.0376469
-0.0253377
-0.022623
-0.0214639
-0.0311039
0.0536344
-0.0178169
-0.0140733
-0.0112791
-0.0239194
0.0583336
0.000437102
-0.00656342
-0.0202756
0.0423591
0.0120948
0.0107989
-0.0140771
-0.0221403
-0.027973
0.0352261
-0.00195548
-0.014016
-0.0140535
0.0358626
-0.0224301
-0.0157298
-0.0147127
-0.0288593
0.0443563
-0.00640064
-0.0132943
-0.0309236
0.0256771
0.00139924
-0.0119044
-0.00892039
-0.028816
-0.0359149
0.0200877
-0.0136552
-0.0174809
-0.0337614
0.0205355
-0.0100163
-0.0143557
-0.0288044
-0.0309153
0.0340399
-0.000535734
-0.00411303
-0.00538455
0.0265247
-0.00714517
0.0107466
0.00505522
-0.0192743
-0.0268835
0.0211031
-0.0231499
-0.00993516
-0.00761284
0.0208204
-0.0216621
-0.0261121
-0.00232795
-0.000535779
0.0325196
-0.0181857
0.000802691
0.00309321
0.0217308
0.00254867
-0.00124029
0.00274351
-0.0130106
-0.019693
0.0153378
-0.0228134
-0.00692411
-0.00685649
0.03544
-0.0195601
-0.0254847
0.000803181
0.00145054
0.0142331
-0.0214198
-0.0251963
0.00112939
0.0542161
-0.011485
-0.0231155
-0.0232297
-0.00940924
0.0344249
-0.0192031
-0.0252725
-0.0238433
0.00399897
0.0470462
-0.0141938
-0.0175415
0.0109999
0.0501352
-0.0108369
-0.00958636
-0.0163381
0.00835656
0.0108273
0.0127623
-0.0121815
-0.0254918
0.000394558
0.0344141
-0.0176398
-0.0287943
-0.0291129
-0.00805699
0.0236214
-0.0246187
-0.0286321
-0.0277286
0.0196786
-0.00023976
-0.0204211
-0.023903
-0.00132835
0.00078923
-0.00616129
-0.0218492
-0.0215903
0.00742262
0.0103197
-0.00326643
-0.0179778
0.0108909
0.031665
-0.00637771
-0.0151568
-0.0155663
0.256779
0.29285
0.0119923
0.0122711
-0.0228257
-0.0196094
-0.0180858
-0.0506982
-0.0686076
-0.0430857
-0.0434641
-0.0724708
-0.0700403
-0.0671428
-0.037407
-0.0291929
-0.0675093
-0.0517282
-0.0187284
-0.0155569
-0.0579316
-0.0343045
-0.00786546
0.00212696
-0.00770279
-0.0478744
-0.0191009
-0.0102945
0.00983904
0.0152022
-0.0400462
-0.0036717
0.000571174
0.00331514
0.0274866
-0.0128041
0.00652668
0.0105114
0.0310603
0.00236276
0.00542781
0.00293395
0.0103426
0.0268383
0.0285159
-0.0195624
0.00750766
0.0252459
0.025472
-0.0214072
0.00542981
0.00907945
0.021431
0.0231888
-0.0317986
0.00199097
0.0226126
0.00604945
-0.0122308
-0.00674607
-0.00684718
0.00110663
0.0185581
0.020837
-0.0302607
-0.000319699
0.00310429
0.0172893
0.0195867
-0.0418742
-0.00221946
0.0156853
0.0158841
-0.036028
-0.0226761
-0.000779624
0.0128584
0.0175528
0.0077005
-0.0360434
0.00145754
0.0142966
0.014454
0.0079671
-0.0495779
0.000337877
0.012986
0.0132712
-0.0487423
0.00123582
-0.00406123
0.0133149
0.0174987
0.0118358
-0.0355521
0.012116
0.0171424
0.0119189
0.0121922
-0.046312
0.00848888
0.0150202
0.010815
0.0114683
-0.0452021
0.00689544
0.0110896
0.0101888
-0.0483339
0.00373182
-0.000640365
0.00465693
0.0125242
0.0141486
-0.0332323
0.00861672
0.0135998
0.0143583
-0.0328513
0.00949486
0.012354
0.0118275
-0.0324143
0.00963924
0.0109383
0.00942149
0.0142376
-0.0429561
0.00807204
0.00976882
0.00953798
0.0128383
-0.042461
0.00327927
0.00865353
0.0129265
-0.0421218
0.0014648
0.00213609
0.00634862
0.0089506
0.017297
-0.0257792
0.00530757
0.00747351
0.014826
0.0174031
-0.0355483
0.011814
0.00954376
0.00809058
-0.0250147
0.00142064
-0.00321649
0.00560601
0.0155595
0.0171392
-0.0323674
0.00124342
0.0154181
0.015688
-0.0304158
0.000107372
0.0102444
0.00855425
0.013566
-0.0285127
0.0112237
0.00601612
0.0046441
-0.0279034
0.0105833
-0.00348881
0.00268422
0.0147584
0.0161929
-0.0286946
-0.00165806
0.0141398
0.0146349
-0.0258074
-0.00246981
0.00815948
0.011112
-0.0148231
0.0119223
0.0038668
0.00262417
0.0142415
-0.0181245
0.0105462
0.00249847
0.000885873
0.00720114
-0.0172219
0.0094635
-0.00180534
-0.00332086
-0.0107718
-0.000570013
0.0105339
-0.00218752
-0.0027152
0.0121257
-0.00609188
-0.00353211
-0.00548105
0.00831396
-0.00476737
0.0109451
0.00166242
0.000664701
-0.00303411
0.0112674
0.00124453
0.000178479
0.0117136
-0.00354464
0.0101206
0.000289558
0.00654813
-0.0107118
0.00389964
0.00970043
-0.00408473
-0.00580031
0.00775699
0.00291344
-0.00632373
-0.00697811
0.00663027
0.000671821
-0.0037251
-0.00367848
0.00713253
0.00816488
-0.00625675
-0.00291769
0.00793647
0.00881711
0.00742758
-0.00358304
-0.00401774
0.00764868
0.00830225
0.00812704
0.00776358
-0.00348531
-0.0049472
0.00589756
0.00628414
-5.71403e-05
-0.00738816
0.0024634
0.00514651
0.00500869
0.00478904
-0.0023042
0.00484811
0.00538784
0.0130665
0.000679244
-0.000708624
0.00397418
0.00393406
0.00353014
0.00528942
-0.00503948
0.00199905
0.00237271
0.00620345
-0.00519274
0.000939794
0.00153824
-0.00475343
0.0164777
-0.00404034
-0.00245453
-0.000833901
0.0145823
0.00922481
-0.00394601
-0.0053728
-0.00169734
-0.00224748
0.0136986
-0.00564258
-0.00792342
-0.00323228
-0.0035407
0.0139005
-0.00519259
-0.00349245
-0.00305369
0.0118947
0.0045451
-0.00353062
-0.0038262
-0.00398903
-0.00463172
0.0125056
-0.00419248
-0.00462491
-0.00440497
0.0150302
-0.00356734
-0.00568325
-0.00355929
-0.00514057
0.0197603
-0.00263136
-0.00516986
-0.00493367
0.0149968
0.00258002
0.00134302
-0.00433523
-0.0058305
-0.00649907
0.0153532
-0.00297759
-0.00638753
-0.00634978
0.0142397
-0.00251336
-0.00534482
-0.00789488
-0.00892656
0.0208106
-0.00242554
-0.00842169
-0.00834652
-0.00609485
0.0207841
-0.00410004
-0.00638114
-0.00728106
-0.00826525
0.0161393
-0.00241241
-0.00454267
-0.00804429
0.0162424
-0.0015871
0.00113374
-0.00741054
-0.00816795
-0.00333125
0.016605
-0.0063272
-0.00862448
-0.00839379
0.0168093
0.00230508
-0.00624096
-0.00822363
-0.00863777
0.0200254
0.000277219
-0.00766667
-0.00784131
-0.0015735
0.0208425
-0.00524608
-0.00806056
-0.00585437
-0.00863086
0.0205315
0.00262553
-0.00747668
-0.00788566
1.0977e-05
0.022473
-0.00375995
-0.00824646
-0.00834506
0.013419
0.00387933
-0.00423841
-0.00850701
-0.00938777
-0.00254965
0.0119261
-0.00746435
-0.0092307
-0.00137912
0.0117573
-0.00687908
-0.00877021
0.0011613
0.00161912
0.00652396
-0.00660926
-0.00632795
-0.00788868
0.0139761
0.00395504
-0.00439035
-0.00690778
0.00222196
0.00418883
0.00349075
-0.00736852
-0.00852632
-0.00106426
0.00660901
-0.00735671
-0.00852256
-0.00829154
-0.000439872
0.00715862
-0.00642565
-0.00712046
0.00077798
0.00624842
-0.00527755
-0.00537432
0.00342086
0.00403892
-0.00487512
-0.00334929
0.00197187
0.00405281
-0.000957461
-0.00196838
-0.00398436
-0.00504672
-0.00504521
0.001765
0.00219597
-0.00376811
-0.00394622
0.00438145
0.00347693
-0.00343178
-0.00400929
-0.003146
0.00446948
0.00674865
-0.0037736
-0.00274579
-0.00247645
0.00300024
0.00359398
-0.00757403
-0.00292281
0.00309171
0.00377516
-0.00729504
-0.0040558
-0.00360873
0.00300486
-0.00177278
0.00364245
-0.00779841
-0.00160922
0.00512293
0.00568955
-0.00812216
-0.000916485
0.00544015
0.0068968
0.00234984
-0.0107422
-0.000258481
0.00423487
0.00439399
0.00130845
-0.0120577
-0.00326441
0.003625
0.00415021
0.00118301
-0.0100949
0.00379143
0.005329
0.00214736
0.00185554
-0.0136873
0.00293553
0.00520894
0.00249737
-0.0149131
-0.00330547
0.00318063
5.73215e-05
0.00383895
0.00326369
-0.0114926
0.00282649
0.00450349
0.00332218
-0.0118213
0.00276747
0.00447493
0.00361118
0.00366261
-0.0158999
0.00184166
0.00379456
0.0035181
-0.0131632
-0.00627075
0.00254299
0.00346793
0.00450785
0.00530558
-0.0127592
0.00251955
0.00518497
0.00537358
-0.0122083
0.00181368
0.00248042
0.0060118
-0.0150528
0.00326434
0.00314951
0.00231528
0.0053336
-0.0165187
0.00354194
0.00591173
0.00334466
-0.0193492
0.00349862
0.0014763
0.00185491
0.00292464
0.0070178
-0.0109956
0.0051118
0.00298077
0.00151887
-0.0124673
0.00493981
0.00689748
0.00311119
0.00342152
-0.0156957
0.00463521
0.00681907
0.00147502
-0.0164012
0.00103218
0.000155862
0.00721734
0.00831598
0.00438531
-0.0132219
0.00776168
0.00994712
0.00368979
0.00187898
-0.00859283
0.00778954
0.00937592
0.00923027
-0.0156629
0.00120177
0.0079959
0.00848512
0.00125421
-0.0176877
0.00533776
0.00755464
0.00731002
-0.0172299
-0.00323258
0.00524056
0.00701075
0.00775984
-0.0121081
-0.0031283
0.00046917
0.00662071
0.00762959
0.00220105
-0.0112169
0.00587477
0.00747897
0.00132429
0.00120509
-0.00842618
0.00531002
-0.000686008
-0.00158713
0.00575096
-0.00760876
0.00215923
-0.00137113
-0.00335354
0.00421329
-0.00417021
0.00538369
0.000707203
0.000188817
-0.00365422
0.00557063
0.000464233
1.63786e-05
0.00619112
-0.00472923
0.00510001
0.000179727
-0.000458577
0.00351981
-0.0042393
0.00466813
-0.00167716
-0.00245307
-0.00220393
0.00296369
-0.00371522
-0.00408745
0.00332569
0.00547198
-0.000230965
0.00525342
0.000104632
-0.000369514
4.37143e-05
0.00480026
0.00519847
-0.00177979
-0.00651839
0.0036954
0.00447311
-0.00225455
-0.00390743
-0.00147261
0.00376419
0.00407977
-0.000687849
-0.00321462
0.00284359
0.00296761
0.00401255
-0.00059845
-0.00108355
0.00262342
0.00363067
0.00357774
-0.00218208
-0.00287593
0.0025804
0.00283298
-0.00263201
-0.00307165
0.00322445
0.00269331
0.00237963
-0.00237955
-0.00214956
0.0015338
0.00266704
0.0021173
-0.00150326
-0.00188666
0.00440348
0.00204168
0.00167162
-0.00241836
0.000568691
0.00131897
0.00101545
0.00112715
0.00530968
-0.00216094
-0.00306261
0.000392421
0.000659709
0.00333029
-0.00352651
-0.00121952
-0.000510839
-0.000769848
0.00624909
-0.00208716
-0.00304362
-0.0010001
0.00674772
-0.000367084
-0.00275668
-0.0010964
-0.00124885
-0.00338824
0.00320997
-0.000861752
-0.00137529
-0.00246954
0.00433428
-0.00112088
-0.00152323
-0.00121925
-0.00139311
0.00891736
-0.000803322
-0.00190472
-0.00113156
-0.00146024
0.00862956
-0.000930387
-0.00206217
-0.00153853
0.00912178
-0.000715219
0.000441829
-0.0015294
-0.00223292
-0.00253415
0.00684578
-0.00128386
-0.00257759
-0.00256531
0.00666482
-0.000990365
-0.00210178
-0.00268605
-0.00306624
0.0100753
-0.000373502
-0.0028149
-0.00278773
-0.00159184
0.00908696
-0.000324581
-0.0014294
-0.00295188
0.00654637
0.0045701
-0.00038328
-0.00281433
-0.00378206
-0.00427004
0.00742404
-0.00128752
-0.00415276
-0.00420351
0.00763259
-0.00101611
-0.00409299
-0.00417377
0.00541544
-0.00100637
-0.00179309
-0.00395316
-0.00281104
0.007758
0.000238022
-0.000604861
-0.00358177
-0.00418822
0.0108471
0.000760597
-0.00377949
-0.00396493
0.00536965
0.00477185
0.0010042
-0.00304617
-0.00411745
-0.00481138
0.00725759
-0.000646655
-0.00454979
-0.0046653
0.00687982
-0.000412872
-0.00440276
-0.00482133
0.00341814
-8.22124e-05
-0.000389876
-0.0033489
-0.00366296
0.00724561
0.00197607
0.00138087
-0.00259503
-0.00303003
0.0058326
0.00194538
0.00136554
-0.00282892
0.00365883
0.00511439
0.00247526
-0.0021771
-0.00368658
-0.00412051
0.00568229
0.000135015
-0.0040333
-0.00423916
0.00523945
0.000143154
-0.003965
-0.00415783
0.00119633
0.000750084
0.000648077
-0.00358446
-0.00400139
0.00562432
0.00158366
-0.00163063
-0.00254589
0.000526899
-0.00235522
-0.00201967
-7.89354e-05
3.13928e-06
-0.00334206
-0.000321383
0.000284421
0.00027688
-0.00291641
-0.000503458
-0.0027484
0.00106523
0.00154897
-0.00241024
-0.000560813
0.00161928
0.00250186
-0.00121601
-0.000411058
-0.00208508
0.000588708
0.000847215
-0.00206951
-0.0012155
-0.00206623
0.000734626
0.000979389
-0.00145579
-0.00180953
0.00154239
-0.000550103
0.00114812
-0.00128851
-0.00206573
0.00154545
0.00187642
-0.00111139
-0.00235538
-0.00145912
0.00142468
0.00223412
-0.00238016
-0.00134036
-0.0011451
-0.00116223
0.000983928
-0.000834566
-0.0021216
-0.000877521
0.00161406
0.00189331
-0.000295814
-0.00321253
0.00104085
0.00179583
0.000589282
0.000254481
-0.00421907
-0.000671316
0.00108927
0.00127848
-0.00408497
-0.00153158
-0.00119851
0.000983604
0.00140219
0.000467604
-0.00385489
6.786e-05
0.00176294
0.00185496
-0.00386962
0.000276734
0.00167509
0.00187225
0.0012108
-0.00528115
0.000259027
0.00121107
0.0011948
-0.00434238
-0.000934754
-0.000205536
0.00121364
0.00126438
0.00144633
-0.00423855
0.000918607
0.00149716
0.00144629
-0.00439533
0.000963517
0.00137662
0.000739217
0.00147073
-0.00598625
0.000877343
0.00127189
0.00121806
-0.00456691
-0.000405253
-0.00068381
0.000872676
0.00206285
0.00234872
-0.00417085
0.000681665
0.00103349
0.00199006
-0.00594999
0.00170271
-0.105044
-0.0130836
-0.00216099
-0.0105663
0.00152277
0.00429386
0.00831102
0.010753
0.0123423
0.0074206
0.0131782
0.0139507
0.0139037
0.00992624
0.0126861
0.0124151
0.0116233
0.0108738
0.00877099
0.00892544
0.00809385
0.00712257
0.00622334
0.00727818
0.00473399
0.00371414
0.00294068
0.00293132
0.00369953
0.00108855
0.000290795
-0.000242432
0.00216927
-0.000834127
-0.00149047
-0.00177761
-0.00177723
-0.000366143
-0.001676
-0.00214912
-0.00260631
-0.00264293
-0.00275036
-0.00157629
-0.0026406
-0.00270252
-0.0026992
-0.00254008
-0.00160507
-0.00219887
-0.00213588
-0.00197965
-0.00163652
-0.00167567
-0.0015504
-0.00140273
-0.0012597
-0.00112017
-0.00109471
-0.000862471
-0.000723974
-0.000604126
-0.000668488
-0.000406828
-0.000296796
-0.000211338
-0.000277682
-7.42587e-05
3.32277e-06
5.68887e-05
5.81676e-05
0.000107702
0.000176203
0.000207221
0.000228406
0.000245161
0.000435788
0.00028688
0.000270433
0.000270896
0.000573241
0.000421574
0.000371064
0.000251358
0.000208303
0.000179042
0.000675122
0.000192469
0.000118148
0.000101072
0.000702792
0.00011654
2.91224e-05
1.43915e-05
-2.91117e-05
0.000873599
4.6939e-05
-4.41619e-05
-7.1834e-05
-0.000122228
0.000884828
-3.1474e-05
-0.00013278
-0.000155256
0.000907143
-8.39354e-05
3.66918e-05
-0.000189264
-0.000266754
-0.00030304
0.000597041
-0.00019957
-0.000312377
-0.000305871
0.000597104
-0.000224227
-0.000317304
-0.000310079
0.000597715
-0.000208055
-0.000319706
-0.00031197
-0.000342267
0.000815847
-0.000198779
-0.000306861
-0.000291416
-0.000325005
0.000848703
-0.000177425
-0.00030064
-0.000290399
-0.000327272
0.000824747
-0.000179704
-0.000296818
-0.0002842
-0.000318502
0.000826146
-0.000176058
-0.000287136
-0.000276153
0.000651234
0.000260827
-0.000224314
-0.000271402
-0.000300075
-0.000332148
0.000563946
-0.000219168
-0.00030292
-0.000288186
0.000611735
-0.000191405
-0.000279558
-0.000276153
0.000588741
-0.000183991
-0.000268561
-0.000262746
-0.000286655
0.00078174
-0.000147681
-0.000244584
-0.000230102
-0.000259967
0.000777324
-0.000127246
-0.000231944
-0.000218662
0.000779149
-0.000118983
-2.35305e-05
-0.000190797
-0.000243052
-0.000258015
0.000519752
-0.000170365
-0.000246308
-0.000241497
0.000530975
-0.000163162
-0.000237064
-0.00022654
0.000485647
-0.000157588
-0.000227629
-0.000228444
-0.000242759
0.000620057
-0.000128073
-0.000212205
-0.000199978
0.00043654
0.000175444
-0.000164625
-0.000192979
-0.00020952
-0.000206507
0.00036978
-0.000156363
-0.000210921
-0.000201936
0.00034994
-0.000145763
-0.000200376
-0.000189584
-0.000202964
0.000446452
-0.000115059
-0.000174338
-0.000159494
-0.000176975
0.000411806
-0.000100644
-0.000157313
-0.000147746
0.000376778
-9.19419e-05
-4.44153e-05
-0.000124982
-0.000150392
-0.000155221
0.000218549
-0.000111399
-0.000144954
-0.000137275
-0.000143801
0.00027594
-8.59674e-05
-0.000120096
-0.00011765
0.00017535
5.43575e-05
-8.91747e-05
-9.80129e-05
-9.56217e-05
-0.000102717
0.000137028
-7.29107e-05
-9.17525e-05
-8.40303e-05
0.000126802
-5.09405e-05
-6.58783e-05
-6.012e-05
-5.80295e-05
0.000150833
-3.19455e-05
-4.9706e-05
-4.54071e-05
0.000115632
-2.94371e-05
-2.08045e-05
-4.48422e-05
-4.98251e-05
-4.93859e-05
4.2604e-05
-3.68837e-05
-4.14962e-05
-3.96078e-05
2.33575e-05
-3.04763e-05
-2.99238e-05
-2.42916e-05
-2.61082e-05
7.84718e-06
-1.42778e-05
-1.59277e-05
-1.41466e-05
-2.95235e-05
-1.3301e-05
-1.85749e-05
-8.59736e-06
-4.42057e-06
-6.58186e-07
-4.61839e-05
-7.2265e-07
8.34696e-06
9.91815e-06
-6.39448e-05
4.94865e-06
1.67507e-05
1.97297e-05
2.50596e-05
-9.74211e-05
1.49131e-05
3.32682e-05
3.25346e-05
3.77123e-05
-0.000118184
2.45667e-05
4.2892e-05
4.32252e-05
-0.00011061
-5.15014e-05
4.03768e-05
5.05151e-05
5.64753e-05
6.1503e-05
-0.000123028
3.95842e-05
5.93987e-05
5.66249e-05
-0.000143163
3.49433e-05
5.64941e-05
5.43919e-05
-0.0001673
3.02861e-05
5.43802e-05
6.00901e-05
6.48857e-05
-0.000235754
2.49541e-05
5.66066e-05
5.68309e-05
-0.000192189
-2.7354e-05
-1.1e-05
5.41863e-05
6.97342e-05
7.6658e-05
-0.000202256
5.15735e-05
8.10959e-05
8.20596e-05
8.63963e-05
-0.000283519
4.56655e-05
8.56031e-05
8.25863e-05
9.2255e-05
-0.000293741
4.76795e-05
8.59742e-05
8.55481e-05
9.81962e-05
-0.000308439
5.19002e-05
9.52524e-05
9.38614e-05
-0.000319546
5.257e-05
1.43569e-05
8.80063e-05
0.0001117
0.000122318
-0.000219043
8.53361e-05
0.000121142
0.000121899
0.000126508
-0.000314744
6.60854e-05
0.000106636
9.86081e-05
-0.00024736
-2.60514e-05
-2.37439e-06
8.37033e-05
0.000105556
0.000124146
-0.00022564
8.79968e-05
0.000135998
0.000136686
0.000149763
-0.000297802
9.48204e-05
0.000133347
0.000129099
-0.000230287
-0.000118078
6.28302e-05
6.92812e-05
7.31532e-05
7.96409e-05
-0.000278147
3.56467e-05
6.65716e-05
6.21746e-05
6.29161e-05
-0.000376861
2.35365e-05
7.10713e-05
6.93246e-05
8.74628e-05
-0.000369905
3.79645e-05
8.94973e-05
9.00829e-05
-0.000268327
-2.40759e-05
6.27519e-06
9.65315e-05
0.000122057
0.000133492
-0.000229689
9.26048e-05
0.000132272
0.000126111
0.000119801
-0.00033742
5.03385e-05
8.45088e-05
7.53215e-05
8.82239e-05
-0.000353344
3.20003e-05
7.3715e-05
6.77204e-05
-0.000273142
-5.41034e-05
-2.4933e-05
6.47927e-05
8.84425e-05
9.95579e-05
-0.000243338
7.09638e-05
0.00011032
0.000112893
-0.000220866
8.37585e-05
0.000119147
0.000117171
-0.000226471
6.27048e-05
8.91674e-05
7.88016e-05
8.45965e-05
-0.000322377
5.2744e-05
9.64275e-05
9.41287e-05
0.000110722
-0.000276748
6.70494e-05
0.000106469
0.000107061
-0.000261295
-2.80188e-06
9.73847e-05
0.000105401
0.000120935
0.000131072
-0.000150675
9.62188e-05
0.000120642
0.000115401
-0.0001481
8.54888e-05
0.000109032
0.000104691
0.000110719
-0.000209106
6.50363e-05
9.76999e-05
9.39416e-05
-0.000151124
-5.64003e-05
7.03562e-05
7.67583e-05
8.03709e-05
8.74334e-05
-0.000141468
5.35892e-05
7.74289e-05
6.86799e-05
7.43722e-05
-0.000202465
3.8284e-05
6.55397e-05
5.93651e-05
-0.000197961
3.28979e-05
8.71376e-06
4.87653e-05
6.22032e-05
6.50035e-05
-0.000138112
3.99334e-05
5.89373e-05
5.3143e-05
-0.000144621
3.21675e-05
5.28244e-05
4.62049e-05
5.16172e-05
-0.000177199
3.91766e-05
6.38312e-05
6.46049e-05
7.37909e-05
-0.000136171
5.95668e-05
8.83026e-05
9.04977e-05
-0.00010964
7.07046e-05
5.38484e-05
8.59635e-05
9.59834e-05
9.6965e-05
-5.00686e-05
7.56319e-05
8.67567e-05
7.94879e-05
8.12401e-05
-8.41393e-05
5.13739e-05
6.16297e-05
5.55496e-05
-6.20242e-05
-1.66054e-05
4.03967e-05
4.38528e-05
4.15316e-05
4.30046e-05
-6.82357e-05
2.67873e-05
2.56103e-05
2.17422e-05
-8.62682e-05
6.0319e-06
1.96775e-05
2.068e-05
-7.5781e-05
1.24032e-05
2.64028e-05
2.67056e-05
2.85263e-05
-9.3393e-05
7.29653e-06
1.92163e-05
2.02329e-05
2.15559e-05
-9.52829e-05
4.00057e-06
1.51812e-05
1.27375e-05
1.37836e-05
-9.42237e-05
-1.70633e-05
1.23393e-05
1.55256e-05
1.81235e-05
-6.31807e-05
1.30931e-05
2.39285e-05
2.59653e-05
-4.99354e-05
2.27666e-05
3.31306e-05
3.37572e-05
3.84647e-05
-5.06252e-05
2.67093e-05
3.20068e-05
3.05958e-05
3.42055e-05
-4.51157e-05
2.27473e-05
3.08639e-05
2.83324e-05
3.03688e-05
-3.70374e-05
2.47601e-05
3.29171e-05
3.57275e-05
-3.217e-05
2.27307e-05
1.938e-05
2.92969e-05
3.20597e-05
3.32668e-05
-9.18933e-06
2.36838e-05
2.96908e-05
2.8968e-05
2.84607e-05
-2.09066e-05
1.85465e-05
2.09028e-05
2.10942e-05
2.22302e-05
-2.38392e-05
1.24604e-05
1.48855e-05
1.7476e-05
-1.53595e-05
4.80096e-06
4.82625e-06
1.00359e-05
1.29868e-05
1.29789e-05
-2.15313e-05
8.94396e-06
1.12933e-05
9.0947e-06
7.95353e-06
-3.47005e-05
3.45945e-06
5.31583e-06
3.09284e-06
-3.42679e-05
-1.10245e-05
-4.78588e-06
5.87624e-06
1.03728e-05
1.12071e-05
-2.55526e-05
7.50364e-06
1.26102e-05
1.29721e-05
-2.4108e-05
1.30148e-05
1.82312e-05
2.13641e-05
-3.57688e-05
9.79993e-06
1.36555e-05
1.55915e-05
1.45496e-05
-4.21843e-05
6.61519e-06
3.41102e-06
1.41176e-05
1.3801e-05
1.43519e-05
-3.26678e-05
6.29611e-06
1.15648e-05
1.00749e-05
1.16588e-05
-4.73022e-05
4.58303e-06
1.60297e-05
1.51778e-05
-4.51342e-05
9.99831e-06
1.67681e-05
1.66347e-05
1.86714e-05
-3.10526e-05
-4.4786e-06
7.30365e-08
1.29878e-05
1.6318e-05
1.54926e-05
-3.63082e-05
8.54472e-06
1.62839e-05
1.80305e-05
1.91295e-05
-4.97089e-05
8.84952e-06
1.63812e-05
1.43415e-05
-5.46399e-05
2.27209e-06
7.24254e-06
6.35778e-06
7.51742e-06
-4.65322e-05
-9.53262e-06
-4.83781e-06
9.13817e-06
1.18495e-05
1.5418e-05
-3.82724e-05
1.26295e-05
1.92895e-05
2.03611e-05
2.31359e-05
-4.67776e-05
1.5624e-05
2.36334e-05
2.3968e-05
-3.2999e-05
4.8687e-06
9.6834e-06
2.44224e-05
2.53908e-05
2.99027e-05
-2.52486e-05
2.28526e-05
2.72595e-05
2.62625e-05
-2.83746e-05
1.74935e-05
2.35806e-05
2.40496e-05
2.51247e-05
-4.23664e-05
2.30738e-05
2.99826e-05
3.11575e-05
-3.75053e-05
2.60692e-05
1.99161e-05
3.35298e-05
3.12994e-05
3.48083e-05
-1.93352e-05
3.09512e-05
3.56409e-05
3.66975e-05
3.31256e-05
-4.2703e-05
1.46145e-05
2.14917e-05
1.81397e-05
-4.66665e-05
-5.87291e-06
-5.59124e-06
7.47827e-06
9.70183e-06
8.53458e-06
-6.21022e-05
-5.33742e-06
1.8504e-06
3.59608e-06
-7.04822e-05
-1.09237e-06
4.45139e-06
5.16296e-06
-7.08388e-05
-4.82833e-07
8.42922e-06
1.13482e-05
1.23745e-05
-9.08036e-05
3.51006e-06
1.53631e-05
1.4012e-05
1.91219e-05
-9.36401e-05
6.55956e-06
2.02482e-05
2.12179e-05
-9.83117e-05
-1.97109e-05
1.6244e-05
1.98717e-05
2.30508e-05
2.64557e-05
-6.92047e-05
1.47774e-05
2.21759e-05
2.29954e-05
-7.49697e-05
1.13671e-05
2.09497e-05
2.28086e-05
2.61126e-05
-9.89087e-05
7.89126e-06
1.98423e-05
2.00572e-05
-0.000103833
7.09384e-06
-3.35061e-06
1.96724e-05
2.83606e-05
2.97076e-05
-6.93501e-05
2.368e-05
3.53327e-05
3.68908e-05
3.78392e-05
-8.00639e-05
3.07117e-05
4.07029e-05
4.07003e-05
-5.62977e-05
4.74337e-06
1.20328e-05
3.52048e-05
3.77154e-05
4.45221e-05
-5.11387e-05
4.06525e-05
5.12202e-05
5.24317e-05
-3.92993e-05
4.22825e-05
5.20244e-05
4.70735e-05
4.79212e-05
-6.41401e-05
3.24762e-05
4.1418e-05
4.00702e-05
4.29816e-05
-6.64943e-05
3.20789e-05
4.30076e-05
3.99441e-05
-7.17442e-05
4.11597e-06
3.38615e-05
3.50664e-05
3.93207e-05
4.09987e-05
-5.02725e-05
3.04442e-05
3.3546e-05
2.99155e-05
-6.25352e-05
1.70328e-05
2.82389e-05
2.91597e-05
2.80377e-05
-9.02933e-05
1.08942e-05
2.11321e-05
1.86882e-05
-7.77867e-05
-1.61024e-05
-9.05391e-06
1.63932e-05
2.05242e-05
2.40447e-05
-8.09292e-05
9.58948e-06
2.03122e-05
1.98766e-05
2.26414e-05
-0.000110341
7.15907e-06
1.98073e-05
1.481e-05
-0.000115674
4.58404e-06
-8.11608e-06
1.46099e-05
1.82308e-05
3.17102e-05
-7.88221e-05
2.02533e-05
3.22092e-05
3.0754e-05
-7.51934e-05
2.34474e-05
3.27145e-05
3.35048e-05
-7.47664e-05
1.12324e-05
2.29929e-05
2.22789e-05
2.40996e-05
-0.000106554
1.16055e-05
2.43105e-05
2.4141e-05
3.14804e-05
-9.98796e-05
1.71631e-05
3.0868e-05
2.92784e-05
-7.51201e-05
-4.64931e-06
8.84958e-06
3.51059e-05
3.77652e-05
4.11039e-05
-6.12146e-05
3.01399e-05
4.04206e-05
3.92365e-05
-5.95647e-05
3.05366e-05
4.16001e-05
4.23898e-05
4.55288e-05
-7.95371e-05
2.73742e-05
3.88602e-05
3.64466e-05
4.00512e-05
-7.73669e-05
2.87058e-05
3.70867e-05
3.79367e-05
-8.93264e-05
-7.79805e-06
2.56527e-05
2.71834e-05
3.25603e-05
3.43765e-05
-5.97509e-05
2.46418e-05
2.99611e-05
3.05421e-05
-6.34854e-05
1.92433e-05
2.51936e-05
2.36512e-05
2.55925e-05
-9.60649e-05
1.07099e-05
2.15384e-05
2.08269e-05
-7.36955e-05
-7.16196e-06
3.06113e-06
2.65945e-05
3.31121e-05
3.26295e-05
-6.6003e-05
1.83245e-05
2.97349e-05
2.74879e-05
2.9335e-05
-8.98339e-05
1.52093e-05
2.79495e-05
2.74522e-05
-9.27753e-05
1.7168e-05
5.58398e-06
2.59129e-05
3.12995e-05
3.47184e-05
-3.92975e-05
2.54722e-05
2.88208e-05
2.63685e-05
-9.4122e-05
1.32832e-05
2.5175e-05
2.61455e-05
-6.60445e-05
-2.69044e-06
4.52592e-06
2.81265e-05
3.13687e-05
3.36859e-05
-6.11717e-05
2.65323e-05
3.59414e-05
3.59434e-05
3.67991e-05
-7.70169e-05
2.64179e-05
3.33111e-05
3.30089e-05
-5.65956e-05
1.84268e-06
1.04624e-05
3.47843e-05
3.4056e-05
3.87017e-05
-5.231e-05
2.97573e-05
3.51499e-05
3.59813e-05
3.43943e-05
-8.31666e-05
1.34498e-05
2.3175e-05
2.33961e-05
-6.62715e-05
-6.47035e-06
3.50498e-07
2.04001e-05
2.35818e-05
2.81728e-05
-6.65206e-05
1.51035e-05
2.54989e-05
2.0371e-05
-7.26955e-05
1.34657e-05
2.57177e-05
2.6391e-05
2.65828e-05
-9.49894e-05
1.196e-05
2.20145e-05
2.255e-05
-7.3682e-05
-3.7301e-05
1.62088e-05
2.2388e-05
2.75148e-05
3.16912e-05
-6.57051e-05
1.95196e-05
3.14149e-05
3.06298e-05
3.41691e-05
-6.07721e-05
2.55746e-05
3.52081e-05
3.45321e-05
-8.30835e-05
2.05711e-05
3.12971e-05
2.88741e-05
3.14609e-05
-8.50397e-05
2.13286e-05
3.27055e-05
3.50019e-05
3.58118e-05
-7.84492e-05
2.41338e-05
3.43486e-05
3.34823e-05
-5.96245e-05
-1.58907e-06
6.84299e-06
2.53529e-05
2.81049e-05
2.88981e-05
-6.35621e-05
1.44323e-05
2.24863e-05
1.83225e-05
-7.00376e-05
1.18361e-05
2.21539e-05
2.29446e-05
2.39199e-05
-8.94157e-05
1.02067e-05
2.2856e-05
2.22818e-05
-6.72455e-05
-2.84679e-05
2.13749e-05
2.86409e-05
3.13155e-05
3.58899e-05
-5.2482e-05
2.59386e-05
3.63849e-05
3.71748e-05
-7.38294e-05
1.97522e-05
2.72899e-05
2.54658e-05
2.79409e-05
-5.82546e-05
-2.79479e-05
1.46707e-05
1.85623e-05
1.79311e-05
-7.01273e-05
3.21162e-06
1.08111e-05
1.00382e-05
1.44112e-05
-7.21704e-05
8.71377e-06
1.84889e-05
2.01023e-05
2.18969e-05
-8.4957e-05
9.33008e-06
1.99649e-05
1.35136e-05
1.84885e-05
-8.69493e-05
1.32181e-05
2.59517e-05
2.60856e-05
2.68889e-05
-7.17758e-05
1.69768e-05
2.62391e-05
2.50398e-05
-7.24439e-05
-6.1631e-06
2.14527e-05
2.25647e-05
2.74644e-05
2.82608e-05
-4.0644e-05
2.14228e-05
2.7233e-05
2.68015e-05
-4.13904e-05
1.87429e-05
2.54309e-05
2.47691e-05
2.62385e-05
-5.09636e-05
1.71404e-05
2.77778e-05
2.81161e-05
3.13963e-05
-4.2233e-05
1.96925e-05
2.53045e-05
1.94619e-05
-1.25248e-07
-3.96185e-05
1.30883e-05
1.84703e-05
1.91326e-05
2.43075e-05
-2.63439e-05
1.35945e-05
1.79521e-05
1.92158e-05
-2.75279e-05
1.58401e-05
2.16726e-05
2.60404e-05
-1.55691e-05
2.39491e-05
2.40285e-05
2.49462e-05
2.58092e-05
-2.9024e-05
1.11762e-05
1.42172e-05
1.84224e-05
-3.13785e-05
1.07456e-05
7.15271e-06
1.52807e-05
1.57111e-05
1.52871e-05
-2.26862e-05
1.03764e-05
1.50521e-05
1.14215e-05
1.04095e-05
-4.10301e-05
-2.34717e-06
1.48243e-06
2.35208e-06
-3.42001e-05
-1.06113e-05
-6.10186e-06
7.54127e-06
9.58361e-06
9.45992e-06
-2.45352e-05
9.25836e-06
1.3759e-05
1.19544e-05
-2.21103e-05
1.13293e-05
1.57578e-05
1.37056e-05
-1.9022e-05
1.11713e-05
1.53903e-05
1.29536e-05
1.55586e-05
-2.46908e-05
1.2107e-05
1.27508e-05
1.63469e-05
-1.69403e-05
3.80317e-06
8.71e-06
1.62015e-05
1.76437e-05
1.85216e-05
-1.52412e-05
1.29772e-05
1.12883e-05
7.46156e-06
-2.28612e-05
5.40909e-06
7.99037e-06
7.71124e-06
7.5645e-06
-3.58698e-05
-1.33832e-06
3.67887e-06
-4.50384e-07
-4.36619e-05
-1.24035e-05
-3.24937e-06
2.30322e-07
-1.05542e-06
3.19005e-06
-3.2027e-05
3.1523e-06
5.42088e-06
8.61258e-06
-2.75696e-05
6.28532e-06
1.14355e-05
1.25417e-05
1.33972e-05
-3.43686e-05
6.7869e-06
1.10061e-05
9.31979e-06
-2.74706e-05
-3.21807e-06
2.05116e-07
1.01442e-05
1.44632e-05
1.45347e-05
-2.00983e-05
1.27663e-05
1.6993e-05
1.66353e-05
-2.00894e-05
1.20251e-05
1.536e-05
1.62161e-05
1.59065e-05
-2.90453e-05
1.22045e-05
1.8495e-05
1.74047e-05
1.52282e-05
-2.99278e-05
1.0536e-05
1.18843e-05
8.9799e-06
8.99017e-06
-3.53966e-05
5.75949e-06
7.58864e-06
1.11325e-05
-3.37564e-05
5.04783e-06
-2.71251e-06
6.06891e-06
9.11943e-06
1.10317e-05
-2.45475e-05
9.24002e-06
1.44035e-05
1.44982e-05
-2.07279e-05
1.22059e-05
1.7303e-05
2.01361e-05
1.94264e-05
-2.44206e-05
1.5342e-05
2.08488e-05
1.8089e-05
1.86746e-05
-2.72765e-05
7.14122e-06
1.14411e-05
7.5676e-06
-3.07166e-05
-1.76871e-05
2.75183e-06
5.2582e-06
6.31316e-06
1.04178e-05
-2.69565e-05
6.3676e-06
1.11265e-05
1.2665e-05
-2.79776e-05
8.84323e-06
1.18189e-05
1.37237e-05
1.74742e-05
-3.48323e-05
1.14206e-05
1.61248e-05
1.4558e-05
-2.84895e-05
-8.76591e-07
7.34769e-06
1.94239e-05
2.01603e-05
2.23721e-05
-2.31861e-05
1.70065e-05
2.33795e-05
2.21737e-05
2.30099e-05
-3.91543e-05
1.24178e-05
1.72548e-05
1.07469e-05
-3.57632e-05
-5.36874e-06
-3.6909e-06
9.40255e-06
9.3527e-06
9.68555e-06
-4.33786e-05
2.28178e-06
8.37994e-06
6.15956e-06
-4.99177e-05
-2.28602e-06
4.25524e-06
4.1069e-06
-5.35156e-05
8.53915e-07
7.48531e-06
1.08166e-05
1.12745e-05
-6.09477e-05
7.85999e-06
1.93079e-05
1.72086e-05
-4.14262e-05
-2.52421e-06
2.55189e-06
2.00452e-05
2.28871e-05
2.43639e-05
-3.97062e-05
1.44197e-05
2.09538e-05
1.8494e-05
1.92817e-05
-5.69408e-05
1.18082e-05
1.87007e-05
1.59292e-05
-4.67328e-05
-3.91229e-06
9.72291e-07
1.57761e-05
2.16491e-05
2.38066e-05
-3.93491e-05
1.85374e-05
2.62602e-05
2.38548e-05
-3.74624e-05
1.82717e-05
2.53862e-05
2.57546e-05
2.63777e-05
-5.30555e-05
1.78703e-05
2.59126e-05
2.39712e-05
2.47424e-05
-5.14886e-05
1.75918e-05
2.648e-05
2.45081e-05
-3.49011e-05
-1.33412e-05
2.11418e-05
2.0832e-05
1.89857e-05
2.00493e-05
-4.81142e-05
8.31946e-06
1.64885e-05
1.45574e-05
-5.15912e-05
6.20523e-06
1.1445e-05
1.41149e-05
2.18959e-05
-6.15739e-05
1.32535e-05
2.30447e-05
2.37842e-05
-4.28518e-05
-1.47854e-05
2.13925e-05
2.56725e-05
2.39661e-05
2.8746e-05
-4.4462e-05
1.85267e-05
2.55975e-05
2.5301e-05
2.41056e-05
-6.87068e-05
1.00276e-05
2.10092e-05
1.93185e-05
-5.18731e-05
-4.61993e-06
-7.88689e-07
1.67567e-05
2.15897e-05
2.47104e-05
-4.97012e-05
1.73529e-05
2.51246e-05
2.46565e-05
-5.19094e-05
1.64516e-05
2.45799e-05
2.52894e-05
2.91144e-05
-7.0673e-05
1.86235e-05
2.86587e-05
2.83777e-05
-6.95281e-05
1.97967e-05
2.76026e-05
2.54922e-05
3.06787e-05
-7.38255e-05
1.63414e-05
5.69085e-06
2.28507e-05
2.69943e-05
2.74592e-05
-5.90254e-05
1.55188e-05
2.51939e-05
2.19861e-05
-6.61587e-05
1.03693e-05
2.13692e-05
1.91364e-05
1.91225e-05
-9.58183e-05
1.91015e-06
1.46175e-05
1.52818e-05
1.57079e-05
-9.43477e-05
7.43924e-06
1.87874e-05
1.95451e-05
-6.95257e-05
-1.12771e-05
-4.32094e-06
1.82012e-05
2.55442e-05
2.99427e-05
-6.19981e-05
2.12662e-05
3.03146e-05
3.02379e-05
3.35601e-05
-8.04821e-05
2.20312e-05
3.49999e-05
3.19694e-05
3.6779e-05
-7.23672e-05
2.53124e-05
3.64944e-05
3.44927e-05
-4.91694e-05
6.36804e-06
1.83694e-05
3.90055e-05
4.16872e-05
4.76397e-05
-3.12719e-05
3.6625e-05
4.46674e-05
4.28081e-05
4.59559e-05
-4.86808e-05
3.22251e-05
4.25013e-05
4.31636e-05
-4.92572e-05
2.77513e-05
1.96195e-05
3.03912e-05
3.34016e-05
3.3361e-05
-3.78202e-05
2.14687e-05
2.65577e-05
2.54961e-05
2.47481e-05
-5.89323e-05
1.11465e-05
2.02575e-05
1.67403e-05
-5.00482e-05
-2.56322e-05
1.1791e-05
1.37232e-05
1.39332e-05
1.80717e-05
-5.22843e-05
7.94969e-06
1.45083e-05
1.51909e-05
1.98238e-05
-6.71571e-05
1.38367e-05
2.57989e-05
2.49935e-05
2.72118e-05
-6.46782e-05
1.56068e-05
2.42338e-05
1.99267e-05
-7.34024e-05
8.31962e-06
1.01334e-06
1.78542e-05
2.14595e-05
2.22475e-05
-5.50244e-05
1.31926e-05
2.15188e-05
1.70137e-05
-5.97502e-05
1.23115e-05
2.11531e-05
2.29337e-05
-5.09311e-05
2.00029e-05
3.13488e-05
3.06332e-05
3.45932e-05
-6.19852e-05
2.2754e-05
3.13827e-05
3.04441e-05
-4.48689e-05
1.48125e-06
3.10158e-06
1.77958e-05
2.05978e-05
2.22154e-05
-5.24551e-05
1.34223e-05
2.16186e-05
2.01421e-05
-5.26883e-05
1.3941e-05
2.08831e-05
2.32219e-05
2.59749e-05
-6.98132e-05
1.23566e-05
1.82434e-05
1.62644e-05
-5.78024e-05
-2.70779e-05
1.34975e-05
1.74465e-05
1.84982e-05
1.8857e-05
-5.39687e-05
1.06647e-05
1.75465e-05
1.93467e-05
2.24737e-05
-6.58389e-05
1.09001e-05
1.92084e-05
1.70044e-05
2.1674e-05
-6.68328e-05
1.34468e-05
2.23814e-05
2.30171e-05
-5.91785e-05
1.60967e-05
7.6722e-06
2.40032e-05
2.72106e-05
2.91725e-05
-3.5603e-05
2.29942e-05
3.02857e-05
2.7285e-05
-3.70954e-05
1.45223e-05
2.28443e-05
1.9859e-05
2.24986e-05
-5.49819e-05
9.77326e-06
1.821e-05
1.38975e-05
1.59918e-05
-6.79003e-05
4.5642e-06
1.62026e-05
1.42349e-05
1.85285e-05
-4.04706e-05
8.33465e-06
1.47703e-05
1.67905e-05
-3.7921e-05
1.41603e-05
2.36326e-05
2.38845e-05
-5.07579e-07
-1.58427e-05
2.26867e-05
2.52862e-05
2.49904e-05
-4.16204e-05
1.31407e-05
8.49993e-06
1.75119e-05
1.94309e-05
2.01078e-05
-2.6823e-05
1.69807e-05
2.21999e-05
2.2538e-05
-2.2866e-05
1.88626e-05
2.32799e-05
2.14127e-05
-2.5503e-05
1.46437e-05
1.68183e-05
1.80498e-05
1.87372e-05
-4.1019e-05
8.36149e-06
1.35678e-05
1.15621e-05
-3.48027e-05
-9.05556e-06
-5.76831e-06
5.4889e-06
7.33582e-06
1.28275e-05
-3.16827e-05
1.15125e-05
1.54736e-05
1.85721e-05
-4.18461e-05
1.09241e-05
1.27339e-05
8.64118e-06
1.00288e-05
-5.15838e-05
-1.23494e-05
4.97694e-06
1.00331e-05
1.34189e-05
1.73462e-05
-3.04994e-05
1.2403e-05
1.88405e-05
1.78051e-05
-3.07683e-05
1.32307e-05
1.88213e-05
2.06729e-05
1.84372e-05
-4.02763e-05
1.32483e-05
1.61889e-05
1.78291e-05
-4.31167e-05
-9.62415e-07
1.52308e-05
1.7103e-05
1.67271e-05
1.85918e-05
-2.92222e-05
1.41471e-05
1.99342e-05
1.95225e-05
-3.05761e-05
8.76927e-06
1.40922e-05
1.11649e-05
1.15731e-05
-5.22675e-05
-9.86177e-07
5.22626e-06
4.55059e-06
-5.9125e-05
-1.30842e-05
5.39528e-06
1.04108e-05
1.56256e-05
-2.06591e-05
1.55253e-05
2.04917e-05
2.25489e-05
2.42758e-05
-4.09054e-05
1.73941e-05
2.18855e-05
2.19104e-05
2.19007e-05
-4.45456e-05
1.15702e-05
1.60959e-05
1.87701e-05
-3.48219e-05
-1.54993e-05
1.55075e-05
1.60719e-05
1.88809e-05
2.05422e-05
-3.30796e-05
1.43987e-05
1.56884e-05
1.50456e-05
-3.85661e-05
1.00147e-05
1.76055e-05
1.52785e-05
-4.02627e-05
1.00692e-05
1.99577e-05
2.05867e-05
1.90094e-05
-5.70447e-05
6.45956e-06
1.74057e-05
1.34892e-05
-6.32348e-05
-1.18749e-05
6.68691e-06
6.30406e-06
6.9077e-06
1.09927e-05
-5.05467e-05
7.09699e-06
1.28588e-05
1.347e-05
-5.69403e-05
3.36223e-06
1.17679e-05
1.30388e-05
1.88759e-05
-6.59705e-05
1.08443e-05
2.00262e-05
2.07604e-05
