9.6362e-06
9.69324e-06
9.72698e-06
9.74315e-06
9.73815e-06
9.71573e-06
9.65585e-06
9.55799e-06
9.4267e-06
9.27587e-06
9.10357e-06
8.92693e-06
8.7259e-06
8.49703e-06
8.24795e-06
7.98167e-06
7.69008e-06
7.69008e-06
7.3771e-06
6.66168e-06
6.27658e-06
5.87015e-06
5.44627e-06
5.00871e-06
4.55682e-06
4.03542e-06
3.48428e-06
2.86823e-06
2.19813e-06
1.48471e-06
7.30619e-07
-8.16868e-08
-9.08199e-07
-1.8081e-06
-2.73555e-06
-3.76701e-06
-4.84159e-06
-6.0176e-06
-7.23197e-06
-8.48915e-06
-9.87722e-06
-1.13755e-05
-1.28972e-05
-1.45297e-05
-1.61902e-05
-1.79639e-05
-1.97578e-05
-1.97578e-05
-2.15793e-05
-2.54572e-05
-2.75901e-05
-2.97354e-05
-3.20282e-05
-3.4344e-05
-3.66588e-05
-3.91304e-05
-4.16308e-05
-4.43078e-05
-4.69737e-05
-4.96515e-05
-5.25265e-05
-5.54408e-05
-5.84207e-05
-6.14079e-05
-6.46204e-05
-6.8038e-05
-7.16441e-05
-7.52749e-05
-7.88505e-05
-8.24616e-05
-8.62141e-05
-9.02463e-05
-9.41444e-05
-9.8159e-05
-9.8159e-05
-0.000106491
-0.000110898
-0.000115335
-0.000119713
-0.000124379
-0.000129336
-0.000134312
-0.000139344
-0.000144499
-0.000149817
-0.000155057
-0.000160625
-0.000166151
-0.000171419
-0.000176627
-0.000181894
-0.00018718
-0.000192471
-0.000197486
-0.000197486
-0.000208081
-0.000213868
-0.000219385
-0.000219385
-0.00025268
-0.00025268
-0.000351947
-0.000415021
-0.000415021
-0.000553751
-0.000627429
-0.000700115
-0.000700115
-0.000771403
-0.00090606
-0.000967443
-0.00102423
-0.00107636
-0.00112379
-0.00116725
-0.00120432
-0.00123682
-0.00126529
-0.0012901
-0.00131074
-0.00131074
-0.00133689
-0.00134379
-0.00134421
-0.00133677
-0.00132378
-0.00130638
-0.00128638
-0.00126559
-0.00124403
-0.00122187
-0.00120078
-0.00118305
-0.00116797
-0.00115195
-0.00113662
-0.00112337
-0.00111306
-0.00110746
-0.00110116
-0.00110116
-0.00109204
-0.00109131
-0.00109086
-0.00109145
-0.00109368
-0.00109721
-0.00110289
-0.00111135
-0.0011207
-0.00113107
-0.00114284
-0.00115718
-0.00115718
-0.00118697
-0.00120409
-0.00122199
-0.0012414
-0.001259
-0.00127761
-0.00129656
-0.00131647
-0.00131647
-0.00134747
-0.00136354
-0.00138155
-0.00139569
-0.00140669
-0.00141554
-0.00142402
-0.00143324
-0.0014459
-0.0014459
-0.00146611
-0.0014784
-0.00149155
-0.00150138
-0.00151182
-0.0015226
-0.00153473
-0.00154918
-0.00155989
-0.00156353
-0.00156284
-0.00156094
-0.00155433
-0.00154321
-0.00154321
-0.00152244
-0.00151838
-0.00151782
-0.00151774
-0.00151814
-0.0015213
-0.00152844
-0.00153248
-0.00153831
-0.00154575
-0.00155833
-0.00157665
-0.00159091
-0.00160487
-0.00161977
-0.0016392
-0.0016392
-0.00168687
-0.00170908
-0.0017335
-0.0017335
-0.00175912
-0.00181087
-0.00183731
-0.00186395
-0.00189037
-0.00190892
-0.00192337
-0.00193736
-0.00195022
-0.00196366
-0.00197956
-0.00199372
-0.00200845
-0.00202318
-0.00204197
-0.00205526
-0.00205786
-0.00205407
-0.00205109
-0.00205109
-0.00204652
-0.00203741
-0.00203153
-0.00202844
-0.00202409
-0.00201695
-0.00200872
-0.00200581
-0.00200965
-0.00200965
-0.00202885
-0.0020366
-0.00205058
-0.00207157
-0.00208814
-0.00210689
-0.00212731
-0.00215138
-0.00218073
-0.00220405
-0.00222824
-0.00225314
-0.00228068
-0.00230452
-0.00232424
-0.00234361
-0.00236517
-0.00238743
-0.00240799
-0.00242995
-0.00245224
-0.00247717
-0.00250961
-0.00253298
-0.00255522
-0.00257657
-0.00259933
-0.00261433
-0.00262655
-0.00263705
-0.00264555
-0.00265553
-0.00267334
-0.00268379
-0.00269117
-0.00269993
-0.00271245
-0.00273068
-0.00274008
-0.00274588
-0.00275622
-0.00276953
-0.002779
-0.00278216
-0.00278099
-0.00278434
-0.00279429
-0.00279429
-0.00281922
-0.00281922
-0.00283772
-0.00285307
-0.00286149
-0.00286795
-0.00287712
-0.00289187
-0.00289984
-0.00290606
-0.00291953
-0.00293801
-0.00296301
-0.00296301
-0.00300064
-0.00301825
-0.00304315
-0.00305734
-0.00305734
-0.00306672
-0.00306672
-0.00307958
-0.00309905
-0.00310859
-0.00311741
-0.00312748
-0.00314233
-0.00314855
-0.00315214
-0.00315873
-0.00317645
-0.00320158
-0.00321983
-0.00322336
-0.00321821
-0.00321158
-0.00319686
-0.00317179
-0.00314066
-0.00311612
-0.00311612
-0.00309188
-0.00308539
-0.00307785
-0.00308102
-0.00309699
-0.00310926
-0.00312344
-0.00314002
-0.00316307
-0.00318304
-0.00320006
-0.00322011
-0.00322011
-0.00329359
-0.00332171
-0.0033486
-0.00338254
-0.00342795
-0.0034845
-0.00353441
-0.00357818
-0.00362749
-0.0036842
-0.00372514
-0.00375285
-0.00376893
-0.00378184
-0.00379717
-0.00381892
-0.00382921
-0.00383616
-0.00384085
-0.0038488
-0.00384931
-0.00384943
-0.00385314
-0.00386579
-0.00387292
-0.00387513
-0.00388011
-0.00389865
-0.00393218
-0.00394742
-0.00395382
-0.00396012
-0.00397749
-0.00398003
-0.00396541
-0.00395145
-0.00393788
-0.00393006
-0.00393234
-0.00392472
-0.00392193
-0.00392966
-0.0039444
-0.00395306
-0.0039572
-0.00396485
-0.00398124
-0.00398124
-0.00404109
-0.00405621
-0.00407173
-0.00409388
-0.00410245
-0.00410635
-0.00410093
-0.00410156
-0.0041065
-0.00412745
-0.00413399
-0.00413399
-0.00407489
-0.00403471
-0.00397325
-0.00391068
-0.0038569
-0.0038111
-0.0038111
-0.00374488
-0.00370702
-0.00366859
-0.0036499
-0.0036499
-0.0035917
-0.0035917
-0.00355992
-0.00352378
-0.00352979
-0.00352979
-0.00360479
-0.00360479
-0.00367518
-0.0037689
-0.00394744
-0.00403874
-0.00414677
-0.00426432
-0.00436716
-0.00446366
-0.00455364
-0.00464342
-0.0047181
-0.00477905
-0.00482114
-0.00486325
-0.00491122
-0.00496854
-0.00499997
-0.00501847
-0.00503526
-0.00503526
-0.00510163
-0.00511144
-0.00507515
-0.00501948
-0.00496709
-0.00491731
-0.00491731
-0.00475881
-0.0046661
-0.00459032
-0.00452824
-0.00445475
-0.00438305
-0.00432528
-0.00429703
-0.00429196
-0.00429196
-0.00428495
-0.00428495
-0.00435615
-0.00438918
-0.0044116
-0.0044116
-0.00447326
-0.00452527
-0.00456495
-0.0045946
-0.00462624
-0.00466766
-0.00473275
-0.00478161
-0.00480898
-0.00482978
-0.00485354
-0.00485354
-0.00491818
-0.00494077
-0.00496541
-0.00499898
-0.00502244
-0.00504615
-0.00504615
-0.00510341
-0.00515112
-0.00518268
-0.00520098
-0.00522858
-0.00526332
-0.00526332
-0.00534629
-0.00534629
-0.00535728
-0.0054083
-0.00540603
-0.00539204
-0.00536476
-0.00533667
-0.00531569
-0.00530905
-0.00528454
-0.00525688
-0.00524774
-0.00526086
-0.00529849
-0.00534884
-0.0054258
-0.00552107
-0.00564504
-0.00564504
-0.00583986
-0.00583986
-0.00592142
-0.00606263
-0.00608189
-0.00607534
-0.00606849
-0.00606963
-0.00608414
-0.00607498
-0.00604697
-0.00602625
-0.00602625
-0.00596526
-0.00590855
-0.00586524
-0.00583231
-0.00582662
-0.00578784
-0.00574376
-0.00570779
-0.00567642
-0.00565902
-0.00560982
-0.00553686
-0.00545989
-0.00540162
-0.00535693
-0.00529117
-0.00523241
-0.00519132
-0.00517162
-0.00512644
-0.00508443
-0.00506156
-0.00507115
-0.00510435
-0.00512205
-0.00513869
-0.00517672
-0.00522882
-0.00525804
-0.0052697
-0.00527939
-0.00530825
-0.00529609
-0.00526203
-0.00521345
-0.00516436
-0.00513697
-0.00512614
-0.00509463
-0.00507045
-0.00505405
-0.00505356
-0.00508602
-0.00508798
-0.00508787
-0.00508955
-0.00510235
-0.0050905
-0.00507044
-0.00505688
-0.00504871
-0.00506698
-0.0050599
-0.00503232
-0.00500328
-0.00497315
-0.00495385
-0.00493184
-0.00490772
-0.00489473
-0.00491341
-0.00495464
-0.00497791
-0.00498768
-0.00500135
-0.00503744
-0.00504349
-0.00502625
-0.00500477
-0.00499091
-0.00498237
-0.00500014
-0.00499177
-0.00497409
-0.00497542
-0.0049913
-0.00503983
-0.00506545
-0.00508336
-0.00509707
-0.00512955
-0.00512944
-0.00511446
-0.00509018
-0.00505915
-0.00504786
-0.0050629
-0.00504878
-0.00502388
-0.00500604
-0.0050162
-0.00499995
-0.00498669
-0.00497852
-0.00498564
-0.00502805
-0.00503622
-0.00502937
-0.00503785
-0.0050568
-0.00503511
-0.00499421
-0.00494209
-0.00490591
-0.00488125
-0.00488967
-0.00488721
-0.00488739
-0.00489148
-0.004922
-0.00493735
-0.00493974
-0.00494635
-0.00496871
-0.00501286
-0.00503594
-0.00504283
-0.00506363
-0.00510525
-0.00509937
-0.00508073
-0.00505715
-0.00502996
-0.00502527
-0.00503747
-0.00503669
-0.00503844
-0.005054
-0.00509208
-0.00510859
-0.00512024
-0.00514204
-0.00518171
-0.00523319
-0.00524268
-0.00523233
-0.00523397
-0.00524376
-0.00520868
-0.00515188
-0.00509388
-0.00504693
-0.00500733
-0.00496126
-0.00491202
-0.00487519
-0.00487367
-0.00491096
-0.00491286
-0.0049002
-0.00488517
-0.0048937
-0.00491932
-0.00490663
-0.00489095
-0.00488716
-0.00489113
-0.00486224
-0.00482155
-0.00476223
-0.00471522
-0.00469112
-0.00468399
-0.00465264
-0.00457415
-0.004486
-0.00439546
-0.00428134
-0.00415489
-0.00403698
-0.00403698
-0.00383127
-0.00372579
-0.00365586
-0.0036292
-0.00364854
-0.00365629
-0.00366919
-0.00368948
-0.00368948
-0.00382789
-0.00388121
-0.00393316
-0.0039878
-0.00406736
-0.00412991
-0.00417854
-0.00421941
-0.00425234
-0.00429229
-0.00436235
-0.00441736
-0.00447037
-0.00452397
-0.00458987
-0.00462702
-0.00466658
-0.00472581
-0.0048074
-0.00492806
-0.00501172
-0.00508837
-0.00516061
-0.00516061
-0.00525015
-0.00532918
-0.00534176
-0.00534067
-0.00533963
-0.00536239
-0.00536251
-0.00534404
-0.00532644
-0.0053336
-0.00530669
-0.00527773
-0.00526477
-0.00527245
-0.00531885
-0.00533947
-0.00533947
-0.00534835
-0.00537584
-0.00534928
-0.00529209
-0.00521562
-0.00513727
-0.00508319
-0.00504735
-0.00499634
-0.00493583
-0.00488378
-0.00486322
-0.0048135
-0.0047546
-0.004717
-0.00470712
-0.00471676
-0.00468873
-0.00464563
-0.00460615
-0.00458341
-0.00453457
-0.00447774
-0.00441779
-0.00436865
-0.00432937
-0.00429959
-0.00423031
-0.00416224
-0.00410791
-0.00406533
-0.00406533
-0.00393257
-0.00393257
-0.00386545
-0.00387609
-0.00386468
-0.00383724
-0.00382645
-0.00382798
-0.0037895
-0.00374674
-0.00369283
-0.00364287
-0.00364287
-0.00360698
-0.00359678
-0.00359448
-0.00359448
-0.00362958
-0.00363529
-0.00364897
-0.0036712
-0.00371151
-0.0037403
-0.00375994
-0.0037855
-0.0038386
-0.00391005
-0.00395593
-0.0039931
-0.0040256
-0.00406528
-0.00406022
-0.00403154
-0.00399922
-0.00396375
-0.00393834
-0.00394465
-0.00392542
-0.00389708
-0.00388826
-0.003893
-0.00388042
-0.00386669
-0.00385385
-0.00385385
-0.00389194
-0.00388282
-0.00386927
-0.00385626
-0.0038541
-0.00383444
-0.00378043
-0.00371497
-0.00366583
-0.00366583
-0.00364052
-0.00361187
-0.0035614
-0.0035183
-0.00349449
-0.00343767
-0.00336861
-0.00331744
-0.00327935
-0.00326309
-0.00321598
-0.00315879
-0.00310972
-0.00307895
-0.00301908
-0.0029284
-0.00284253
-0.00277378
-0.00271962
-0.00270073
-0.00266424
-0.00262692
-0.00260409
-0.00261414
-0.00266051
-0.00266051
-0.00273978
-0.00278579
-0.00283693
-0.00283693
-0.00281641
-0.00280021
-0.00279091
-0.00279499
-0.00276728
-0.00273832
-0.00271217
-0.00269906
-0.00266286
-0.00266286
-0.00253349
-0.00247624
-0.00244859
-0.00244354
-0.00242305
-0.00240286
-0.00240666
-0.00240666
-0.0024276
-0.00242308
-0.00243784
-0.00246884
-0.00252005
-0.00256344
-0.00260044
-0.00264399
-0.00271187
-0.00275621
-0.00278117
-0.00280345
-0.0028341
-0.00287872
-0.00289225
-0.00289225
-0.00289467
-0.00289467
-0.00290653
-0.00285799
-0.00281958
-0.00281958
-0.00278135
-0.00279353
-0.00279353
-0.00278122
-0.00278404
-0.00280559
-0.00280559
-0.00284945
-0.00286918
-0.00285602
-0.00284952
-0.0028481
-0.0028089
-0.00274232
-0.00266826
-0.00260757
-0.00256713
-0.00252223
-0.00248355
-0.00248355
-0.00245273
-0.00239774
-0.00235586
-0.00231665
-0.00229832
-0.00229832
-0.00230577
-0.00226212
-0.00225565
-0.00225707
-0.00224292
-0.00219985
-0.00219985
-0.00214597
-0.00206939
-0.0020607
-0.00204243
-0.00201744
-0.0020068
-0.00200899
-0.0019941
-0.00198367
-0.00198615
-0.00200594
-0.00204656
-0.00205905
-0.00205806
-0.00206581
-0.0020864
-0.00208938
-0.00207239
-0.00204199
-0.00201073
-0.00199562
-0.001992
-0.00197179
-0.00195528
-0.00194305
-0.00194892
-0.00194209
-0.00192532
-0.00191773
-0.00192455
-0.00191569
-0.00190192
-0.00189341
-0.00189614
-0.00190697
-0.00189758
-0.0018736
-0.00184659
-0.00182564
-0.00181581
-0.00179004
-0.00173828
-0.00167632
-0.0016232
-0.00157785
-0.00151667
-0.00145953
-0.00140842
-0.00137766
-0.00133918
-0.00130194
-0.00126856
-0.00124677
-0.00124827
-0.00123016
-0.00120481
-0.00117933
-0.00116269
-0.00112711
-0.00108381
-0.00103746
-0.000990468
-0.000957994
-0.000944401
-0.000919643
-0.000866809
-0.000801553
-0.000736844
-0.000661889
-0.000582602
-0.000510588
-0.000459012
-0.000425657
-0.000381435
-0.000338663
-0.000338663
-0.000304622
-0.000284929
-0.000284929
-0.000249029
-0.000255873
-0.000284116
-0.000305202
-0.000321918
-0.000336139
-0.000350154
-0.000375793
-0.000416057
-0.000446507
-0.000480412
-0.000517937
-0.000568041
-0.000632916
-0.000681953
-0.000723908
-0.000771127
-0.000822683
-0.000859638
-0.000884744
-0.000899868
-0.000908437
-0.000917443
-0.000931804
-0.000938941
-0.000938941
-0.000948884
-0.000966628
-0.000971599
-0.000977445
-0.000990046
-0.00101176
-0.0010401
-0.00105653
-0.00105476
-0.00104992
-0.00104657
-0.00102998
-0.000998983
-0.000962078
-0.00092434
-0.000887625
-0.000861234
-0.000829346
-0.000798056
-0.000769322
-0.00074754
-0.000722061
-0.000694946
-0.000672416
-0.000661738
-0.000664932
-0.000660507
-0.000663663
-0.000664642
-0.000670501
-0.000664116
-0.00064863
-0.000629698
-0.000609282
-0.000595356
-0.000587284
-0.000571849
-0.000558281
-0.000547641
-0.000543576
-0.000534649
-0.000522878
-0.00051362
-0.000509918
-0.000517341
-0.0005202
-0.000522156
-0.000524666
-0.000532865
-0.000545774
-0.000548647
-0.000546414
-0.000547192
-0.000552927
-0.00054637
-0.000533839
-0.000520052
-0.000505703
-0.000496715
-0.000495251
-0.000487292
-0.000480029
-0.000474238
-0.000473024
-0.000466041
-0.000460056
-0.000455538
-0.000456265
-0.00046391
-0.000465389
-0.000464736
-0.000466306
-0.000469482
-0.000475455
-0.000472976
-0.000466658
-0.000460318
-0.000456073
-0.000445713
-0.000430308
-0.000412182
-0.000395975
-0.000383615
-0.000374629
-0.000363379
-0.000352275
-0.000342227
-0.000335109
-0.000325613
-0.000314881
-0.000307117
-0.00030193
-0.000292926
-0.000284046
-0.000277407
-0.000272774
-0.000272572
-0.000267369
-0.000261907
-0.000258048
-0.000255488
-0.000249246
-0.000241758
-0.000232727
-0.000224163
-0.000218686
-0.000215834
-0.000211832
-0.000208068
-0.000205131
-0.000204137
-0.000206517
-0.000205685
-0.00020409
-0.000202619
-0.000201839
-0.000202781
-0.000202781
-0.000206797
-0.000210888
-0.000216563
-0.000224093
-0.000224093
-0.000236025
-0.000241833
-0.000248045
-0.000252215
-0.000254784
-0.000256627
-0.000256959
-0.000256468
-0.000252972
-0.00024782
-0.000241349
-0.000243005
-0.000240069
-0.000233302
-0.000224155
-0.000224155
-0.000201763
-0.000189944
-0.000177293
-0.000164509
-0.000152132
-0.000140437
-0.000129514
-0.000118752
-0.000118752
-9.88435e-05
-8.99858e-05
-8.21185e-05
-7.54238e-05
-6.98404e-05
-6.50483e-05
-6.03236e-05
-5.62104e-05
-5.32824e-05
-5.32824e-05
-5.04673e-05
-4.93149e-05
-4.90859e-05
-4.98218e-05
-5.09174e-05
-5.12945e-05
-5.09065e-05
-5.24123e-05
-5.43369e-05
-5.59628e-05
-5.68913e-05
-5.96378e-05
-6.33564e-05
-6.76454e-05
-7.23658e-05
-7.66688e-05
-7.99163e-05
-8.36605e-05
-8.78765e-05
-9.15651e-05
-9.15651e-05
-9.34436e-05
-9.52156e-05
-9.81897e-05
-0.000101154
-0.000102129
-0.000105383
-0.00011049
-0.000116692
-0.000122666
-0.000126787
-0.000128254
-0.00013102
-0.000134757
-0.000136491
-0.000135543
-0.0001374
-0.000138989
-0.000138993
-0.000138133
-0.000140364
-0.000143872
-0.000146814
-0.000146814
-0.000147156
-0.000148435
-0.000158458
-0.000177462
-0.000200181
-0.000228556
-0.000260578
-0.000293888
-0.000325527
-0.000353516
-0.000375263
-0.000397511
-0.000417789
-0.000431902
-0.00044046
-0.000441148
-0.00044326
-0.0004447
-0.0004447
-0.000442915
-0.0004297
-0.000425372
-0.000420642
-0.000413347
-0.000402497
-0.000385744
-0.000371523
-0.000357585
-0.000342039
-0.000323731
-0.000306792
-0.000291411
-0.000273901
-0.000255133
-0.000239073
-0.000223824
-0.000207603
-0.000191253
-0.000170687
-0.000157424
-0.000145623
-0.000134554
-0.000120893
-0.000105904
-9.62454e-05
-9.28904e-05
-9.18122e-05
-8.85883e-05
-8.42164e-05
-8.59804e-05
-8.76284e-05
-8.68293e-05
-8.26328e-05
-7.38363e-05
-7.06122e-05
-6.97475e-05
-6.97475e-05
-6.59399e-05
-7.05523e-05
-8.04725e-05
-9.40648e-05
-0.000107626
-0.000116472
-0.000119203
-0.00012298
-0.000122618
-0.000116282
-0.000103205
-9.65117e-05
-9.48943e-05
-9.16358e-05
-8.6809e-05
-7.62151e-05
-7.44444e-05
-7.45044e-05
-7.31375e-05
-6.86347e-05
-5.93845e-05
-5.75969e-05
-6.16489e-05
-6.74908e-05
-6.86894e-05
-7.8392e-05
-8.88391e-05
-9.95505e-05
-0.000110726
-0.000110726
-0.000116531
-0.000119792
-0.000125874
-0.000131317
-0.000137237
-0.000134162
-0.000139937
-0.000144618
-0.000147542
-0.000146804
-0.000148542
-0.000152318
-0.000157301
-0.000160506
-0.000159535
-0.000155756
-0.000155803
-0.000158718
-0.000158718
-0.000156347
-0.000156642
-0.000158378
-0.000160731
-0.000157837
-0.000151413
-0.000151413
-0.000157046
-0.000159878
-0.000158301
-0.000153748
-0.000159215
-0.000166199
-0.000173993
-0.000179758
-0.000180939
-0.000187971
-0.000199556
-0.000214831
-0.000231907
-0.000246736
-0.000265527
-0.000286878
-0.000306604
-0.000321741
-0.000341344
-0.000361208
-0.000373981
-0.000380847
-0.000380295
-0.000379333
-0.000375502
-0.000369121
-0.000355095
-0.000348582
-0.000348582
-0.000343886
-0.00033823
-0.000341916
-0.000352984
-0.000368652
-0.000381846
-0.000395423
-0.000403524
-0.000413538
-0.000424649
-0.000432672
-0.000435098
-0.00043025
-0.000429481
-0.000431745
-0.000433088
-0.000432911
-0.000440832
-0.000454493
-0.000454493
-0.000489307
-0.000502385
-0.000506199
-0.000515547
-0.000525723
-0.000532445
-0.000532507
-0.000524639
-0.000520321
-0.00051589
-0.00051057
-0.000498636
-0.000494163
-0.000495615
-0.000502003
-0.000511365
-0.000511365
-0.000523249
-0.00053276
-0.000542844
-0.000549724
-0.00054786
-0.000548854
-0.00054921
-0.000548263
-0.000543402
-0.000532435
-0.000528529
-0.000524285
-0.000518718
-0.000509454
-0.000494629
-0.000485327
-0.000476836
-0.000466286
-0.000451777
-0.000449052
-0.00044916
-0.00045465
-0.000458672
-0.000461619
-0.000460924
-0.000463492
-0.000463016
-0.000457274
-0.000445025
-0.000441476
-0.000441034
-0.000443189
-0.000444648
-0.00043982
-0.000443227
-0.000453013
-0.000460592
-0.000467253
-0.000479336
-0.000495721
-0.000517727
-0.000537709
-0.000552809
-0.00056412
-0.00057889
-0.000595693
-0.000606816
-0.000611314
-0.000623443
-0.000638279
-0.000654195
-0.000667916
-0.000676996
-0.000676996
-0.000704615
-0.000718257
-0.000728797
-0.000734609
-0.000734142
-0.000740767
-0.000749583
-0.000753915
-0.000752229
-0.00075699
-0.000763604
-0.00076807
-0.0007655
-0.000754955
-0.000750477
-0.000750614
-0.000750818
-0.000748513
-0.000750203
-0.000757291
-0.000757291
-0.000778746
-0.000786335
-0.000786335
-0.000791736
-0.000796437
-0.000800018
-0.000796866
-0.000796909
-0.000799548
-0.000798681
-0.000792859
-0.000783606
-0.000780402
-0.000779246
-0.000779406
-0.000778196
-0.00078338
-0.000793117
-0.00080365
-0.000811813
-0.000811813
-0.000820185
-0.000827386
-0.000844597
-0.000864484
-0.000885402
-0.000903886
-0.000929447
-0.000929447
-0.000980139
-0.000999337
-0.00102479
-0.00105173
-0.00107745
-0.00110123
-0.00112025
-0.00113
-0.00114227
-0.00115342
-0.00115808
-0.00115511
-0.00115524
-0.00115291
-0.0011458
-0.00113531
-0.00111775
-0.00110644
-0.00109565
-0.00109565
-0.00106779
-0.00105849
-0.00105849
-0.00105107
-0.00104626
-0.00103969
-0.00102753
-0.0010178
-0.00100739
-0.000996983
-0.000982648
-0.00097223
-0.000963326
-0.000955399
-0.000946414
-0.000932633
-0.000924047
-0.000916243
-0.000906463
-0.000893683
-0.000887254
-0.000885795
-0.00088779
-0.000890588
-0.000891981
-0.000888508
-0.000888287
-0.000888421
-0.00088731
-0.000883971
-0.000875333
-0.000873402
-0.000875068
-0.000877018
-0.000875717
-0.000880675
-0.000890591
-0.000902141
-0.000914874
-0.000926497
-0.000935256
-0.000948027
-0.000962042
-0.000972792
-0.000981038
-0.000983853
-0.000990355
-0.000998035
-0.00100362
-0.00100618
-0.00101225
-0.00102238
-0.00103531
-0.00104637
-0.00105408
-0.00105764
-0.00106341
-0.00106903
-0.00107245
-0.00107394
-0.00107691
-0.00107976
-0.00107976
-0.00108125
-0.00107467
-0.00106409
-0.0010476
-0.00102572
-0.00100043
-0.000979628
-0.000959764
-0.000939735
-0.000920873
-0.000908181
-0.000899326
-0.000895301
-0.000892362
-0.000888139
-0.000882461
-0.000880896
-0.00088155
-0.0008807
-0.000879295
-0.000876544
-0.000878147
-0.000882147
-0.000886637
-0.000891916
-0.000902993
-0.000918734
-0.000937432
-0.000955423
-0.000955423
-0.000987309
-0.00100358
-0.00101949
-0.00103332
-0.00104412
-0.00105664
-0.00107037
-0.00108204
-0.00109211
-0.00109957
-0.00110896
-0.00111976
-0.00111976
-0.00113491
-0.00113905
-0.00114634
-0.0011546
-0.0011607
-0.00116497
-0.00116998
-0.00117696
-0.00118402
-0.00119085
-0.00119624
-0.00119927
-0.00120247
-0.00120724
-0.00121041
-0.00121121
-0.00121328
-0.00121521
-0.00121536
-0.00121472
-0.00121121
-0.0012103
-0.001215
-0.0012216
-0.0012293
-0.00123899
-0.00124965
-0.00126146
-0.00127156
-0.00127839
-0.00128185
-0.00128342
-0.00128277
-0.00127899
-0.00127224
-0.00126197
-0.00126197
-0.00124509
-0.00123608
-0.00122484
-0.00121516
-0.00120669
-0.00119804
-0.00118958
-0.00118065
-0.0011697
-0.00116011
-0.00115097
-0.00114138
-0.00113097
-0.00113097
-0.00111198
-0.00110205
-0.00109093
-0.00107944
-0.00106934
-0.00105987
-0.00105122
-0.00104157
-0.00103394
-0.00102718
-0.00102718
-0.00101564
-0.00101042
-0.00100396
-0.000999174
-0.000995237
-0.000991359
-0.000986315
-0.000982031
-0.000977941
-0.000974229
-0.000969606
-0.000964636
-0.000961293
-0.000958649
-0.000955239
-0.000950859
-0.000947203
-0.000943869
-0.000941525
-0.000938555
-0.000934926
-0.000931147
-0.000927375
-0.000922995
-0.000918675
-0.000914004
-0.000910453
-0.000907394
-0.000903613
-0.000899621
-0.000895226
-0.000891034
-0.000886877
-0.000882423
-0.000877451
-0.000873665
-0.000870154
-0.000867394
-0.000864316
-0.000861289
-0.000857427
-0.000853703
-0.00085034
-0.000847467
-0.000847467
-0.000841255
-0.00083831
-0.00083491
-0.000831444
-0.000827122
-0.000823231
-0.000819495
-0.000815076
-0.000810512
-0.000810512
-0.000801458
-0.000797036
-0.000792545
-0.000788442
-0.000784721
-0.000780587
-0.000776436
-0.000772129
-0.000767524
-0.000763019
-0.000757986
-0.00075284
-0.00074751
-0.000741826
-0.000736196
-0.000730335
-0.000723952
-0.000717453
-0.000710794
-0.00070394
-0.000696916
-0.000690174
-0.000683906
-0.000677535
-0.000671053
-0.000664489
-0.000658041
-0.000652123
-0.000652123
-0.000646604
-0.000635571
-0.000630004
-0.000624787
-0.000619826
-0.000615067
-0.000610757
-0.000606396
-0.000602027
-0.000597998
-0.000593834
-0.000589551
-0.000585493
-0.000581211
-0.000577048
-0.000573201
-0.000569169
-0.000565282
-0.000561077
-0.000556925
-0.000552499
-0.000547873
-0.000543279
-0.000538413
-0.000533339
-0.000528456
-0.000523744
-0.000518627
-0.000513554
-0.000508314
-0.000502986
-0.000497687
-0.000492065
-0.000486555
-0.000481234
-0.000476112
-0.000471208
-0.0004662
-0.000461186
-0.000456272
-0.000456272
-0.000446598
-0.000441391
-0.000436089
-0.000431063
-0.000426039
-0.000420695
-0.000415244
-0.000409826
-0.000404527
-0.000398909
-0.000393405
-0.000393405
-0.000382786
-0.00037782
-0.000372916
-0.000367948
-0.000362863
-0.000358054
-0.00035341
-0.000348486
-0.000343694
-0.000339141
-0.000334671
-0.000330604
-0.000326158
-0.000321739
-0.00031748
-0.00031325
-0.000309146
-0.000304851
-0.000300347
-0.000296015
-0.000291742
-0.000287302
-0.000282764
-0.000278183
-0.000273583
-0.000269222
-0.000264992
-0.000260845
-0.000256387
-0.000251916
-0.000247757
-0.000247757
-0.000239591
-0.00023538
-0.000231321
-0.000227341
-0.000223081
-0.000218723
-0.000214163
-0.000209768
-0.000205497
-0.00020146
-0.000197351
-0.000193332
-0.000189387
-0.000185799
-0.000181944
-0.000178028
-0.00017423
-0.000170783
-0.000167063
-0.000163416
-0.000160013
-0.000156753
-0.000153718
-0.000150956
-0.000148422
-0.000146161
-0.0001442
-0.000142541
-0.000140666
-0.000138574
-0.000136429
-0.000134452
-0.000132159
-0.000129354
-0.000126394
-0.000123413
-0.000120493
-0.000117578
-0.000114371
-0.000110952
-0.000107615
-0.000104438
-0.000100981
-9.74376e-05
-9.38685e-05
-9.0532e-05
-8.69786e-05
-8.33777e-05
-7.98949e-05
-7.66098e-05
-7.35202e-05
-7.02111e-05
-6.68703e-05
-6.36516e-05
-6.06333e-05
-5.73571e-05
-5.40095e-05
-5.06512e-05
-4.74349e-05
-4.4439e-05
-4.17433e-05
-3.88837e-05
-3.60436e-05
-3.33712e-05
-3.10312e-05
-2.91181e-05
-2.71794e-05
-2.5334e-05
-2.3688e-05
-2.22084e-05
-2.04633e-05
-1.85272e-05
-1.66594e-05
-1.4948e-05
-1.3379e-05
-1.20194e-05
-1.06134e-05
-9.20328e-06
-7.97033e-06
-6.90777e-06
-5.70658e-06
-4.56107e-06
-3.55747e-06
-2.74458e-06
-2.1551e-06
-1.37642e-06
-4.91053e-07
3.18544e-07
1.04336e-06
1.95952e-06
3.01113e-06
4.09304e-06
5.09587e-06
5.95343e-06
6.64896e-06
7.41825e-06
8.14479e-06
8.73068e-06
9.12986e-06
9.12986e-06
1.01161e-05
1.05084e-05
1.07067e-05
1.06845e-05
1.08009e-05
1.09302e-05
1.09632e-05
1.08445e-05
1.09142e-05
1.10331e-05
1.11521e-05
1.11878e-05
1.1068e-05
1.08181e-05
1.06781e-05
1.05318e-05
1.02876e-05
9.89377e-06
9.89377e-06
9.30164e-06
8.91373e-06
8.39309e-06
7.99506e-06
7.62023e-06
7.18218e-06
6.63097e-06
5.94074e-06
5.45117e-06
5.05343e-06
4.65224e-06
4.19235e-06
3.62916e-06
3.29719e-06
3.08377e-06
2.88577e-06
2.6483e-06
2.60982e-06
2.73945e-06
2.98497e-06
3.24343e-06
3.43793e-06
3.51555e-06
3.72523e-06
3.96655e-06
4.1489e-06
4.22282e-06
4.43035e-06
4.66903e-06
4.84562e-06
4.90644e-06
5.08743e-06
5.28484e-06
5.40906e-06
5.41679e-06
5.27191e-06
5.27191e-06
5.37269e-06
5.4089e-06
5.34543e-06
5.41639e-06
5.58847e-06
5.81698e-06
6.00191e-06
6.07955e-06
6.00587e-06
6.01869e-06
6.02622e-06
5.94849e-06
5.74218e-06
5.37794e-06
5.16626e-06
5.16626e-06
4.80646e-06
4.5211e-06
4.36998e-06
4.32478e-06
4.35087e-06
4.36297e-06
4.29992e-06
4.12142e-06
4.05827e-06
4.02145e-06
3.9386e-06
3.77166e-06
3.74444e-06
3.76551e-06
3.75504e-06
3.66847e-06
3.47405e-06
3.46996e-06
3.55449e-06
3.63719e-06
3.66771e-06
3.85523e-06
4.17085e-06
4.57458e-06
4.97473e-06
5.31099e-06
5.54029e-06
5.87496e-06
6.22327e-06
6.50896e-06
6.68776e-06
6.72107e-06
6.89575e-06
7.11345e-06
7.29167e-06
7.38757e-06
7.60944e-06
7.92392e-06
8.29499e-06
8.29499e-06
8.91015e-06
9.06264e-06
9.30074e-06
9.53984e-06
9.70842e-06
9.76438e-06
9.91432e-06
1.0065e-05
1.01543e-05
1.01446e-05
1.02257e-05
1.03165e-05
1.03492e-05
1.0287e-05
1.00988e-05
1.00388e-05
1.00153e-05
9.94999e-06
9.79644e-06
9.74051e-06
9.79536e-06
9.86074e-06
9.86997e-06
9.86997e-06
9.57044e-06
9.4259e-06
9.27666e-06
9.0568e-06
8.72961e-06
8.27803e-06
7.95215e-06
7.67477e-06
7.37799e-06
7.02609e-06
6.59042e-06
6.31165e-06
6.10215e-06
5.88374e-06
5.61046e-06
5.45327e-06
5.38507e-06
5.37379e-06
5.40108e-06
5.39123e-06
5.29574e-06
5.28808e-06
5.29268e-06
5.24676e-06
5.11624e-06
4.87111e-06
4.69718e-06
4.52631e-06
4.29997e-06
3.99658e-06
3.85085e-06
3.78323e-06
3.72288e-06
3.63072e-06
3.67423e-06
3.94419e-06
4.35988e-06
4.82387e-06
5.27338e-06
5.66429e-06
6.15035e-06
6.64789e-06
7.0873e-06
7.42706e-06
7.83076e-06
8.22481e-06
8.54523e-06
8.75354e-06
8.82128e-06
8.97142e-06
9.12598e-06
9.21675e-06
9.20888e-06
9.07703e-06
9.03529e-06
9.01256e-06
8.94478e-06
8.79964e-06
8.72958e-06
8.74662e-06
8.77055e-06
8.74963e-06
8.6529e-06
8.45653e-06
8.32107e-06
8.1863e-06
8.00078e-06
7.73799e-06
7.55551e-06
7.39211e-06
7.19347e-06
6.93569e-06
6.77338e-06
6.64551e-06
6.49794e-06
6.29826e-06
6.02746e-06
5.89226e-06
5.81657e-06
5.74346e-06
5.64073e-06
5.69405e-06
5.87083e-06
6.09144e-06
6.30823e-06
6.4854e-06
6.5971e-06
6.79634e-06
7.02563e-06
7.23212e-06
7.38849e-06
7.63919e-06
7.92348e-06
8.18856e-06
8.40303e-06
8.54601e-06
8.8089e-06
9.12912e-06
9.4495e-06
9.74192e-06
1.01792e-05
1.07274e-05
1.13116e-05
1.18861e-05
1.18861e-05
1.28777e-05
1.33699e-05
1.38468e-05
1.42685e-05
1.46104e-05
1.50486e-05
1.55215e-05
1.59746e-05
1.63772e-05
1.67022e-05
1.67022e-05
1.75411e-05
1.79493e-05
1.83027e-05
1.85833e-05
1.89409e-05
1.93544e-05
1.97632e-05
2.01287e-05
2.04238e-05
2.04238e-05
2.10713e-05
2.13385e-05
2.15325e-05
2.16383e-05
2.17878e-05
2.19334e-05
2.20316e-05
2.20566e-05
2.19932e-05
2.18678e-05
2.18678e-05
2.14145e-05
2.10563e-05
2.06078e-05
2.01721e-05
1.97192e-05
1.92241e-05
1.92241e-05
1.80749e-05
1.80749e-05
1.70332e-05
1.65283e-05
1.60109e-05
1.5472e-05
1.50276e-05
1.46384e-05
1.4269e-05
1.38989e-05
1.36335e-05
1.34234e-05
1.32485e-05
1.30714e-05
1.28638e-05
1.26101e-05
1.23993e-05
1.2196e-05
1.19677e-05
1.1695e-05
1.14643e-05
1.12424e-05
1.09985e-05
1.07157e-05
1.0379e-05
1.01021e-05
9.94553e-06
9.83334e-06
9.72249e-06
9.70626e-06
9.7354e-06
9.78722e-06
9.82573e-06
9.8272e-06
9.77413e-06
9.7474e-06
9.71135e-06
9.63518e-06
9.50248e-06
9.30366e-06
9.14946e-06
9.00306e-06
8.83257e-06
8.61764e-06
8.43662e-06
8.29367e-06
8.14998e-06
7.98041e-06
7.76828e-06
7.50551e-06
7.28077e-06
7.06725e-06
6.84176e-06
6.59014e-06
6.39254e-06
6.21784e-06
6.03655e-06
5.8316e-06
5.68117e-06
5.55495e-06
5.42466e-06
5.27228e-06
5.08932e-06
4.98182e-06
4.91062e-06
4.84245e-06
4.76122e-06
4.76266e-06
4.82941e-06
4.82941e-06
4.99844e-06
5.05216e-06
5.06513e-06
5.06513e-06
5.17112e-06
5.19459e-06
5.17189e-06
5.09238e-06
5.0545e-06
5.01886e-06
4.95187e-06
4.83492e-06
4.76179e-06
4.69516e-06
4.6261e-06
4.52862e-06
4.38484e-06
4.1831e-06
3.99791e-06
3.80294e-06
3.57476e-06
3.30234e-06
3.06002e-06
2.81918e-06
2.5514e-06
2.24281e-06
1.8851e-06
1.57893e-06
1.29222e-06
9.93849e-07
6.66147e-07
3.78578e-07
1.69111e-07
5.80138e-09
-1.49642e-07
-3.22045e-07
-5.29363e-07
-6.98824e-07
-8.6206e-07
-1.047e-06
-1.26937e-06
-1.45507e-06
-1.63212e-06
-1.82712e-06
-2.05286e-06
-2.3214e-06
-2.52798e-06
-2.70993e-06
-2.90012e-06
-3.11837e-06
-3.38199e-06
-3.59207e-06
-3.78607e-06
-3.99849e-06
-4.247e-06
-4.45794e-06
-4.63868e-06
-4.79719e-06
-4.96112e-06
-5.15083e-06
-5.37983e-06
-5.56499e-06
-5.73901e-06
-5.92989e-06
-6.1524e-06
-6.32443e-06
-6.47638e-06
-6.63643e-06
-6.81717e-06
-7.02767e-06
-7.16063e-06
-7.2503e-06
-7.32935e-06
-7.41396e-06
-7.5178e-06
-7.52944e-06
-7.48957e-06
-7.43239e-06
-7.37774e-06
-7.24208e-06
-7.03677e-06
-6.78045e-06
-6.51137e-06
-6.25849e-06
-6.04175e-06
-5.77852e-06
-5.50703e-06
-5.258e-06
-5.05035e-06
-5.05035e-06
-4.53932e-06
-4.30645e-06
-4.11643e-06
-3.88705e-06
-3.6563e-06
-3.45662e-06
-3.30914e-06
-3.22644e-06
-3.09972e-06
-2.96803e-06
-2.86573e-06
-2.80991e-06
-2.81223e-06
-2.76534e-06
-2.70426e-06
-2.66194e-06
-2.65387e-06
-2.58291e-06
-2.48932e-06
-2.38112e-06
-2.28345e-06
-2.28345e-06
-2.19153e-06
-2.12798e-06
-2.05876e-06
-2.01321e-06
-2.00613e-06
-1.96307e-06
-1.91546e-06
-1.91546e-06
-1.89893e-06
-1.95474e-06
-1.95466e-06
-1.93256e-06
-1.91764e-06
-1.92445e-06
-1.92445e-06
-1.93132e-06
-1.86317e-06
-1.79287e-06
-1.74158e-06
-1.60859e-06
-1.40777e-06
-1.17945e-06
-9.50662e-07
-7.4109e-07
-5.68728e-07
-3.54267e-07
-1.23025e-07
1.07478e-07
3.16335e-07
5.75622e-07
8.52045e-07
1.11571e-06
1.34945e-06
1.54096e-06
1.78776e-06
2.05608e-06
2.31482e-06
2.54529e-06
2.73139e-06
2.73139e-06
2.94781e-06
2.97476e-06
2.94091e-06
2.9241e-06
2.92139e-06
2.9313e-06
2.93661e-06
2.92454e-06
2.88585e-06
2.88585e-06
2.92705e-06
2.96509e-06
2.99537e-06
3.08449e-06
3.20265e-06
3.32316e-06
3.42839e-06
3.5747e-06
3.73089e-06
3.87044e-06
3.97809e-06
4.0423e-06
4.14477e-06
4.14477e-06
4.35461e-06
4.42508e-06
4.54325e-06
4.67839e-06
4.81798e-06
4.93869e-06
5.02287e-06
5.05879e-06
5.10539e-06
5.13428e-06
5.13428e-06
5.05181e-06
4.98739e-06
4.98739e-06
4.79339e-06
4.63691e-06
4.43368e-06
4.26018e-06
4.09355e-06
3.91635e-06
3.71695e-06
3.55186e-06
3.4163e-06
3.3045e-06
3.19855e-06
3.08617e-06
2.95446e-06
2.85805e-06
2.77289e-06
2.67893e-06
2.56392e-06
2.48424e-06
2.41427e-06
2.41427e-06
2.23057e-06
2.09355e-06
1.99747e-06
1.91812e-06
1.83816e-06
1.7468e-06
1.63659e-06
1.58206e-06
1.55893e-06
1.54416e-06
1.52087e-06
1.53664e-06
1.59034e-06
1.59034e-06
1.6994e-06
1.71714e-06
1.69404e-06
1.68719e-06
1.67067e-06
1.62273e-06
1.52904e-06
1.44098e-06
1.33707e-06
1.19794e-06
1.01142e-06
7.71001e-07
5.52501e-07
3.34086e-07
9.78858e-08
-1.65112e-07
-4.60104e-07
-6.99966e-07
-9.14705e-07
-1.13241e-06
-1.36888e-06
-1.63594e-06
-1.88116e-06
-2.12819e-06
-2.39611e-06
-2.69204e-06
-3.02022e-06
-3.30425e-06
-3.56712e-06
-3.82993e-06
-4.10118e-06
-4.32155e-06
-4.49737e-06
-4.63676e-06
-4.75551e-06
-4.86855e-06
-4.98631e-06
-5.04639e-06
-5.07442e-06
-5.07442e-06
-5.10945e-06
-5.07137e-06
-5.00562e-06
-4.93635e-06
-4.88001e-06
-4.8457e-06
-4.75126e-06
-4.62679e-06
-4.49763e-06
-4.37705e-06
-4.2738e-06
-4.10796e-06
-3.91274e-06
-3.71699e-06
-3.53905e-06
-3.3192e-06
-3.06989e-06
-2.80944e-06
-2.56625e-06
-2.36062e-06
-2.20717e-06
-2.04658e-06
-1.90487e-06
-1.8046e-06
-1.75929e-06
-1.70752e-06
-1.67161e-06
-1.67052e-06
-1.71553e-06
-1.81284e-06
-1.88492e-06
-1.95358e-06
-2.04026e-06
-2.15716e-06
-2.31245e-06
-2.42997e-06
-2.53493e-06
-2.65318e-06
-2.79824e-06
-2.91125e-06
-2.9877e-06
-3.05364e-06
-3.12706e-06
-3.21821e-06
-3.33375e-06
-3.41158e-06
-3.47836e-06
-3.55679e-06
-3.65743e-06
-3.71844e-06
-3.76684e-06
-3.82847e-06
-3.91776e-06
-4.04675e-06
-4.13565e-06
-4.21087e-06
-4.29471e-06
-4.29471e-06
-4.39966e-06
-4.61763e-06
-4.6787e-06
-4.74135e-06
-4.81789e-06
-4.8238e-06
-4.78973e-06
-4.72042e-06
-4.63154e-06
-4.53151e-06
-4.42881e-06
-4.2581e-06
-4.04343e-06
-3.80791e-06
-3.56551e-06
-3.2597e-06
-2.92037e-06
-2.57065e-06
-2.22447e-06
-1.88979e-06
-1.57195e-06
-1.2815e-06
-1.02339e-06
-7.99365e-07
-5.22663e-07
-2.18887e-07
8.85194e-08
3.86257e-07
6.65868e-07
1.00625e-06
1.39636e-06
1.80671e-06
2.21886e-06
2.62219e-06
3.06626e-06
3.52485e-06
3.97614e-06
4.40224e-06
4.84789e-06
5.2848e-06
5.69361e-06
6.0629e-06
6.38289e-06
6.70201e-06
6.99865e-06
7.26072e-06
7.47783e-06
7.70793e-06
7.92756e-06
8.11668e-06
8.26342e-06
8.3623e-06
8.4676e-06
8.56214e-06
8.63003e-06
8.66447e-06
8.7074e-06
8.75401e-06
8.7961e-06
8.82189e-06
8.82171e-06
8.78902e-06
8.75998e-06
8.71803e-06
8.65135e-06
8.65135e-06
8.45414e-06
8.34244e-06
8.20757e-06
8.04302e-06
7.88787e-06
7.72921e-06
7.5591e-06
7.37025e-06
7.15828e-06
6.95507e-06
6.77101e-06
6.59724e-06
6.42954e-06
6.2648e-06
6.09956e-06
5.96576e-06
5.85259e-06
5.74975e-06
5.65008e-06
5.58156e-06
5.52898e-06
5.48014e-06
5.42265e-06
5.38351e-06
5.35044e-06
5.31259e-06
5.26346e-06
5.19832e-06
5.1146e-06
5.01282e-06
4.88909e-06
4.74481e-06
4.58304e-06
4.44542e-06
4.32113e-06
4.20213e-06
4.08306e-06
4.00085e-06
3.94246e-06
3.94246e-06
3.84525e-06
3.78831e-06
3.71721e-06
3.66146e-06
3.61003e-06
3.55254e-06
3.48508e-06
3.43681e-06
3.39605e-06
3.35132e-06
3.29629e-06
3.22711e-06
3.1836e-06
3.15524e-06
3.1311e-06
3.10498e-06
3.07264e-06
3.07264e-06
3.08965e-06
3.11626e-06
3.14496e-06
3.14496e-06
3.20335e-06
3.28782e-06
3.50569e-06
3.6203e-06
3.73138e-06
3.86486e-06
3.86486e-06
4.14159e-06
4.2595e-06
4.35513e-06
4.46235e-06
4.56625e-06
4.65457e-06
4.72062e-06
4.79139e-06
4.85127e-06
4.89646e-06
4.92273e-06
4.92396e-06
4.89589e-06
4.85816e-06
4.7992e-06
4.71439e-06
4.60564e-06
4.49885e-06
4.3881e-06
4.26641e-06
4.12968e-06
4.00332e-06
3.87795e-06
3.74855e-06
3.61247e-06
3.46477e-06
3.3026e-06
3.1316e-06
2.95951e-06
2.78803e-06
2.61736e-06
2.44795e-06
2.30295e-06
2.17588e-06
2.05876e-06
1.94869e-06
1.86671e-06
1.80023e-06
1.74196e-06
1.68777e-06
1.63665e-06
1.61491e-06
1.61153e-06
1.61736e-06
1.62556e-06
1.65726e-06
1.70807e-06
1.77407e-06
1.84616e-06
1.91855e-06
1.98916e-06
2.07949e-06
2.17907e-06
2.277e-06
2.36616e-06
2.44246e-06
2.50282e-06
2.53919e-06
2.54678e-06
2.54708e-06
2.53067e-06
2.49316e-06
2.43256e-06
2.35013e-06
2.27509e-06
2.2009e-06
2.12552e-06
2.0501e-06
1.97623e-06
1.92858e-06
1.9019e-06
1.88785e-06
1.8814e-06
1.89985e-06
1.93842e-06
1.99037e-06
2.0468e-06
2.09907e-06
2.14229e-06
2.18917e-06
2.22765e-06
2.25056e-06
2.25404e-06
2.25648e-06
2.25648e-06
2.25186e-06
2.23631e-06
2.16768e-06
2.13392e-06
2.10071e-06
2.06477e-06
2.02693e-06
2.00315e-06
1.99672e-06
2.00742e-06
2.0326e-06
2.06811e-06
2.11153e-06
2.17831e-06
2.25982e-06
2.34797e-06
2.43861e-06
2.55059e-06
2.67998e-06
2.82034e-06
2.96674e-06
3.11667e-06
3.28966e-06
3.4749e-06
3.66344e-06
3.84648e-06
4.03438e-06
4.03438e-06
4.39872e-06
4.55553e-06
4.68783e-06
4.79244e-06
4.79244e-06
4.94065e-06
4.97659e-06
4.9845e-06
4.96605e-06
4.92404e-06
4.85902e-06
4.7724e-06
4.67405e-06
4.56453e-06
4.44311e-06
4.30755e-06
4.15544e-06
3.99661e-06
3.82939e-06
3.6524e-06
3.46397e-06
3.26314e-06
3.05828e-06
3.05828e-06
2.62472e-06
2.62472e-06
2.15595e-06
1.91761e-06
1.67715e-06
1.43033e-06
1.18045e-06
9.2989e-07
6.92166e-07
4.66565e-07
2.52495e-07
5.01781e-08
-1.29141e-07
-2.87699e-07
-4.28115e-07
-5.50791e-07
-6.42933e-07
-7.10179e-07
-7.56509e-07
-7.84151e-07
-7.98041e-07
-7.81313e-07
-7.40394e-07
-6.79669e-07
-6.03315e-07
-5.17821e-07
-4.07915e-07
-2.65571e-07
-1.05714e-07
5.99259e-08
2.42871e-07
4.34799e-07
6.27947e-07
8.15473e-07
9.95191e-07
1.16328e-06
1.33301e-06
1.4992e-06
1.65732e-06
1.8016e-06
1.8016e-06
2.06446e-06
2.16718e-06
2.16718e-06
2.30269e-06
2.33811e-06
2.33811e-06
2.32166e-06
2.2646e-06
2.18493e-06
2.07709e-06
1.93604e-06
1.75865e-06
1.54841e-06
1.32112e-06
1.07589e-06
8.14524e-07
5.37865e-07
2.58272e-07
2.58272e-07
-3.18052e-07
-6.16066e-07
-9.24483e-07
-1.24515e-06
-1.56157e-06
-1.87437e-06
-2.18377e-06
-2.48691e-06
-2.76716e-06
-3.02703e-06
-3.26857e-06
-3.49169e-06
-3.69791e-06
-3.69791e-06
-4.01229e-06
