15.2485
15.2485
15.3554
15.3468
15.3493
15.3395
15.3331
15.3275
15.3228
15.2803
15.2769
15.2741
15.2717
15.222
15.2138
15.2127
15.2119
15.2113
15.2109
15.1892
15.1894
15.1898
15.1901
15.1712
15.172
15.1729
15.1738
15.1487
15.1499
15.1512
15.1525
15.1537
15.1289
15.129
15.125
15.1265
15.1281
15.1296
15.1131
15.1148
15.1165
15.1181
15.1196
15.1029
15.1047
15.1065
15.1081
15.095
15.0924
15.0902
15.092
15.0937
15.0954
15.0823
15.0841
15.086
15.0877
15.0764
15.0783
15.0802
15.0819
15.0819
15.0699
15.0718
15.0737
15.0754
15.0604
15.0622
15.0641
15.0659
15.0544
15.0523
15.0505
15.0523
15.0542
15.0558
15.0441
15.0459
15.0477
15.0496
15.0513
15.0377
15.0395
15.0413
15.0432
15.0327
15.0309
15.0293
15.0311
15.0329
15.0345
15.022
15.0236
15.0254
15.0272
15.018
15.0196
15.0214
15.0232
15.025
15.0111
15.0127
15.0144
15.0161
15.0036
15.0021
15.0037
15.0054
15.0071
15.0089
15.0017
15.0033
15.005
15.0068
14.9943
14.9958
14.9973
14.999
14.9913
14.9868
14.9883
14.9899
14.9915
14.985
14.9866
14.9882
14.9897
14.9914
14.9823
14.9838
14.9853
14.9869
14.9784
14.9799
14.979
14.9806
14.9821
14.9837
14.9763
14.9778
14.9793
14.9808
14.9824
14.9747
14.9747
14.9762
14.9777
14.9793
14.9717
14.9732
14.9747
14.9762
14.9777
14.9703
14.9718
14.9733
14.9748
14.9697
14.9671
14.9685
14.97
14.9715
14.9729
14.9678
14.9692
14.9707
14.9722
14.9686
14.97
14.9714
14.9714
14.9728
14.968
14.9694
14.9708
14.9722
14.9715
14.9702
14.9715
14.9729
14.9743
14.9758
14.9729
14.9743
14.9757
14.9771
14.9751
14.9765
14.9779
14.9793
14.9807
14.9769
14.9782
14.9796
14.981
14.9824
14.9791
14.9805
14.9818
14.9832
14.9846
14.9812
14.9825
14.9839
14.9852
14.9818
14.9819
14.9821
14.9834
14.9848
14.9861
14.9837
14.985
14.9864
14.9877
14.987
14.9883
14.9896
14.9909
14.9923
14.9901
14.9914
14.9927
14.9941
14.9936
14.9931
14.9944
14.9957
14.9971
14.9985
14.9974
14.9987
15
15
15.0013
15.0008
15.0021
15.0034
15.0047
15.005
15.0055
15.0062
15.0075
15.0088
15.0102
15.0096
15.0109
15.0123
15.0137
15.0145
15.0158
15.0172
15.0186
15.0184
15.0197
15.021
15.0223
15.0237
15.0229
15.0242
15.0255
15.0268
15.0257
15.0263
15.027
15.0283
15.0296
15.031
15.0302
15.0315
15.0328
15.0342
15.0357
15.0354
15.0367
15.038
15.0394
15.039
15.0396
15.0409
15.0422
15.0436
15.045
15.0441
15.0454
15.0469
15.0483
15.0483
15.0496
15.051
15.0524
15.0538
15.0528
15.0528
15.0555
15.0554
15.0568
15.0562
15.0575
15.0588
15.0602
15.0617
15.0604
15.0617
15.063
15.0644
15.0658
15.0641
15.0655
15.0668
15.0682
15.0674
15.067
15.0683
15.0697
15.0711
15.0725
15.0712
15.0726
15.0741
15.0754
15.0749
15.0763
15.0777
15.0791
15.0791
15.0771
15.0784
15.0798
15.0812
15.0827
15.0807
15.0821
15.0835
15.085
15.0823
15.0836
15.0841
15.0855
15.0869
15.0883
15.0858
15.0873
15.0887
15.0901
15.0888
15.0902
15.0917
15.0931
15.0945
15.0914
15.0929
15.0943
15.0957
15.092
15.0934
15.0943
15.0957
15.0972
15.0986
15.0965
15.098
15.0995
15.1009
15.1023
15.0993
15.1008
15.1023
15.1037
15.1002
15.1003
15.1018
15.1032
15.1046
15.106
15.1026
15.1041
15.1055
15.1069
15.104
15.1055
15.1069
15.1069
15.1083
15.1025
15.1039
15.1054
15.1068
15.1034
15.1033
15.1033
15.1047
15.1061
15.1075
15.1037
15.1051
15.1066
15.108
15.1051
15.1066
15.108
15.1094
15.1109
15.107
15.1085
15.11
15.1114
15.1065
15.1079
15.1094
15.1108
15.1054
15.1068
15.1051
15.1066
15.108
15.1095
15.1038
15.1052
15.1067
15.1081
15.104
15.1055
15.1069
15.1083
15.1098
15.1039
15.1053
15.1068
15.1082
15.1025
15.1039
15.1054
15.1068
15.1082
15.1035
15.1032
15.1031
15.1046
15.106
15.1075
15.1031
15.1045
15.106
15.106
15.1022
15.1036
15.1051
15.1065
15.1079
15.1016
15.103
15.1044
15.1059
15.1073
15.0995
15.1009
15.1023
15.1037
15.1051
15.1003
15.1017
15.1031
15.1045
15.0995
15.1009
15.1023
15.1038
15.1052
15.0987
15.1001
15.1001
15.1015
15.097
15.0966
15.0964
15.0978
15.0992
15.1006
15.0962
15.0976
15.099
15.1004
15.0962
15.0976
15.099
15.1004
15.0958
15.0972
15.0986
15.1
15.1014
15.0951
15.0965
15.0979
15.0993
15.1007
15.0946
15.096
15.0974
15.0974
15.0927
15.092
15.0917
15.0931
15.0945
15.0959
15.0909
15.0923
15.0937
15.0952
15.0965
15.0907
15.0921
15.0936
15.095
15.0903
15.0881
15.0896
15.0911
15.0924
15.0937
15.0888
15.0902
15.0916
15.0929
15.0942
15.09
15.0915
15.0928
15.0942
15.0877
15.0877
15.0893
15.0906
15.0919
15.0848
15.0865
15.0878
15.0891
15.0836
15.0814
15.0829
15.0842
15.0855
15.0872
15.0817
15.0829
15.0842
15.0855
15.0809
15.0826
15.0838
15.0851
15.0782
15.0799
15.0813
15.0827
15.084
15.0784
15.0766
15.0766
15.0782
15.0795
15.0808
15.0762
15.0778
15.0791
15.0804
15.0818
15.0759
15.0775
15.0788
15.0802
15.0745
15.0744
15.0758
15.0772
15.0785
15.08
15.0754
15.0767
15.0781
15.0795
15.0755
15.077
15.0784
15.0798
15.0745
15.0745
15.0758
15.0772
15.0786
15.0744
15.0743
15.0741
15.0755
15.0769
15.0784
15.0741
15.0754
15.0769
15.0783
15.0745
15.0758
15.0772
15.0787
15.0799
15.0732
15.0746
15.0761
15.0775
15.0727
15.0702
15.0716
15.0731
15.0731
15.0745
15.0694
15.0706
15.0721
15.0735
15.0693
15.0704
15.0716
15.0731
15.0746
15.068
15.0706
15.0705
15.072
15.0678
15.0671
15.0665
15.068
15.0694
15.0707
15.0655
15.067
15.0684
15.0699
15.0711
15.0653
15.0668
15.0682
15.0682
15.0635
15.061
15.0625
15.0639
15.0652
15.0664
15.0614
15.0629
15.0643
15.0657
15.061
15.0623
15.0637
15.0651
15.0665
15.06
15.0614
15.0629
15.0642
15.0598
15.0594
15.0591
15.0605
15.0619
15.0633
15.0583
15.0597
15.0611
15.0611
15.0625
15.0574
15.0588
15.0603
15.0617
15.0566
15.058
15.0579
15.0593
15.0607
15.0621
15.0577
15.0591
15.0605
15.0619
15.0585
15.0599
15.0613
15.0627
15.0589
15.0603
15.0617
15.0632
15.0647
15.0594
15.0608
15.0622
15.0637
15.0636
15.0586
15.0601
15.0615
15.0629
15.0595
15.0596
15.0597
15.0611
15.0625
15.064
15.0603
15.0618
15.0632
15.0646
15.0661
15.0618
15.0632
15.0647
15.0661
15.0676
15.0633
15.0648
15.0662
15.0677
15.0644
15.0629
15.0643
15.0657
15.0657
15.0671
15.0636
15.065
15.0665
15.0679
15.0652
15.0667
15.0681
15.0695
15.0662
15.0677
15.0692
15.0706
15.0721
15.0671
15.0685
15.07
15.0715
15.0729
15.0678
15.0693
15.0708
15.0722
15.0737
15.0682
15.0697
15.0712
15.0726
15.0741
15.067
15.0684
15.0699
15.0713
15.0655
15.0669
15.0667
15.0682
15.0696
15.0711
15.0658
15.0673
15.0688
15.0702
15.0665
15.068
15.0695
15.0709
15.0669
15.0684
15.0698
15.0713
15.0728
15.0668
15.0682
15.0697
15.0712
15.0673
15.067
15.0653
15.0668
15.0682
15.0697
15.0652
15.0667
15.0682
15.0696
15.0711
15.0662
15.0677
15.0692
15.0706
15.0667
15.0648
15.0663
15.0677
15.0692
15.0706
15.0663
15.0678
15.0692
15.0706
15.067
15.0685
15.0685
15.0699
15.0659
15.0673
15.0687
15.0702
15.0717
15.066
15.0674
15.0688
15.0703
15.0719
15.0661
15.0658
15.0673
15.0688
15.0703
15.0654
15.0669
15.0683
15.0698
15.0654
15.0668
15.0682
15.0697
15.0713
15.0649
15.0664
15.0679
15.0694
15.0652
15.0633
15.0644
15.0644
15.0658
15.0673
15.0638
15.0652
15.0666
15.0681
15.0632
15.0646
15.066
15.0676
15.0691
15.0634
15.0648
15.0662
15.0678
15.0693
15.0628
15.0642
15.0656
15.0671
15.0624
15.0618
15.0615
15.0629
15.0643
15.0658
15.0608
15.0622
15.0636
15.0651
15.0602
15.0616
15.063
15.0645
15.066
15.0595
15.0609
15.0623
15.0638
15.0654
15.057
15.0583
15.0597
15.0612
15.0627
15.0574
15.0588
15.0602
15.0617
15.0632
15.056
15.0573
15.0588
15.0603
15.0558
15.0552
15.0534
15.0548
15.0562
15.0576
15.0525
15.0539
15.0553
15.0567
15.0582
15.0529
15.0543
15.0557
15.0572
15.0586
15.0509
15.0523
15.0537
15.0551
15.0566
15.0514
15.0527
15.0542
15.0556
15.0556
15.0485
15.0499
15.0513
15.0527
15.0484
15.0462
15.0476
15.049
15.0505
15.0518
15.0469
15.0483
15.0497
15.0511
15.047
15.0484
15.0498
15.0513
15.0465
15.0479
15.0493
15.0507
15.0521
15.0454
15.0468
15.0482
15.0496
15.0436
15.0436
15.0432
15.0446
15.046
15.0474
15.0423
15.0436
15.045
15.0464
15.0413
15.0426
15.0439
15.0453
15.0468
15.0421
15.0403
15.0416
15.043
15.0444
15.0458
15.0415
15.0429
15.0443
15.0457
15.0423
15.0436
15.045
15.0465
15.0464
15.042
15.042
15.0433
15.0447
15.0411
15.0409
15.041
15.0423
15.0437
15.0451
15.0421
15.0435
15.0448
15.0462
15.0445
15.0458
15.0472
15.0486
15.0452
15.0465
15.0479
15.0493
15.0507
15.0448
15.0462
15.0475
15.0489
15.0453
15.0448
15.0432
15.0445
15.0459
15.0473
15.0439
15.0452
15.0466
15.048
15.0494
15.0455
15.0468
15.0482
15.0496
15.0447
15.046
15.0458
15.0471
15.0485
15.0499
15.0449
15.0462
15.0476
15.049
15.0457
15.047
15.0484
15.0498
15.0441
15.0454
15.0467
15.0466
15.0479
15.0424
15.0403
15.0416
15.0429
15.0442
15.0456
15.0419
15.0432
15.0445
15.0458
15.0429
15.0442
15.0455
15.0469
15.0483
15.043
15.0443
15.0456
15.047
15.0409
15.0422
15.042
15.0433
15.0446
15.046
15.0413
15.0426
15.0439
15.0439
15.0453
15.0425
15.0438
15.0451
15.0465
15.0421
15.0434
15.0447
15.0461
15.0427
15.0424
15.0422
15.0435
15.0449
15.0463
15.0424
15.0438
15.0451
15.0465
15.0479
15.0441
15.0454
15.0467
15.0481
15.0453
15.0449
15.0448
15.0461
15.0461
15.0474
15.0437
15.045
15.0463
15.0477
15.0456
15.0469
15.0482
15.0496
15.0463
15.0476
15.049
15.0503
15.0517
15.0466
15.0479
15.0492
15.0506
15.0475
15.0472
15.0471
15.0484
15.0498
15.0512
15.0474
15.0487
15.0501
15.0515
15.0514
15.0477
15.049
15.0504
15.0518
15.0474
15.0487
15.0486
15.0499
15.0513
15.0527
15.0482
15.0496
15.0495
15.0509
15.0481
15.0494
15.0507
15.052
15.0534
15.0489
15.0502
15.0516
15.053
15.0544
15.0497
15.0496
15.0509
15.0523
15.0537
15.0501
15.0515
15.0528
15.0542
15.051
15.0523
15.0537
15.055
15.0564
15.0513
15.0513
15.0526
15.054
15.0494
15.0507
15.0508
15.0522
15.0535
15.0549
15.0507
15.052
15.0533
15.0547
15.0519
15.0532
15.0546
15.056
15.0574
15.0524
15.0537
15.0551
15.0565
15.0518
15.0517
15.0531
15.0544
15.0558
15.0572
15.0531
15.0544
15.0558
15.0572
15.0527
15.0541
15.0554
15.0568
15.0582
15.0529
15.0543
15.0556
15.057
15.0517
15.053
15.0528
15.0542
15.0555
15.0569
15.0524
15.0537
15.0551
15.0565
15.0535
15.0549
15.0562
15.0576
15.059
15.0539
15.0552
15.0566
15.058
15.0594
15.0545
15.0559
15.0558
15.0572
15.0519
15.0533
15.0531
15.0545
15.0559
15.0572
15.053
15.0544
15.0557
15.0571
15.0541
15.0555
15.0568
15.0582
15.0545
15.0558
15.0572
15.0586
15.06
15.0545
15.0559
15.0572
15.0586
15.06
15.0546
15.0559
15.0573
15.0587
15.0577
15.0574
15.0572
15.0586
15.06
15.0614
15.0576
15.059
15.0603
15.0617
15.0591
15.0605
15.0619
15.0632
15.0647
15.0592
15.0606
15.062
15.0634
15.0599
15.0595
15.0593
15.0606
15.062
15.0635
15.0578
15.0606
15.0605
15.0619
15.0592
15.0606
15.0619
15.0633
15.0647
15.0585
15.0598
15.0612
15.0626
15.064
15.0586
15.06
15.0614
15.0628
15.0642
15.0585
15.0582
15.0596
15.061
15.0624
15.0583
15.0596
15.061
15.0624
15.0587
15.0587
15.0601
15.0614
15.0628
15.0572
15.0586
15.0599
15.0613
15.0627
15.0577
15.0591
15.0604
15.0618
15.0579
15.0576
15.059
15.0603
15.0617
15.0631
15.0607
15.062
15.0634
15.0648
15.0622
15.0636
15.065
15.0664
15.0678
15.0626
15.064
15.0653
15.0668
15.0615
15.0615
15.0612
15.0626
15.0639
15.0653
15.0606
15.062
15.0633
15.0647
15.0661
15.061
15.0623
15.0637
15.0651
15.0614
15.061
15.0607
15.0621
15.0635
15.0648
15.0604
15.0618
15.0631
15.0645
15.0615
15.0629
15.0643
15.0657
15.0671
15.0601
15.0615
15.0628
15.0642
15.0656
15.0601
15.0614
15.0628
15.0642
15.0597
15.0592
15.0589
15.0602
15.0616
15.063
15.0586
15.0599
15.0613
15.0627
15.0597
15.061
15.0624
15.0638
15.0652
15.0595
15.0609
15.0623
15.0637
15.0651
15.0597
15.0596
15.061
15.0624
15.0638
15.0579
15.0593
15.0607
15.0621
15.0564
15.0561
15.0575
15.0588
15.0602
15.0616
15.0567
15.0581
15.0595
15.0608
15.0622
15.0568
15.0582
15.0595
15.0609
15.0623
15.0569
15.0567
15.058
15.0594
15.0608
15.0552
15.0566
15.0579
15.0593
15.0537
15.055
15.0564
15.0577
15.0591
15.0524
15.0538
15.0535
15.0549
15.0563
15.0577
15.053
15.0543
15.0557
15.0571
15.0585
15.0536
15.055
15.0564
15.0578
15.0592
15.0539
15.0553
15.0567
15.0581
15.0523
15.0508
15.0521
15.0534
15.0548
15.0562
15.0515
15.0529
15.0543
15.0557
15.0522
15.0536
15.055
15.0564
15.0577
15.052
15.0533
15.0547
15.0561
15.0525
15.0521
15.0519
15.0533
15.0547
15.056
15.0518
15.0531
15.0545
15.0559
15.053
15.0544
15.0558
15.0557
15.0572
15.0516
15.053
15.0544
15.0558
15.0572
15.0521
15.0534
15.0548
15.0562
15.0505
15.0503
15.0516
15.053
15.0544
15.0558
15.0511
15.0525
15.0539
15.0553
15.0518
15.0532
15.0546
15.056
15.0574
15.0518
15.0532
15.0546
15.056
15.0524
15.0507
15.0505
15.0519
15.0532
15.0546
15.0506
15.0519
15.0533
15.0547
15.0561
15.0517
15.0531
15.0545
15.0558
15.0526
15.0507
15.0521
15.0535
15.0549
15.0563
15.0523
15.0537
15.055
15.0564
15.0534
15.0547
15.0561
15.0575
15.0538
15.0552
15.0566
15.0566
15.058
15.0525
15.0539
15.0553
15.0567
15.0517
15.0515
15.0529
15.0542
15.0556
15.057
15.0525
15.0539
15.0553
15.0567
15.0531
15.0545
15.0559
15.0573
15.0587
15.0532
15.0546
15.056
15.0574
15.0523
15.0536
15.0535
15.0534
15.0548
15.0562
15.0516
15.0529
15.0543
15.0557
15.0528
15.0542
15.0555
15.0569
15.0583
15.0529
15.0543
15.0557
15.0571
15.052
15.0533
15.0532
15.0545
15.0559
15.0573
15.0527
15.054
15.054
15.0554
15.0523
15.0537
15.055
15.0564
15.0578
15.0528
15.0541
15.0555
15.0569
15.0535
15.0515
15.0529
15.0542
15.0556
15.057
15.0517
15.0531
15.0544
15.0558
15.0521
15.0534
15.0548
15.0548
15.051
15.0524
15.0537
15.0551
15.0565
15.0514
15.0527
15.0541
15.0555
15.0507
15.052
15.0519
15.0532
15.0546
15.056
15.0516
15.0529
15.0529
15.0543
15.0514
15.0528
15.0541
15.0555
15.0569
15.0521
15.0535
15.0548
15.0562
15.0531
15.0528
15.0527
15.054
15.0554
15.0567
15.0529
15.0542
15.0555
15.0569
15.0544
15.0558
15.0571
15.0585
15.0553
15.0566
15.058
15.0593
15.0607
15.0556
15.0556
15.0569
15.0583
15.0552
15.0537
15.055
15.0564
15.0577
15.059
15.0554
15.0567
15.0581
15.0594
15.0566
15.0579
15.0593
15.0606
15.062
15.0568
15.0581
15.0595
15.0608
15.0577
15.0573
15.0573
15.0586
15.0599
15.0598
15.056
15.0573
15.0586
15.06
15.0577
15.059
15.0602
15.0616
15.0582
15.0595
15.0608
15.0621
15.0634
15.0588
15.0601
15.0614
15.0627
15.0585
15.0585
15.0598
15.061
15.0623
15.0636
15.0595
15.0608
15.062
15.0633
15.0601
15.0614
15.0627
15.0639
15.0652
15.0586
15.0599
15.0611
15.0624
15.0637
15.0589
15.0602
15.0614
15.0627
15.0639
15.0593
15.0605
15.0618
15.063
15.0595
15.0577
15.059
15.0602
15.0614
15.0627
15.059
15.0602
15.0614
15.0627
15.0601
15.0613
15.0625
15.0637
15.065
15.0586
15.0599
15.0611
15.0623
15.0635
15.0588
15.0601
15.0614
15.0626
15.0596
15.0597
15.0602
15.0613
15.0624
15.0638
15.0619
15.063
15.0641
15.0655
15.067
15.0634
15.0645
15.0657
15.0671
15.0687
15.0644
15.0655
15.0666
15.068
15.0652
15.0642
15.065
15.0661
15.0661
15.0678
15.0647
15.0658
15.0668
15.0686
15.066
15.0671
15.0681
15.0691
15.0702
15.0642
15.066
15.0669
15.068
15.0638
15.0634
15.0643
15.0653
15.0663
15.0684
15.0651
15.0662
15.0672
15.0682
15.0701
15.0642
15.0651
15.0661
15.0681
15.0616
15.0622
15.0616
15.0626
15.0646
15.0665
15.062
15.063
15.064
15.0662
15.0628
15.0639
15.0649
15.0669
15.069
15.0632
15.0642
15.0653
15.0669
15.0609
15.062
15.0616
15.0627
15.0642
15.0656
15.0619
15.0631
15.0643
15.0656
15.0668
15.0625
15.0625
15.0638
15.0646
15.0591
15.0604
15.0604
15.0617
15.0624
15.0631
15.0594
15.0608
15.0613
15.0619
15.0594
15.0608
15.0612
15.0617
15.0591
15.0604
15.0605
15.0607
15.0621
15.0589
15.0602
15.0603
15.0602
15.0563
15.0577
15.059
15.0591
15.0594
15.0554
15.0541
15.0555
15.0558
15.0563
15.0576
15.0556
15.0559
15.0561
15.0574
15.0587
15.0559
15.0563
15.0565
15.0576
15.0551
15.0554
15.055
15.0557
15.0569
15.0581
15.056
15.0566
15.0572
15.0584
15.0562
15.0568
15.0574
15.0586
15.0597
15.0575
15.0569
15.0576
15.0586
15.0597
15.0608
15.0592
15.0601
15.0612
15.0623
15.0611
15.0619
15.0627
15.0638
15.0649
15.064
15.0648
15.0657
15.0668
15.0656
15.0665
15.0674
15.0685
15.0696
15.069
15.0696
15.0702
15.0712
15.0723
15.0734
15.073
15.073
15.0739
15.075
15.0749
15.0759
15.0769
15.078
15.0791
15.0794
15.0803
15.0813
15.0824
15.0831
15.0834
15.0841
15.0852
15.0863
15.0874
15.0875
15.0885
15.0896
15.0907
15.0912
15.0922
15.0933
15.0944
15.095
15.096
15.097
15.0981
15.0992
15.0997
15.0997
15.1007
15.1018
15.1029
15.1028
15.1038
15.1047
15.1058
15.1054
15.1064
15.1068
15.1079
15.109
15.1101
15.1092
15.1101
15.1112
15.1124
15.1119
15.1129
15.1138
15.1149
15.114
15.1151
15.1159
15.1168
15.1179
15.1162
15.1171
15.1179
15.119
15.117
15.1168
15.1176
15.1183
15.1194
15.1205
15.119
15.1198
15.1207
15.1218
15.1206
15.1217
15.1225
15.1233
15.1244
15.1222
15.1229
15.1236
15.1247
15.1223
15.1227
15.1234
15.1241
15.1251
15.1261
15.1241
15.1249
15.1256
15.1267
15.1248
15.1256
15.1264
15.1264
15.1244
15.1254
15.1264
15.1271
15.1278
15.1253
15.1263
15.127
15.1278
15.1243
15.1242
15.1252
15.126
15.1269
15.1279
15.1249
15.1259
15.1267
15.1276
15.1286
15.1246
15.1254
15.1264
15.1273
15.1243
15.1231
15.1241
15.1251
15.126
15.1269
15.1227
15.1238
15.1249
15.1258
15.122
15.1229
15.1238
15.1249
15.126
15.121
15.1219
15.123
15.1242
15.1251
15.12
15.1213
15.1226
15.1235
15.1192
15.1174
15.1187
15.1202
15.1212
15.1221
15.1172
15.1185
15.1198
15.1207
15.1152
15.1161
15.1174
15.1175
15.1188
15.1125
15.1134
15.1146
15.1159
15.1169
15.1106
15.1115
15.1126
15.1136
15.1069
15.1065
15.1075
15.1084
15.1093
15.1104
15.107
15.1078
15.1086
15.1097
15.1045
15.105
15.1056
15.1067
15.1029
15.102
15.1011
15.1018
15.1028
15.103
15.099
15.1001
15.1004
15.1008
15.0974
15.0985
15.0988
15.0991
15.1002
15.0951
15.0951
15.0952
15.0963
15.0928
15.0925
15.0913
15.0911
15.0919
15.093
15.0892
15.0896
15.09
15.0911
15.0866
15.0876
15.0875
15.0876
15.0886
15.084
15.084
15.0841
15.0842
15.0788
15.0798
15.0788
15.0789
15.0797
15.0806
15.077
15.0779
15.0782
15.0786
15.0742
15.0751
15.0754
15.0756
15.0722
15.073
15.0734
15.0738
15.0744
15.0702
15.071
15.0718
15.0723
15.0681
15.068
15.068
15.0688
15.0696
15.07
15.0667
15.0675
15.0683
15.0687
15.0661
15.0669
15.0676
15.0684
15.0688
15.0649
15.0656
15.0663
15.0671
15.0646
15.0643
15.0643
15.0651
15.0656
15.0661
15.0646
15.0653
15.066
15.0666
15.0653
15.066
15.0668
15.0673
15.0656
15.0661
15.0668
15.0676
15.0683
15.0669
15.0674
15.0681
15.0689
15.0694
15.0682
15.0689
15.0696
15.0704
15.0695
15.0698
15.0706
15.0713
15.072
15.0726
15.0724
15.0731
15.0738
15.0744
15.0745
15.0752
15.0759
15.0764
15.0764
15.0772
15.0779
15.0786
15.0786
15.0784
15.0789
15.0796
15.0803
15.0802
15.0807
15.0812
15.0819
15.0826
15.0831
15.0828
15.0835
15.0842
15.0849
15.085
15.0855
15.0862
15.0869
15.0874
15.0867
15.0874
15.0881
15.0886
15.0884
15.0882
15.0889
15.0896
15.0903
15.0907
15.0896
15.0901
15.0908
15.0915
15.0911
15.0916
15.0923
15.093
15.0934
15.0923
15.093
15.0937
15.0943
15.0947
15.0935
15.0941
15.0948
15.0954
15.0943
15.0935
15.0942
15.0948
15.0955
15.0959
15.0944
15.0951
15.0957
15.0961
15.0944
15.095
15.0956
15.0963
15.0969
15.0947
15.0952
15.0958
15.0964
15.0969
15.0946
15.0952
15.0958
15.0964
15.0948
15.0938
15.0944
15.095
15.0956
15.0961
15.0941
15.0947
15.0953
15.0958
15.0944
15.095
15.0955
15.0961
15.0967
15.0943
15.0949
15.0954
15.096
15.096
15.0935
15.0933
15.0939
15.0945
15.095
15.0933
15.094
15.0945
15.0951
15.0958
15.094
15.0945
15.0951
15.0956
15.0944
15.0945
15.0944
15.0949
15.0956
15.0963
15.0952
15.0958
15.0964
15.097
15.0953
15.0959
15.0965
15.0965
15.0956
15.0959
15.0962
15.0967
15.0973
15.0979
15.0971
15.0978
15.0984
15.099
15.0995
15.0989
15.0995
15.1001
15.1007
15.1003
15.1005
15.1008
15.1014
15.102
15.1025
15.102
15.1026
15.1032
15.1039
15.1042
15.1037
15.1044
15.105
15.1054
15.1047
15.1043
15.1048
15.1054
15.1061
15.1067
15.1053
15.1056
15.1063
15.1069
15.1056
15.106
15.1066
15.1072
15.1075
15.1054
15.106
15.1066
15.1073
15.1075
15.1052
15.1058
15.1064
15.1066
15.1069
15.1043
15.1049
15.1055
15.1056
15.1023
15.1025
15.1025
15.1031
15.1036
15.104
15.1016
15.1022
15.1028
15.1031
15.101
15.1016
15.1022
15.1024
15.1028
15.1
15.1006
15.1012
15.1015
15.0992
15.0991
15.099
15.0995
15.0999
15.1003
15.0983
15.0988
15.0992
15.0996
15.098
15.0985
15.0985
15.0991
15.0994
15.0974
15.0979
15.0984
15.0988
15.0977
15.0971
15.0976
15.0981
15.0985
15.0989
15.0974
15.0979
15.0984
15.0989
15.0977
15.0982
15.0987
15.0991
15.0995
15.0985
15.099
15.0994
15.0998
15.0985
15.0989
15.0995
15.1
15.1
15.0983
15.0987
15.0992
15.0997
15.099
15.099
15.099
15.0995
15.1
15.1004
15.0995
15.1
15.1005
15.101
15.1014
15.1007
15.1012
15.1018
15.1022
15.1013
15.1018
15.1023
15.1028
15.1021
15.1021
15.1022
15.1027
15.1031
15.1031
15.1023
15.1028
15.1033
15.1039
15.1042
15.1036
15.1041
15.1046
15.1049
15.1044
15.1041
15.1046
15.1051
15.1056
15.106
15.1051
15.1056
15.1061
15.1065
15.1058
15.1063
15.1068
15.1073
15.1064
15.1067
15.1072
15.1077
15.108
15.1064
15.1069
15.1074
15.1077
15.1064
15.1056
15.1061
15.1065
15.107
15.1074
15.1059
15.1064
15.1069
15.1074
15.1077
15.106
15.1065
15.107
15.1073
15.106
15.1059
15.1058
15.1063
15.1066
15.1068
15.1054
15.1058
15.1063
15.1066
15.1055
15.1059
15.1064
15.1068
15.1069
15.1048
15.1051
15.1055
15.106
15.1039
15.1042
15.104
15.1044
15.1049
15.1052
15.1025
15.1029
15.1034
15.1038
15.1042
15.1017
15.1022
15.1026
15.1029
15.1014
15.1011
15.1009
15.1014
15.1017
15.102
15.1002
15.1007
15.1011
15.1015
15.1018
15.0996
15.1
15.1004
15.1008
15.1012
15.0992
15.0997
15.1
15.1004
15.0982
15.0987
15.0985
15.0989
15.0992
15.0997
15.0978
15.0982
15.0986
15.099
15.0994
15.0976
15.098
15.0984
15.0987
15.0976
15.0974
15.0972
15.0976
15.098
15.098
15.0964
15.0968
15.0972
15.0976
15.0966
15.097
15.0975
15.0978
15.0981
15.0966
15.097
15.0973
15.0976
15.0968
15.0967
15.0966
15.0969
15.0971
15.0975
15.0962
15.0966
15.0969
15.0972
15.0976
15.0964
15.0969
15.0971
15.0974
15.0978
15.0965
15.0965
15.0967
15.097
15.0958
15.0958
15.096
15.0963
15.0967
15.0971
15.0962
15.0964
15.0966
15.0969
15.0961
15.0965
15.0969
15.0972
15.0974
15.0956
15.096
15.0962
15.0964
15.0946
15.095
15.0948
15.095
15.0952
15.0956
15.0937
15.0939
15.0939
15.0941
15.0927
15.0931
15.0935
15.0938
15.094
15.092
15.0923
15.0927
15.093
15.0915
15.0907
15.0911
15.0913
15.0916
15.0919
15.0904
15.0907
15.091
15.0912
15.0916
15.0896
15.09
15.0903
15.0905
15.0909
15.0889
15.0891
15.0894
15.0898
15.0874
15.0878
15.0875
15.0877
15.088
15.0884
15.0853
15.0855
15.0858
15.0861
15.0834
15.0838
15.0841
15.0844
15.0847
15.0821
15.0824
15.0827
15.0829
15.0833
15.0815
15.0818
15.082
15.0823
15.0811
15.0809
15.0807
15.081
15.081
15.0813
15.08
15.0804
15.0807
15.0809
15.0806
15.0809
15.0812
15.0814
15.0818
15.0801
15.0805
15.0807
15.0809
15.0813
15.0796
15.08
15.0802
15.0805
15.0795
15.0792
15.0792
15.0794
15.0797
15.08
15.0789
15.0792
15.0795
15.0794
15.0792
15.0796
15.0798
15.08
15.0792
15.0796
15.0799
15.0803
15.0805
15.0792
15.0795
15.0798
15.0801
15.0804
15.0796
15.0799
15.0801
15.0804
15.0799
15.0797
15.0796
15.0798
15.0801
15.0804
15.0794
15.0798
15.08
15.0803
15.0802
15.0805
15.0808
15.0808
15.0811
15.08
15.0803
15.0806
15.0809
15.0804
15.0803
15.0802
15.0804
15.0807
15.081
15.0802
15.0805
15.0807
15.081
15.0809
15.0813
15.0816
15.0819
15.0821
15.0809
15.0813
15.0815
15.0818
15.0814
15.0811
15.081
15.0813
15.0816
15.0816
15.0805
15.0808
15.081
15.0813
15.0805
15.0808
15.0811
15.0813
15.0816
15.0801
15.0804
15.0807
15.081
15.0812
15.0799
15.0802
15.0805
15.0808
15.0793
15.0796
15.0794
15.0797
15.08
15.0803
15.0788
15.0791
15.0793
15.0796
15.0792
15.0795
15.0795
15.0797
15.08
15.0785
15.0788
15.0791
15.0794
15.0789
15.0782
15.0785
15.0787
15.079
15.0793
15.0782
15.0785
15.0788
15.079
15.0785
15.0788
15.0791
15.0793
15.0776
15.0779
15.0782
15.0785
15.0788
15.0769
15.0772
15.0775
15.0778
15.0778
15.0765
15.0768
15.0771
15.0773
15.0776
15.0765
15.0768
15.0771
15.0774
15.0764
15.0759
15.0757
15.076
15.0763
15.0766
15.0755
15.0758
15.0761
15.0763
15.0762
15.0765
15.0768
15.077
15.0773
15.0756
15.0759
15.0763
15.0766
15.076
15.0755
15.0753
15.0752
15.0755
15.0758
15.0747
15.075
15.0753
15.0756
15.0759
15.0759
15.0762
15.0765
15.0768
15.0757
15.076
15.0763
15.0766
15.0769
15.0751
15.0754
15.0757
15.076
15.0748
15.0744
15.0741
15.0744
15.0747
15.075
15.0736
15.0738
15.0741
15.0744
15.074
15.074
15.0743
15.0745
15.0748
15.0731
15.0733
15.0736
15.0739
15.0731
15.0727
15.0724
15.0727
15.073
15.0733
15.0717
15.072
15.0722
15.0725
15.0728
15.0707
15.071
15.0712
15.0715
15.0694
15.0697
15.0692
15.0694
15.0697
15.07
15.0677
15.068
15.0683
15.0686
15.0678
15.068
15.0683
15.0686
15.0689
15.0652
15.0655
15.0658
15.066
15.0641
15.0643
15.064
15.0643
15.0646
15.0649
15.0627
15.063
15.0632
15.0635
15.0628
15.063
15.0633
15.0636
15.0639
15.0614
15.0617
15.062
15.0623
15.0606
15.0608
15.0606
15.0608
15.0611
15.0614
15.0596
15.0599
15.0602
15.0605
15.0607
15.0597
15.0599
15.0602
15.0605
15.0598
15.0589
15.0592
15.0592
15.0594
15.0597
15.0603
15.0606
15.0609
15.0612
15.0619
15.0622
15.0625
15.0628
15.0631
15.062
15.0623
15.0626
15.0629
15.0624
15.062
15.0619
15.0622
15.0624
15.0627
15.0616
15.062
15.0622
15.0625
15.0626
15.0629
15.0632
15.0632
15.0635
15.0624
15.0628
15.0631
15.0633
15.0631
15.0624
15.0627
15.063
15.0633
15.0635
15.0626
15.0629
15.0632
15.0634
15.0633
15.0636
15.0639
15.0642
15.0645
15.0636
15.0639
15.0642
15.0645
15.0643
15.0641
15.064
15.0642
15.0645
15.0648
15.0638
15.0641
15.0645
15.0647
15.0652
15.0655
15.0658
15.0661
15.0664
15.0648
15.0652
15.0656
15.0658
15.0653
15.0647
15.065
15.0653
15.0656
15.0658
15.0649
15.0652
15.0655
15.0658
15.066
15.0656
15.066
15.0662
15.0665
15.0661
15.0661
15.066
15.0663
15.0666
15.0669
15.0659
15.0663
15.0666
15.0669
15.0668
15.0671
15.0675
15.0678
15.068
15.0691
15.0695
15.0698
15.07
15.0703
15.0701
15.0706
15.0709
15.0712
15.0707
15.0706
15.0704
15.0707
15.071
15.0712
15.0702
15.0702
15.0706
15.0709
15.0708
15.0712
15.0717
15.072
15.0714
15.0716
15.072
15.0724
15.0727
15.0712
15.0715
15.0718
15.0722
15.0725
15.0729
15.0734
15.0738
15.0741
15.0735
15.0732
15.073
15.0733
15.0736
15.0739
15.0723
15.0723
15.0726
15.073
15.0728
15.073
15.0734
15.0738
15.0741
15.0723
15.0727
15.0731
15.0734
15.0704
15.0689
15.0693
15.0697
15.0699
15.0702
15.0682
15.0685
15.0688
15.0691
15.068
15.0683
15.0687
15.0689
15.0692
15.067
15.0674
15.0677
15.0677
15.0667
15.0661
15.0658
15.0661
15.0664
15.0667
15.0651
15.0654
15.0657
15.066
15.0654
15.0657
15.0659
15.0663
15.0667
15.0645
15.0647
15.0651
15.0654
15.0643
15.0631
15.0634
15.0637
15.064
15.0643
15.0624
15.0627
15.063
15.063
15.0621
15.0624
15.0626
15.063
15.0633
15.0619
15.0622
15.0625
15.0628
15.0614
15.0616
15.0619
15.0622
15.0625
15.0601
15.0604
15.0607
15.061
15.0613
15.0599
15.0602
15.0605
15.0608
15.0611
15.0613
15.0611
15.0613
15.0617
15.062
15.0601
15.06
15.0603
15.0606
15.0584
15.0587
15.0589
15.0592
15.0595
15.0571
15.0573
15.0576
15.0579
15.0559
15.0561
15.0557
15.056
15.0562
15.0565
15.0546
15.0549
15.0551
15.0554
15.0556
15.0549
15.0552
15.0554
15.0542
15.0545
15.0548
15.055
15.0846
15.1304
15.1271
15.1271
15.1245
15.1205
15.1017
15.1006
15.0998
15.0972
15.0589
15.0435
15.0438
15.0442
15.0411
15.0383
15.0198
15.0208
15.0177
15.0149
15.005
15.0064
15.0044
15.0018
15.0017
14.9892
14.9906
14.9921
14.9903
14.9886
14.975
14.9764
14.9778
14.9791
14.9764
14.9595
14.9607
14.962
14.9593
14.9448
14.9419
14.9398
14.9409
14.9389
14.9369
14.9276
14.9286
14.9264
14.9243
14.9194
14.9202
14.9211
14.9188
14.9167
14.913
14.9137
14.9109
14.9109
14.9061
14.9058
14.9056
14.9061
14.9035
14.901
14.8997
14.9001
14.9006
14.8981
14.8958
14.8943
14.8945
14.8923
14.8902
14.8911
14.8912
14.8913
14.8893
14.887
14.8868
14.8897
14.8896
14.8883
14.887
14.8864
14.8928
14.8925
14.8914
14.8903
14.8956
14.8953
14.8955
14.8944
14.8934
14.8929
14.8972
14.8964
14.8956
14.8951
14.8945
14.9014
14.9009
14.9004
14.8997
14.8991
14.9071
14.907
14.9065
14.9058
14.9133
14.9124
14.9139
14.9139
14.9138
14.9128
14.9186
14.9187
14.9188
14.9178
14.9257
14.9248
14.9254
14.926
14.9344
14.9333
14.9343
14.9356
14.9349
14.9457
14.9445
14.9453
14.9461
14.9449
14.9559
14.9569
14.9579
14.9566
14.9681
14.968
14.9695
14.9713
14.973
14.9718
14.9811
14.9832
14.9859
14.9852
14.9839
14.9961
14.9949
14.9966
14.9982
15.0075
15.0088
15.0131
15.0149
15.0137
15.0125
15.0259
15.0286
15.0273
15.0261
15.0388
15.0416
15.0419
15.0419
15.0415
15.0518
15.0507
15.053
15.0552
15.0663
15.0652
15.07
15.0723
15.0712
15.0702
15.0829
15.0861
15.085
15.084
15.0957
15.099
15.0997
15.0996
15.1071
15.1063
15.1089
15.1115
15.1106
15.1201
15.1194
15.1222
15.1249
15.1248
15.1337
15.1331
15.1367
15.1403
15.1467
15.1493
15.1487
15.1524
15.156
15.1554
15.1608
15.1644
15.1687
15.1689
15.1739
15.1735
15.1762
15.1789
15.1833
15.183
15.1857
15.1884
15.1881
15.193
15.1928
15.1957
15.1957
15.2021
15.2033
15.2032
15.2067
15.2101
15.2099
15.212
15.2154
15.2186
15.2185
15.2217
15.2243
15.2268
15.2268
15.2269
15.2312
15.2337
15.2338
15.234
15.2346
15.2377
15.2406
15.2408
15.2411
15.2414
15.2407
15.2436
15.2464
15.2467
15.2471
15.2484
15.2514
15.2522
15.2527
15.2531
15.2529
15.2549
15.2555
15.256
15.254
15.2551
15.2562
15.2568
15.2575
15.2583
15.257
15.2591
15.2599
15.2606
15.2591
15.2611
15.2619
15.2627
15.2642
15.2584
15.2601
15.2612
15.2622
15.258
15.2561
15.2575
15.2589
15.2599
15.2609
15.2562
15.2575
15.2588
15.2598
15.2609
15.2546
15.2556
15.2568
15.2579
15.2524
15.2496
15.2506
15.2517
15.2528
15.254
15.2473
15.248
15.2493
15.2505
15.2444
15.2449
15.2455
15.2456
15.2469
15.2384
15.2385
15.2387
15.2401
15.2336
15.2315
15.2291
15.2302
15.2316
15.233
15.2249
15.2249
15.2264
15.2277
15.221
15.2209
15.2208
15.2222
15.2236
15.2121
15.2115
15.2129
15.2144
15.214
15.2024
15.203
15.203
15.204
15.2055
15.196
15.1954
15.1948
15.1962
15.1869
15.1861
15.1833
15.1848
15.1862
15.1848
15.175
15.1764
15.1779
15.1792
15.1694
15.1673
15.1682
15.1697
15.171
15.1596
15.1586
15.16
15.1613
15.1601
15.1489
15.1502
15.1515
15.1516
15.1528
15.141
15.1391
15.1404
15.1417
15.1396
15.1273
15.128
15.1293
15.1306
15.1216
15.1183
15.1177
15.1189
15.12
15.1184
15.1097
15.1109
15.112
15.1103
15.1022
15.1033
15.1044
15.102
15.0997
15.0927
15.0937
15.0938
15.0947
15.0848
15.0824
15.082
15.0829
15.0805
15.0775
15.0721
15.0731
15.074
15.0722
15.065
15.0659
15.0667
15.0675
15.0656
15.0576
15.0584
15.0591
15.0572
15.0499
15.0506
15.0502
15.0477
15.0453
15.046
15.0426
15.0407
15.0384
15.0378
15.0349
15.035
15.0355
15.036
15.0342
15.0294
15.0299
15.0304
15.028
15.024
15.0238
15.0236
15.024
15.0217
15.0191
15.0173
15.0176
15.0179
15.0162
15.0146
15.014
15.0142
15.0126
15.0111
15.0112
15.0113
15.0113
15.0097
15.0097
15.0082
15.009
15.009
15.0071
15.0054
15.0069
15.0068
15.0052
15.0033
15.003
15.005
15.0049
15.0037
15.0026
15.0025
15.005
15.0054
15.0042
15.0031
15.0029
15.0055
15.0043
15.0031
15.0029
15.0026
15.0064
15.0054
15.0043
15.0038
15.0082
15.0088
15.0081
15.0081
15.0074
15.007
15.0107
15.0101
15.0095
15.009
15.0132
15.0128
15.0123
15.0118
15.0113
15.017
15.0167
15.0165
15.016
15.0209
15.0229
15.0227
15.0226
15.022
15.0214
15.0269
15.0269
15.0262
15.0256
15.031
15.0313
15.0312
15.0308
15.0367
15.036
15.0365
15.0371
15.0366
15.0436
15.0429
15.0422
15.0426
15.0509
15.0501
15.051
15.0518
15.0526
15.0518
15.0573
15.0566
15.0576
15.0588
15.0648
15.0641
15.0633
15.0641
15.0648
15.0721
15.0714
15.0707
15.072
15.0797
15.0805
15.082
15.0813
15.0806
15.0821
15.0895
15.0888
15.0881
15.0896
15.0915
15.0974
15.0966
15.0959
15.0953
15.104
15.1051
15.1045
15.1038
15.1056
15.1145
15.1138
15.1132
15.1126
15.1214
15.1236
15.1234
15.1228
15.1222
15.1288
15.1314
15.1326
15.132
15.1314
15.1329
15.1391
15.1386
15.1381
15.1395
15.141
15.1463
15.1458
15.1478
15.1498
15.1492
15.1542
15.1547
15.1568
15.1592
15.1592
15.1627
15.1623
15.1638
15.1653
15.1685
15.1682
15.1697
15.1712
15.1709
15.1745
15.1743
15.1759
15.1775
15.1775
15.1807
15.1804
15.1825
15.1844
15.1866
15.1869
15.1893
15.1916
15.1918
15.1916
15.1932
15.1931
15.1946
15.1961
15.1974
15.1974
15.1974
15.1993
15.2021
15.202
15.202
15.2038
15.2059
15.2068
15.2068
15.2069
15.2082
15.2096
15.2095
15.2095
15.2096
15.2109
15.2122
15.2118
15.2119
15.2121
15.2136
15.2144
15.2145
15.2148
15.2161
15.2175
15.2162
15.2164
15.2167
15.218
15.2177
15.2177
15.2174
15.2178
15.2187
15.2197
15.2178
15.2182
15.2186
15.2196
15.2182
15.2186
15.2186
15.219
15.2168
15.2176
15.2185
15.219
15.2194
15.2162
15.217
15.2175
15.218
15.2185
15.2147
15.2152
15.2158
15.2164
15.2121
15.2116
15.2121
15.2127
15.2132
15.2136
15.2099
15.2105
15.2111
15.2114
15.2075
15.2079
15.2085
15.2091
15.2098
15.2043
15.2044
15.2046
15.2053
15.2059
15.2008
15.2007
15.2007
15.2014
15.1961
15.1959
15.1943
15.1948
15.1956
15.1962
15.1913
15.1912
15.1919
15.1926
15.1885
15.1882
15.188
15.1887
15.1894
15.1827
15.1821
15.1828
15.1836
15.1836
15.1781
15.1774
15.1767
15.1775
15.1732
15.1699
15.1688
15.1692
15.17
15.1707
15.1652
15.1647
15.1654
15.1661
15.1607
15.16
15.1608
15.1614
15.1573
15.1566
15.1559
15.1566
15.1566
15.1514
15.1502
15.1491
15.1498
15.1505
15.1436
15.1425
15.1432
15.1438
15.1401
15.1366
15.135
15.1353
15.136
15.1366
15.1315
15.1306
15.1312
15.1317
15.1269
15.1259
15.1265
15.1271
15.1239
15.1228
15.1218
15.1223
15.1228
15.1185
15.1171
15.1157
15.1162
15.1167
15.1131
15.1117
15.1103
15.1107
15.1082
15.1053
15.1035
15.1037
15.1041
15.1045
15.1009
15.0998
15.1002
15.1006
15.0972
15.0962
15.0965
15.0969
15.095
15.0936
15.0922
15.0925
15.0928
15.0894
15.0881
15.0877
15.0877
15.0865
15.0863
15.086
15.085
15.0839
15.0842
15.0833
15.0823
15.0812
15.0814
15.0809
15.081
15.0797
15.0784
15.0786
15.0782
15.077
15.0756
15.0755
15.0754
15.0755
15.0746
15.0737
15.0737
15.074
15.074
15.0731
15.0722
15.0728
15.0728
15.072
15.0717
15.071
15.071
15.0718
15.0709
15.0701
15.07
15.0711
15.071
15.0702
15.0692
15.0709
15.0707
15.0706
15.0704
15.0698
15.0709
15.0716
15.0714
15.0708
15.0702
15.07
15.0717
15.0713
15.0707
15.0704
15.0701
15.0727
15.0724
15.072
15.0717
15.0742
15.0745
15.0749
15.0746
15.0742
15.0739
15.0763
15.076
15.0758
15.0756
15.0781
15.0778
15.0777
15.0776
15.0773
15.0807
15.0804
15.0802
15.0801
15.0829
15.0833
15.0842
15.0842
15.0838
15.0834
15.0864
15.0866
15.0869
15.0866
15.0896
15.0892
15.0893
15.0893
15.0895
15.0934
15.0929
15.0932
15.0933
15.0965
15.097
15.0983
15.0987
15.0983
15.0978
15.101
15.1015
15.1022
15.102
15.106
15.1056
15.0874
15.0874
15.0874
15.0918
15.0918
15.0919
15.0918
15.0918
15.0918
15.0936
15.0936
15.0936
15.0936
15.0967
15.0967
15.0967
15.0967
15.0967
15.1015
15.1014
15.1014
15.1014
15.1014
15.1076
15.1076
15.1076
15.1076
15.1076
15.1117
15.1117
15.1116
15.1116
15.1166
15.1166
15.1166
15.1166
15.1165
15.1204
15.1214
15.1223
15.1223
15.1223
15.1223
15.1261
15.1261
15.1261
15.1261
15.1261
15.1307
15.1307
15.1307
15.1307
15.1344
15.1362
15.1362
15.1362
15.1362
15.1362
15.1397
15.1397
15.1397
15.1397
15.1431
15.1431
15.1431
15.1431
15.1463
15.1463
15.1463
15.1464
15.1464
15.1502
15.1502
15.1502
15.1503
15.1503
15.1539
15.1539
15.154
15.154
15.1567
15.1574
15.1581
15.1581
15.1581
15.1581
15.1606
15.1607
15.1607
15.1607
15.163
15.1631
15.1631
15.1631
15.1631
15.1658
15.1658
15.1659
15.1659
15.1659
15.1683
15.1684
15.1684
15.1684
15.1706
15.1706
15.171
15.1711
15.1711
15.1711
15.1726
15.1726
15.1727
15.1727
15.174
15.174
15.1741
15.1741
15.1753
15.1753
15.1753
15.1754
15.1754
15.1766
15.1766
15.1767
15.1767
15.1767
15.1777
15.1777
15.1778
15.1778
15.1778
15.1785
15.1786
15.1786
15.1786
15.1787
15.1791
15.1792
15.1792
15.1792
15.1795
15.1795
15.1796
15.1796
15.1796
15.1797
15.1797
15.1797
15.1797
15.1798
15.1796
15.1797
15.1797
15.1797
15.1795
15.1795
15.1795
15.1796
15.1796
15.1791
15.1791
15.1791
15.1792
15.1792
15.1785
15.1785
15.1786
15.1786
15.1777
15.1777
15.1776
15.1776
15.1777
15.1777
15.1768
15.1769
15.1769
15.1769
15.176
15.176
15.1761
15.1761
15.1751
15.1751
15.1751
15.1752
15.1752
15.1738
15.1738
15.1739
15.1739
15.1727
15.1721
15.1721
15.1721
15.1722
15.1722
15.1709
15.1709
15.171
15.171
15.1696
15.1697
15.1697
15.1697
15.1698
15.168
15.168
15.168
15.1681
15.1681
15.1662
15.1663
15.1663
15.1663
15.1644
15.1644
15.164
15.1641
15.1641
15.1642
15.1626
15.1626
15.1626
15.1627
15.1627
15.1607
15.1607
15.1608
15.1608
15.1592
15.1584
15.1584
15.1585
15.1585
15.1585
15.1569
15.1569
15.157
15.157
15.1554
15.1554
15.1554
15.1555
15.1555
15.1535
15.1535
15.1535
15.1536
15.1515
15.1516
15.1512
15.1512
15.1513
15.1513
15.1497
15.1497
15.1498
15.1498
15.1483
15.1483
15.1483
15.1484
15.1484
15.1465
15.1465
15.1465
15.1466
15.1447
15.1447
15.1444
15.1444
15.1444
15.1445
15.143
15.1431
15.1431
15.1431
15.1417
15.1418
15.1418
15.1418
15.1419
15.1402
15.1402
15.1402
15.1403
15.1403
15.1387
15.1387
15.1387
15.1388
15.1375
15.1369
15.137
15.137
15.137
15.1371
15.1359
15.1359
15.136
15.136
15.1349
15.1349
15.135
15.135
15.134
15.134
15.134
15.134
15.1341
15.1328
15.1329
15.1329
15.1329
15.132
15.1318
15.1316
15.1316
15.1317
15.1317
15.1309
15.1309
15.1309
15.131
15.131
15.1301
15.1301
15.1301
15.1301
15.1301
15.1293
15.1293
15.1294
15.1294
15.1294
15.1287
15.1287
15.1287
15.1287
15.1281
15.1281
15.128
15.128
15.128
15.128
15.1276
15.1276
15.1277
15.1277
15.1277
15.1272
15.1273
15.1273
15.1273
15.127
15.1269
15.1269
15.1269
15.1269
15.127
15.1267
15.1268
15.1268
15.1268
15.1268
15.1266
15.1266
15.1267
15.1267
15.1266
15.1266
15.1266
15.1266
15.1266
15.1266
15.1266
15.1266
15.1266
15.1267
15.1267
15.1267
15.1267
15.1267
15.1268
15.1268
15.1269
15.1269
15.1269
15.1269
15.1271
15.1271
15.1272
15.1272
15.1272
15.1272
15.1274
15.1274
15.1274
15.1275
15.1275
15.1278
15.1278
15.1278
15.1278
15.1278
15.1282
15.1282
15.1282
15.1282
15.1286
15.1287
15.1288
15.1288
15.1288
15.1288
15.1292
15.1292
15.1292
15.1292
15.1296
15.1296
15.1296
15.1296
15.13
15.1301
15.1301
15.1301
15.1301
15.1306
15.1307
15.1307
15.1307
15.1307
15.1313
15.1313
15.1313
15.1313
15.1319
15.132
15.132
15.1321
15.1321
15.1321
15.1326
15.1326
15.1326
15.1326
15.1331
15.1331
15.1331
15.1332
15.1332
15.1338
15.1338
15.1338
15.1338
15.1344
15.1346
15.1346
15.1347
15.1347
15.1347
15.1352
15.1352
15.1352
15.1352
15.1353
15.1359
15.1359
15.1359
15.1359
15.1366
15.1366
15.1367
15.1367
15.1368
15.1368
15.1373
15.1373
15.1373
15.1373
15.1378
15.1378
15.1379
15.1379
15.1379
15.1385
15.1385
15.1385
15.1385
15.1386
15.1391
15.1392
15.1392
15.1392
15.1398
15.1398
15.1399
15.1399
15.1399
15.14
15.1404
15.1404
15.1404
15.1404
15.1405
15.141
15.141
15.141
15.141
15.1414
15.1416
15.1417
15.1417
15.1417
15.1417
15.1421
15.1421
15.1421
15.1421
15.1425
15.1425
15.1425
15.1426
15.1429
15.1429
15.1429
15.1429
15.143
15.1434
15.1434
15.1434
15.1434
15.1434
15.1438
15.1438
15.1438
15.1438
15.1439
15.1442
15.1443
15.1443
15.1443
15.1443
15.1446
15.1446
15.1446
15.1446
15.1448
15.1448
15.1449
15.1449
15.1449
15.1451
15.1451
15.1452
15.1452
15.1452
15.1454
15.1454
15.1454
15.1454
15.1455
15.1456
15.1456
15.1457
15.1457
15.1458
15.1458
15.1459
15.1459
15.1459
15.1459
15.146
15.146
15.146
15.146
15.1461
15.1461
15.1461
15.1462
15.1462
15.1462
15.1462
15.1462
15.1463
15.1463
15.1463
15.1463
15.1463
15.1463
15.1463
15.1464
15.1463
15.1463
15.1464
15.1464
15.1464
15.1463
15.1464
15.1464
15.1464
15.1463
15.1463
15.1463
15.1463
15.1463
15.1464
15.1463
15.1463
15.1463
15.1463
15.1462
15.1462
15.1463
15.1463
15.1461
15.1461
15.1461
15.1462
15.1462
15.146
15.146
15.146
15.146
15.146
15.146
15.1459
15.1459
15.1459
15.1459
15.146
15.1457
15.1457
15.1458
15.1458
15.1455
15.1455
15.1456
15.1456
15.1456
15.1454
15.1454
15.1453
15.1453
15.1454
15.1454
15.1452
15.1452
15.1452
15.1452
15.1452
15.1449
15.145
15.145
15.145
15.1447
15.1447
15.1447
15.1448
15.1448
15.1445
15.1445
15.1444
15.1444
15.1445
15.1445
15.1442
15.1443
15.1443
15.1443
15.1443
15.144
15.144
15.144
15.144
15.1438
15.1437
15.1437
15.1437
15.1437
15.1437
15.1435
15.1435
15.1435
15.1435
15.1433
15.1433
15.1433
15.1433
15.1433
15.143
15.143
15.143
15.1431
15.1427
15.1427
15.1427
15.1427
15.1427
15.1427
15.1425
15.1425
15.1425
15.1425
15.1426
15.1422
15.1423
15.1423
15.1423
15.142
15.142
15.1419
15.142
15.142
15.142
15.1417
15.1418
15.1418
15.1418
15.1416
15.1416
15.1416
15.1416
15.1414
15.1414
15.1414
15.1414
15.1414
15.1411
15.1412
15.1412
15.1412
15.1412
15.1409
15.141
15.141
15.141
15.1407
15.1407
15.1407
15.1407
15.1407
15.1407
15.1405
15.1405
15.1406
15.1406
15.1404
15.1404
15.1404
15.1404
15.1405
15.1402
15.1402
15.1402
15.1403
15.14
15.14
15.14
15.14
15.1401
15.1401
15.1399
15.1399
15.1399
15.1399
15.14
15.1398
15.1398
15.1398
15.1398
15.1397
15.1396
15.1396
15.1396
15.1396
15.1397
15.1395
15.1395
15.1396
15.1396
15.1394
15.1395
15.1395
15.1395
15.1395
15.1394
15.1394
15.1394
15.1394
15.1394
15.1393
15.1393
15.1393
15.1393
15.1392
15.1392
15.1392
15.1392
15.1392
15.1392
15.1392
15.1392
15.1392
15.1392
15.1391
15.1391
15.1392
15.1392
15.1392
15.1391
15.1391
15.1391
15.1391
15.1391
15.1391
15.1391
15.1391
15.1391
15.1391
15.1391
15.1391
15.1391
15.1391
15.1391
15.1391
15.1391
15.1391
15.1391
15.1391
15.1391
15.1391
15.1391
15.1391
15.1391
15.1391
15.1391
15.1391
15.1392
15.1391
15.1392
15.1392
15.1392
15.1392
15.1392
15.1392
15.1392
15.1392
15.1392
15.1392
15.1392
15.1393
15.1393
15.1393
15.1393
15.1393
15.1393
15.1393
15.1393
15.1393
15.1394
15.1394
15.1394
15.1394
15.1394
15.1394
15.1394
15.1395
15.1395
15.1395
15.1395
15.1395
15.1395
15.1395
15.1396
15.1396
15.1396
15.1396
15.1396
15.1396
15.1397
15.1397
15.1397
15.1397
15.1397
15.1397
15.1398
15.1398
15.1398
15.1398
15.1398
15.1399
15.1399
15.1399
15.1399
15.1399
15.1399
15.14
15.14
15.14
15.14
15.14
15.1401
15.1401
15.1401
15.1401
15.1401
15.1402
15.1402
15.1402
15.1402
15.1402
15.1403
15.1403
15.1403
15.1403
15.1403
15.1404
15.1404
15.1404
15.1404
15.1404
15.1404
15.1405
15.1405
15.1405
15.1405
15.1405
15.1406
15.1406
15.1406
15.1406
15.1406
15.1406
15.1407
15.1407
15.1407
15.1407
15.1407
15.1408
15.1408
15.1408
15.1408
15.1408
15.1409
15.1409
15.1409
15.1409
15.1409
15.1409
15.141
15.141
15.141
15.141
15.141
15.141
15.1411
15.1411
15.1411
15.1411
15.1411
15.1411
15.1411
15.1412
15.1412
15.1412
15.1412
15.1412
15.1412
15.1413
15.1413
15.1413
15.1413
15.1413
15.1413
15.1413
15.1413
15.1414
15.1414
15.1414
15.1414
15.1414
15.1414
15.1414
15.1414
15.1415
15.1415
15.1415
15.1415
15.1415
15.1415
15.1415
15.1415
15.1415
15.1415
15.1416
15.1416
15.1416
15.1416
15.1416
15.1416
15.1416
15.1416
15.1416
15.1416
15.1416
15.1417
15.1416
15.1417
15.1417
15.1417
15.1417
15.1417
15.1417
15.1417
15.1417
15.1417
15.1417
15.1417
15.1417
15.1418
15.1418
15.1417
15.1417
15.1418
15.1418
15.1417
15.1417
15.1417
15.1418
15.1418
15.1418
15.1418
15.1418
15.1418
15.1418
15.1418
15.1418
15.1418
15.1418
15.1418
15.1418
15.1418
15.1418
15.1418
15.1418
15.1418
15.1418
15.1418
15.1418
15.1418
15.1418
15.1418
15.1418
15.1418
15.1418
15.1418
15.1418
15.1418
15.1418
15.1418
15.1418
15.1418
15.1418
15.1418
15.1418
15.1418
15.1418
15.1418
15.1418
15.1417
15.1417
15.1417
15.1417
15.1418
15.1418
15.1417
15.1417
15.1417
15.1418
15.1417
15.1417
15.1417
15.1417
15.1418
15.1417
15.1417
15.1417
15.1417
15.1417
15.1417
15.1417
15.1417
15.1417
15.1417
15.1416
15.1416
15.1416
15.1416
15.1417
15.1416
15.1416
15.1416
15.1416
15.1416
15.1416
15.1416
15.1416
15.1415
15.1416
15.1416
15.1416
15.1416
15.1415
15.1415
15.1415
15.1416
15.1415
15.1415
15.1415
15.1415
15.1415
15.1415
15.1415
15.1415
15.1415
15.1415
15.1415
15.1414
15.1414
15.1414
15.1415
15.1414
15.1414
15.1414
15.1414
15.1414
15.1414
15.1413
15.1414
15.1414
15.1414
15.1413
15.1413
15.1413
15.1414
15.1413
15.1413
15.1413
15.1413
15.1413
15.1413
15.1413
15.1413
15.1413
15.1412
15.1412
15.1412
15.1412
15.1412
15.1413
15.1412
15.1412
15.1412
15.1412
15.1412
15.1412
15.1412
15.1412
15.1412
15.1411
15.1412
15.1412
15.1412
15.1411
15.1411
15.1411
15.1411
15.1411
15.1411
15.1411
15.1411
15.1411
15.1411
15.1411
15.1411
15.1411
15.1411
15.1411
15.141
15.141
15.1411
15.1411
15.141
15.141
15.141
15.141
15.141
15.141
15.141
15.141
15.141
15.141
15.141
15.141
15.141
15.141
15.141
15.1409
15.141
15.141
15.141
15.141
15.1409
15.1409
15.141
15.141
15.141
15.1409
15.1409
15.1409
15.1409
15.1409
15.1409
15.1409
15.1409
15.1409
15.1409
15.1409
15.1409
15.1409
15.1409
15.1409
15.1409
15.1409
15.1409
15.1409
15.1409
15.1409
15.1409
15.1409
15.1409
15.1408
15.1409
15.1409
15.1409
15.1408
15.1408
15.1408
15.1409
15.1409
15.1409
15.1408
15.1408
15.1409
15.1409
15.1408
15.1408
15.1409
15.1409
15.1409
15.1408
15.1408
15.1409
15.1409
15.1408
15.1408
15.1408
15.1408
15.1409
15.1409
15.1408
15.1408
15.1409
15.1409
15.1409
15.1408
15.1408
15.1409
15.1409
15.1408
15.1408
15.1408
15.1408
15.1409
15.1409
15.1408
15.1408
15.1409
15.1409
15.1408
15.1408
15.1409
15.1409
15.1408
15.1409
15.1409
15.1409
15.1409
15.1408
15.1409
15.1409
15.1409
15.1409
15.1409
15.1409
15.1409
15.1409
15.1409
15.1409
15.1409
15.1409
15.1409
15.1409
15.1409
15.1409
15.1409
15.1409
15.1409
15.1409
15.1409
15.1409
15.1409
15.1409
15.1409
15.1409
15.1409
15.1409
15.1409
15.1409
15.1409
15.1409
15.1409
15.1409
15.1409
15.1409
15.1409
15.141
15.1409
15.1409
15.1409
15.141
15.1409
15.1409
15.1409
15.1409
15.141
15.141
15.1409
15.141
15.141
15.141
15.1409
15.141
15.141
15.141
15.141
15.141
15.141
15.141
15.141
15.141
15.141
15.141
15.141
15.141
15.141
15.141
15.141
15.141
15.141
15.141
15.141
15.141
15.141
15.141
15.141
15.141
15.141
15.141
15.141
15.141
15.141
15.141
15.141
15.1411
15.141
15.141
15.1411
15.1411
15.1411
15.141
15.1411
15.1411
15.1411
15.141
15.141
15.1411
15.1411
15.1411
15.141
15.1411
15.1411
15.1411
15.1411
15.1411
15.1411
15.1411
15.1411
15.1411
15.1411
15.1411
15.1411
15.1411
15.1411
15.1411
15.1411
15.1411
15.1411
15.1411
15.1411
15.1411
15.1411
15.1411
15.1411
15.1411
15.1411
15.1411
15.1411
15.1411
15.1411
15.1411
15.1411
15.1411
15.1411
15.1411
15.1411
15.1411
15.1411
15.1412
15.1411
15.1411
15.1411
15.1412
15.1411
15.1411
15.1411
15.1411
15.1411
15.1412
15.1411
15.1411
15.1411
15.1412
15.1412
15.1411
15.1411
15.1412
15.1412
15.1411
15.1411
15.1411
15.1411
15.1412
15.1412
15.1411
15.1411
15.1412
15.1412
15.1412
15.1411
15.1412
15.1412
15.1412
15.1411
15.1411
15.1411
15.1412
15.1412
15.1412
15.1411
15.1412
15.1412
15.1412
15.1412
15.1411
15.1412
15.1412
15.1412
15.1412
15.1412
15.1412
15.1412
15.1412
15.1411
15.1412
15.1412
15.1412
15.1412
15.1412
15.1412
15.1412
15.1412
15.1412
15.1412
15.1412
15.1412
15.1412
15.1412
15.1412
15.1412
15.1412
15.1412
15.1412
15.1412
15.1412
15.1412
15.1412
15.1412
15.1411
15.1412
15.1412
15.1412
15.1411
15.1412
15.1412
15.1412
15.1411
15.1412
15.1412
15.1412
15.1412
15.1411
15.1412
15.1412
15.1412
15.1411
15.1411
15.1411
15.1412
15.1412
15.1412
15.1411
15.1412
15.1412
15.1412
15.1412
15.1411
15.1412
15.1412
15.1412
15.1412
15.1411
15.1412
15.1412
15.1412
15.1411
15.1411
15.1411
15.1411
15.1412
15.1412
15.1411
15.1411
15.1412
15.1412
15.1411
15.1411
15.1412
15.1412
15.1412
15.1411
15.1411
15.1412
15.1412
15.1412
15.1411
15.1411
15.1411
15.1412
15.1412
15.1411
15.1411
15.1411
15.1412
15.1411
15.1411
15.1411
15.1412
15.1411
15.1411
15.1411
15.1411
15.1412
15.1411
15.1411
15.1411
15.1411
15.1411
15.1412
15.1411
15.1411
15.1411
15.1411
15.1411
15.1411
15.1411
15.1411
15.1411
15.1411
15.1411
15.1411
15.1412
15.1411
15.1411
15.1411
15.1411
15.1411
15.1411
15.1411
15.1411
15.1411
15.1411
15.1411
15.1411
15.1411
15.1411
15.1411
15.1411
15.1411
15.1411
15.1411
15.1411
15.1411
15.1411
15.1411
15.1411
15.1411
15.1411
15.1411
15.1411
15.1411
15.1411
15.1411
15.1411
15.1411
15.1411
15.1411
15.1411
15.1411
15.1411
15.1411
15.1411
15.1411
15.1411
15.1411
15.1411
15.1411
15.1411
15.1411
15.1411
15.1411
15.1411
15.1411
15.1411
15.1411
15.1411
15.1411
15.1411
15.1411
15.1411
15.1411
15.1411
15.1411
15.1411
15.1411
15.1411
15.1411
15.1411
15.1411
15.1411
15.1411
15.1411
15.1411
15.1411
15.1411
15.1411
15.1411
15.1411
15.1411
15.1411
15.1411
15.1411
15.1411
15.1411
15.1411
15.1411
15.1411
15.1411
15.1411
15.1411
15.1411
15.1411
15.1411
15.1411
15.1411
15.1411
15.1411
15.1411
15.1411
15.1411
15.1411
15.1411
15.1411
15.1411
15.1411
15.1411
15.1411
15.1411
15.1411
15.1411
15.1411
15.1411
15.1411
15.1411
15.1411
15.1411
15.1411
15.1411
15.1411
15.1411
