0.323339
0.323339
0.323339
0.323339
0.32334
0.32334
0.32334
0.323341
0.323342
0.320851
0.320851
0.320851
0.320851
0.301794
0.295901
0.295901
0.295901
0.295909
0.295909
0.267211
0.267211
0.267211
0.267224
0.233933
0.233933
0.233933
0.233947
0.192552
0.192552
0.192552
0.192564
0.192567
0.15687
0.15687
0.15065
0.15065
0.15065
0.150663
0.129145
0.129145
0.129145
0.129161
0.129161
0.108648
0.108648
0.108648
0.108663
0.095953
0.0931231
0.0904218
0.0904218
0.0904333
0.0904333
0.0806319
0.0806319
0.0806319
0.0806432
0.0720326
0.0720326
0.0720326
0.0720459
0.0640326
0.0640326
0.0640326
0.0640326
0.0640426
0.0542424
0.0542424
0.0542424
0.0542424
0.0462569
0.0442193
0.0421688
0.0421688
0.0421688
0.0421797
0.0339344
0.0339344
0.0339344
0.0339344
0.0339445
0.0237345
0.0237345
0.0237345
0.0237345
0.0136857
0.0136857
0.0116791
0.0116791
0.0116791
0.0116877
0.00378131
0.00378131
0.00378131
0.00378131
-0.00377106
-0.00377106
-0.00377106
-0.00377106
-0.0127089
-0.0127018
-0.0127018
-0.0127018
-0.0127018
-0.0208677
-0.0224281
-0.0224269
-0.0224269
-0.0224269
-0.0269305
-0.0269271
-0.0269271
-0.0269271
-0.0269271
-0.0336549
-0.0336549
-0.0336549
-0.0336549
-0.038286
-0.0404595
-0.0404587
-0.0404587
-0.0404587
-0.0434361
-0.0434361
-0.0434608
-0.0434608
-0.0434608
-0.0477998
-0.0478382
-0.0478382
-0.0478382
-0.0513747
-0.0514083
-0.0520908
-0.0520997
-0.0520997
-0.0520997
-0.0546852
-0.0547226
-0.0547226
-0.0547226
-0.0547226
-0.057613
-0.057613
-0.057613
-0.057613
-0.057613
-0.0601957
-0.0601957
-0.0601957
-0.0601957
-0.0601957
-0.0626401
-0.0626401
-0.0626401
-0.0626401
-0.0646889
-0.0651094
-0.0651094
-0.0651094
-0.0651094
-0.0651772
-0.066362
-0.066362
-0.066362
-0.066362
-0.0670551
-0.0670551
-0.0670551
-0.0670551
-0.0671178
-0.0672745
-0.0672745
-0.0672745
-0.0672745
-0.0672107
-0.0673923
-0.0673923
-0.0673923
-0.0673923
-0.0674825
-0.0678476
-0.0678476
-0.0678476
-0.0678476
-0.0682244
-0.0682244
-0.0682244
-0.0682244
-0.0682244
-0.0684367
-0.0684367
-0.0684367
-0.0684367
-0.0685467
-0.0682522
-0.0682522
-0.0682522
-0.0682522
-0.0683699
-0.0676609
-0.0676609
-0.0676609
-0.0676609
-0.066706
-0.0665294
-0.0662255
-0.0662255
-0.0662255
-0.0663321
-0.0648777
-0.0648777
-0.0648777
-0.0649899
-0.0630144
-0.0630144
-0.0630144
-0.0630144
-0.0631627
-0.0600209
-0.0600209
-0.0600209
-0.0601784
-0.056573
-0.0558365
-0.0558365
-0.0559693
-0.0560035
-0.0560381
-0.0530642
-0.0530642
-0.0530642
-0.0530642
-0.0532066
-0.0493628
-0.0493628
-0.0493628
-0.0495118
-0.046438
-0.045696
-0.044956
-0.044956
-0.0451522
-0.0451522
-0.0422167
-0.0422167
-0.0424244
-0.0424244
-0.0394398
-0.0394398
-0.0396148
-0.0396598
-0.0366883
-0.0366883
-0.0366883
-0.0366883
-0.0368755
-0.0331499
-0.0331499
-0.0331499
-0.0331499
-0.0304206
-0.0290198
-0.0290198
-0.0290198
-0.0290198
-0.0292773
-0.0265481
-0.0265481
-0.0265481
-0.0268204
-0.0268768
-0.0233786
-0.0233786
-0.0233786
-0.0236103
-0.0199584
-0.019234
-0.019234
-0.019234
-0.0194763
-0.0194763
-0.0165988
-0.0165988
-0.0169171
-0.0169171
-0.0139813
-0.0139813
-0.0139813
-0.0143176
-0.0143176
-0.0106919
-0.0106919
-0.0106919
-0.0106919
-0.0110472
-0.00761902
-0.00761902
-0.00761902
-0.00799463
-0.00807232
-0.00495652
-0.00495652
-0.00495652
-0.00527615
-0.00527615
-0.00236747
-0.00236747
-0.00236747
-0.00270195
-0.000453344
0.000632663
0.000632663
0.000282585
0.000282585
0.000282585
0.00243899
0.00197825
0.00197825
0.00197825
0.00418329
0.00379515
0.00369531
0.00359431
0.00359431
0.00631928
0.00631928
0.00631928
0.00590348
0.00590348
0.00847958
0.00847958
0.00804407
0.00804407
0.0104353
0.0108939
0.0104376
0.0104376
0.0104376
0.0104376
0.0122487
0.0116474
0.0116474
0.0116474
0.0135033
0.0128656
0.0128656
0.0128656
0.0128656
0.0146186
0.0144801
0.01434
0.01434
0.0164594
0.0164594
0.0168343
0.0162565
0.0162565
0.0162565
0.017417
0.0166535
0.0166535
0.0166535
0.0166535
0.0175497
0.0167359
0.0165667
0.0165667
0.0171274
0.0172107
0.016511
0.016511
0.016511
0.016511
0.0161121
0.0161121
0.0161121
0.0161121
0.0166468
0.0158685
0.0158685
0.0158685
0.0158685
0.0168566
0.0158244
0.0158244
0.0158244
0.0170526
0.0166874
0.0166874
0.0166874
0.0166874
0.0166874
0.0172332
0.0169901
0.0169901
0.0169901
0.0189649
0.0179625
0.0179625
0.0179625
0.0200012
0.0200012
0.0189494
0.0189494
0.0189494
0.0213092
0.019921
0.019921
0.019921
0.0217557
0.0217557
0.0205624
0.0205624
0.0205624
0.0205624
0.0216438
0.0200708
0.019744
0.019744
0.0209512
0.0209512
0.0196023
0.0196023
0.0196023
0.0213455
0.0213455
0.0199278
0.0199278
0.0217527
0.0217527
0.0202634
0.0202634
0.0202634
0.0215743
0.019908
0.0202058
0.0202058
0.0202058
0.0202058
0.0192139
0.0187792
0.0187792
0.0187792
0.0197531
0.0197531
0.0179591
0.0179591
0.0179591
0.0189488
0.0189488
0.0165759
0.0165759
0.0165759
0.0175534
0.0150273
0.0145029
0.0145029
0.0145029
0.0150628
0.0128992
0.0128992
0.0128992
0.0134593
0.0111871
0.0111871
0.0111871
0.0111871
0.012016
0.00901929
0.00901929
0.00901929
0.00979454
0.00998589
0.00700575
0.00634948
0.00634948
0.00715921
0.00715921
0.00446172
0.00446172
0.00446172
0.00546132
0.00546132
0.00264892
0.00264892
0.00385514
0.00385514
0.000931003
0.000931003
0.000931003
0.00260802
-0.00119802
-0.00119802
-0.00119802
0.000532953
-0.00262699
-0.00343229
-0.00424353
-0.00424353
-0.00289861
-0.00257486
-0.00224987
-0.00555146
-0.00555146
-0.00555146
-0.00419928
-0.00419928
-0.0084409
-0.0084409
-0.0084409
-0.00645289
-0.0107929
-0.0116694
-0.0116694
-0.00984968
-0.00891195
-0.0124357
-0.0124357
-0.0124357
-0.0124357
-0.014006
-0.014006
-0.014006
-0.014006
-0.014006
-0.0153711
-0.0153711
-0.0153711
-0.0153711
-0.01676
-0.01676
-0.01676
-0.01676
-0.01676
-0.0178689
-0.0186716
-0.0186716
-0.0186716
-0.0155713
-0.0172748
-0.0172748
-0.0172748
-0.0172748
-0.0209122
-0.0182105
-0.0182105
-0.0182105
-0.0182105
-0.0184033
-0.0184033
-0.0184033
-0.0184033
-0.0165345
-0.0170257
-0.0174921
-0.0174921
-0.0174921
-0.0141725
-0.0141252
-0.0141252
-0.0141252
-0.0141252
-0.0141252
-0.0120169
-0.0120169
-0.0120169
-0.0120169
-0.0120169
-0.00884581
-0.00884581
-0.00884581
-0.00884581
-0.00513348
-0.00434167
-0.00434167
-0.00434167
-0.00434167
-0.00362799
-0.0010058
-0.0010058
-0.0010058
-0.0010058
0.00303522
0.00303522
0.00303522
0.00303522
0.00761451
0.00869794
0.00869794
0.00869794
0.00869794
0.0110655
0.0110655
0.0139847
0.0139847
0.0139847
0.0139847
0.0184357
0.0184357
0.0184357
0.0184357
0.023053
0.023053
0.023053
0.023053
0.0275308
0.0289477
0.0289477
0.0289477
0.0289477
0.0347546
0.0361524
0.0361524
0.0361524
0.0361524
0.0402182
0.0407988
0.0407988
0.0407988
0.0407988
0.0410567
0.0462443
0.0462443
0.0462443
0.0462443
0.051252
0.0522915
0.0522915
0.0522915
0.0517126
0.0556262
0.0553913
0.0553913
0.0553913
0.0594505
0.0582143
0.0582143
0.0582143
0.0582143
0.0621791
0.0600809
0.0600809
0.0600809
0.0648721
0.0627837
0.0615905
0.0615905
0.0615905
0.0661729
0.0670628
0.0644616
0.0644616
0.0644616
0.0644616
0.0651982
0.0651982
0.0651982
0.0651982
0.0685134
0.0648903
0.0648903
0.0648903
0.0688155
0.0649483
0.0649483
0.0641344
0.0671009
0.0678189
0.0685277
0.0651754
0.0651754
0.0651754
0.0679195
0.0679195
0.0635847
0.0635847
0.0635847
0.0661874
0.0616779
0.0616779
0.0607523
0.0607523
0.0638186
0.0638186
0.0601066
0.0601066
0.0601066
0.0629816
0.0593548
0.0593548
0.0593548
0.0620558
0.058465
0.058465
0.058465
0.0605129
0.0610104
0.0569351
0.0569351
0.0569351
0.0569351
0.0588526
0.054084
0.054084
0.054084
0.054084
0.0500422
0.0512864
0.0502345
0.0502345
0.0502345
0.0524346
0.0486609
0.0486609
0.0486609
0.0486609
0.0486609
0.0453062
0.0453062
0.0453062
0.0453062
0.0473688
0.0424923
0.0424923
0.0424923
0.0441091
0.0406074
0.0390199
0.0390199
0.0390199
0.0390199
0.0390199
0.0366387
0.0366387
0.0366387
0.0366387
0.0347329
0.0347329
0.0347329
0.0347329
0.030968
0.0329403
0.0333355
0.0333355
0.0333355
0.0287897
0.0287897
0.030376
0.030376
0.030376
0.0259491
0.0279503
0.0279503
0.0279503
0.0279503
0.0251094
0.0255185
0.0259292
0.0259292
0.0259292
0.0214238
0.0230833
0.0230833
0.0230833
0.0185598
0.0185598
0.0193388
0.0193388
0.0193388
0.0193388
0.0179753
0.0179753
0.0179753
0.0179753
0.0147922
0.0170022
0.0174504
0.0174504
0.0145261
0.0145261
0.016339
0.016339
0.016339
0.0128313
0.0146764
0.0146764
0.0146764
0.0111767
0.0123284
0.0123284
0.0123284
0.0123284
0.0123284
0.00938576
0.0117753
0.0117753
0.0117753
0.0117753
0.0105908
0.0110822
0.0110822
0.0110822
0.00833004
0.00694507
0.00892374
0.00892374
0.00892374
0.00892374
0.00867746
0.00867746
0.00867746
0.00867746
0.00806366
0.0085666
0.00906958
0.00906958
0.00650032
0.00650032
0.00650032
0.00851019
0.00851019
0.00524363
0.00524363
0.00524363
0.00774236
0.00774236
0.00449727
0.00384695
0.00631471
0.00680293
0.00680293
0.00427275
0.00427275
0.00427275
0.00620258
0.00375612
0.00375612
0.00375612
0.00610376
0.00610376
0.00319361
0.00319361
0.0050065
0.00544919
0.0036938
0.00257836
0.00257836
0.00257836
0.00257836
0.00428213
0.00263622
0.00263622
0.00263622
0.00425412
0.0016041
0.0016041
0.0016041
0.00348939
0.00348939
0.00102103
0.00102103
0.00102103
0.00273669
0.00273669
0.000281315
0.000281315
0.000281315
0.00181118
0.000131039
-0.000377251
-0.000880638
-0.000880638
0.00016692
-0.00131126
-0.00131126
-0.00131126
-0.00131126
-0.00039966
-0.00270294
-0.00270294
-0.00270294
-0.00270294
-0.00176277
-0.00386362
-0.00386362
-0.00386362
-0.00315105
-0.00457739
-0.00532181
-0.00532181
-0.00532181
-0.00495596
-0.00495596
-0.00629418
-0.00629418
-0.00629418
-0.00604678
-0.00604678
-0.00744064
-0.00744064
-0.0074088
-0.00742358
-0.00849371
-0.00849371
-0.00869112
-0.00869112
-0.00869112
-0.008875
-0.00960421
-0.00960421
-0.00960421
-0.00992678
-0.00992678
-0.0105791
-0.0105791
-0.011169
-0.011169
-0.0114282
-0.0115474
-0.012161
-0.0123332
-0.0125127
-0.0125127
-0.0126798
-0.0126798
-0.0134689
-0.0134689
-0.0134689
-0.0135841
-0.0144807
-0.0144807
-0.0144807
-0.0144361
-0.0144203
-0.0144203
-0.0156797
-0.0156797
-0.0156797
-0.0155223
-0.016921
-0.016921
-0.016921
-0.01647
-0.01647
-0.017993
-0.0183112
-0.0176397
-0.0176397
-0.0176397
-0.0189533
-0.0189533
-0.017947
-0.017947
-0.01932
-0.01932
-0.0182134
-0.0182134
-0.018002
-0.018002
-0.0197894
-0.0197894
-0.0189386
-0.0189386
-0.0189386
-0.0207914
-0.0194377
-0.0194377
-0.0194377
-0.021342
-0.0217278
-0.0202803
-0.0194448
-0.0194448
-0.0210011
-0.0210011
-0.0210011
-0.0191259
-0.0191259
-0.021093
-0.021093
-0.0189927
-0.0189927
-0.0205759
-0.0209722
-0.0209722
-0.0186872
-0.0186872
-0.0186872
-0.0202716
-0.0182003
-0.0177161
-0.0172398
-0.0172398
-0.0188196
-0.0188196
-0.0169465
-0.0169465
-0.0185185
-0.0185185
-0.0168412
-0.0168412
-0.018792
-0.018792
-0.0175028
-0.0175028
-0.019051
-0.0194363
-0.0198208
-0.0186244
-0.0186244
-0.0186244
-0.0201551
-0.0192903
-0.019083
-0.018865
-0.0203824
-0.0203824
-0.0203824
-0.0193853
-0.0193853
-0.0212606
-0.0212606
-0.0212606
-0.0198902
-0.0198902
-0.0217384
-0.0221045
-0.020665
-0.020665
-0.02037
-0.02037
-0.0218218
-0.0218218
-0.020525
-0.020525
-0.022309
-0.022309
-0.0206384
-0.0206384
-0.0220382
-0.022384
-0.0201336
-0.0201336
-0.0201336
-0.0201336
-0.0201336
-0.0190259
-0.0175815
-0.0175815
-0.0175815
-0.0189095
-0.0155918
-0.0155918
-0.0155918
-0.0155918
-0.0172053
-0.0133831
-0.0133831
-0.0133831
-0.0149418
-0.0152468
-0.0102088
-0.0102088
-0.0102088
-0.0102088
-0.00647119
-0.00549408
-0.00549408
-0.00549408
-0.00694059
-0.00694059
-0.00306652
-0.00306652
-0.00418364
-0.00418364
-0.000936521
-0.000936521
-0.000936521
-0.000936521
-0.000936521
0.00243489
0.00243489
0.00243489
0.00243489
0.00525141
0.00594477
0.00594477
0.00594477
0.00594477
0.00469868
0.00727419
0.00727419
0.00727419
0.00607422
0.00607422
0.00899411
0.00899411
0.00899411
0.00783762
0.0102324
0.0102324
0.0107091
0.0107091
0.0107091
0.00982017
0.0116008
0.0116008
0.0116008
0.010737
0.0124133
0.0124133
0.0124133
0.0124133
0.0130136
0.0130136
0.0130136
0.0130136
0.0120051
0.0138508
0.0138508
0.0138508
0.0138508
0.0146893
0.0150698
0.0154479
0.0154479
0.0146957
0.0146957
0.0161667
0.0161667
0.0161667
0.0152574
0.0152574
0.0170629
0.0170629
0.0170629
0.0161871
0.0177184
0.0177184
0.0180316
0.0180316
0.0173595
0.0173595
0.0185885
0.0185885
0.0185885
0.0179366
0.0192242
0.0192242
0.0192242
0.0192242
0.0184371
0.020027
0.020027
0.020027
0.0192701
0.0191222
0.0206771
0.0209704
0.0209704
0.0203906
0.0203906
0.0215175
0.0215175
0.0215175
0.0209558
0.0219806
0.0219806
0.0219806
0.021303
0.021303
0.0224851
0.0224851
0.0224851
0.0218336
0.0228688
0.0227415
0.0229144
0.0229144
0.0229144
0.0224152
0.0230727
0.0230727
0.0230727
0.022589
0.0233228
0.0233228
0.0233228
0.0227392
0.0227392
0.0237215
0.0237215
0.0237215
0.0231611
0.0239841
0.0241423
0.0241423
0.0241423
0.0237136
0.0237136
0.0242626
0.0242626
0.0238476
0.0238476
0.0243665
0.0243665
0.0243665
0.0243665
0.0238662
0.0243936
0.0243936
0.0243936
0.0239132
0.0241914
0.0241914
0.0242447
0.0242447
0.0238771
0.0238771
0.0240628
0.0240628
0.0240628
0.0237069
0.0239404
0.0239404
0.0239404
0.0235115
0.0235115
0.0237957
0.0237957
0.0234648
0.0233838
0.0233034
0.0234666
0.0234666
0.0234666
0.0234666
0.0230659
0.0230659
0.0230142
0.0230142
0.0227089
0.0227089
0.022456
0.022456
0.022456
0.0220877
0.0219368
0.0219368
0.0219368
0.0215828
0.0215398
0.0215398
0.0215398
0.0215398
0.0211998
0.0211927
0.0211927
0.0211927
0.0211927
0.0208662
0.0208186
0.0207549
0.0207549
0.0207549
0.02018
0.0199968
0.0197836
0.0197836
0.0197836
0.0195406
0.0184443
0.0184443
0.0184443
0.0182081
0.0169695
0.0169695
0.0169695
0.0169695
0.0166833
0.0151971
0.0151971
0.0151971
0.014921
0.0136965
0.0136965
0.0134783
0.0134783
0.0132125
0.0131606
0.0124254
0.0124254
0.0124254
0.0124254
0.0117653
0.0117653
0.0117653
0.0117653
0.0115679
0.0113339
0.0113339
0.0113339
0.0113339
0.0110962
0.01121
0.01121
0.01121
0.0109821
0.0109821
0.0112483
0.0113007
0.0111252
0.0110823
0.0110397
0.0112551
0.0112551
0.0112551
0.0110883
0.0112718
0.0112718
0.0112718
0.0112718
0.0111104
0.0113192
0.0113192
0.0113192
0.0113192
0.0111248
0.0112981
0.0112981
0.0112981
0.0111116
0.0111986
0.0112393
0.0112393
0.0112393
0.0110963
0.0110963
0.0109167
0.0109167
0.0107778
0.0107778
0.010249
0.010249
0.010249
0.0100809
0.0100809
0.00902591
0.00902591
0.00889567
0.00886367
0.00760652
0.00760652
0.00735336
0.00735336
0.00735336
0.00722856
0.00629102
0.00629102
0.00629102
0.0061401
0.0061401
0.00542689
0.00542689
0.00542689
0.00528155
0.0051241
0.0051241
0.00514282
0.00514282
0.0050316
0.0050316
0.00524442
0.00524442
0.00513682
0.00513682
0.00557465
0.00557465
0.00557465
0.00544496
0.00544496
0.00614219
0.00614219
0.00614219
0.00601787
0.00599361
0.0066664
0.0066664
0.0066664
0.00657155
0.00710537
0.00720046
0.00720046
0.00720046
0.00708624
0.00708624
0.00747745
0.00747745
0.00735847
0.00735847
0.00783012
0.00783012
0.00768335
0.00768335
0.00768335
0.00831046
0.00819456
0.00816578
0.00813706
0.00813706
0.00868173
0.00868173
0.00856753
0.00856753
0.00856753
0.00889192
0.00889192
0.00889192
0.00875041
0.00889036
0.00891014
0.00891014
0.00876967
0.00874169
0.00874169
0.00886
0.00886
0.00874841
0.00874841
0.00874841
0.00914166
0.00903035
0.00903035
0.00903035
0.00946485
0.00956084
0.00954245
0.00954245
0.00954245
0.00954245
0.00986964
0.00973079
0.00973079
0.00973079
0.00999708
0.00985792
0.00983003
0.00983003
0.00983003
0.0100762
0.00996442
0.0100325
0.0100325
0.0100325
0.0100325
0.0102587
0.0102587
0.0102587
0.0102587
0.0101172
0.0106955
0.0106955
0.0106955
0.0105811
0.0105523
0.0110983
0.0110983
0.0110983
0.0110983
0.0113412
0.0113782
0.0113782
0.0113782
0.0113782
0.0112605
0.01134
0.01134
0.01134
0.01134
0.011305
0.011305
0.011305
0.011305
0.0111519
0.0113699
0.0113699
0.0113699
0.0113699
0.0116146
0.0115742
0.0115742
0.0115742
0.0115742
0.0114566
0.0115923
0.0115923
0.0115923
0.011466
0.0116105
0.0116105
0.0116105
0.0116105
0.0116105
0.0116218
0.0116218
0.0116218
0.0116218
0.0114805
0.0114915
0.0114915
0.0114915
0.0114915
0.0113073
0.0112844
0.0112844
0.0112844
0.0112844
0.0111584
0.0110816
0.0110816
0.0110816
0.0109157
0.0110021
0.0110021
0.0110021
0.0110021
0.010826
0.011174
0.011174
0.011174
0.0110256
0.0114477
0.011409
0.0114849
0.0114849
0.0114849
0.0114849
0.0115718
0.0115718
0.0115718
0.0115718
0.0114044
0.0116815
0.0116815
0.0116815
0.0115056
0.0117547
0.0117813
0.0117813
0.0115486
0.0115486
0.0115486
0.011598
0.011598
0.0113501
0.0112985
0.0113352
0.0113352
0.0113352
0.011122
0.0111118
0.0111118
0.0111118
0.0111118
0.010829
0.0106977
0.0106977
0.0106977
0.0106977
0.0101442
0.0100137
0.0100137
0.0100137
0.0100137
0.0097527
0.00949981
0.00949981
0.00949981
0.00949981
0.00913577
0.00913577
0.00913577
0.00913577
0.00884402
0.00889082
0.00889082
0.00889082
0.00850236
0.00859117
0.00859117
0.008593
0.00826178
0.00826178
0.00808893
0.00806771
0.00806771
0.00806771
0.00806771
0.00773695
0.00773695
0.00773695
0.00773695
0.00735404
0.00751232
0.00751232
0.00751232
0.00700103
0.00725063
0.00725063
0.00729247
0.00685533
0.00674192
0.00662681
0.0067849
0.0067849
0.0067849
0.0067849
0.00653065
0.00653065
0.00653065
0.00653065
0.00602248
0.0063353
0.0063353
0.0063353
0.00579502
0.00615503
0.00621479
0.00621479
0.00549083
0.00549083
0.00549083
0.00589905
0.00589905
0.00511717
0.00495346
0.00577999
0.00577999
0.00577999
0.00509971
0.00622986
0.00622986
0.00622986
0.00622986
0.00531938
0.00683315
0.00683315
0.00683315
0.00683315
0.00725692
0.00705104
0.00729865
0.00729865
0.00729865
0.00644207
0.00732821
0.00732821
0.00732821
0.00732821
0.00720572
0.00720572
0.00720572
0.00720572
0.0062315
0.00705182
0.00705182
0.00705182
0.00705182
0.0064347
0.00655425
0.00655425
0.00655425
0.00512742
0.00512742
0.00558029
0.00558029
0.0043477
0.004026
0.00418983
0.00418983
0.00418983
0.00418983
0.00335743
0.00335743
0.00335743
0.00335743
0.00189003
0.00258978
0.00258978
0.00258978
0.00258978
0.00316718
0.00143556
0.00143556
0.00143556
0.00143556
-0.000739125
-0.000657219
-0.000657219
-0.000657219
-0.000657219
-0.0018797
-0.0018797
-0.0018797
-0.0018797
-0.0018797
-0.00286318
-0.00286318
-0.00286318
-0.00286318
-0.00467219
-0.00442382
-0.00417244
-0.00417244
-0.00726145
-0.00726145
-0.00623028
-0.00688389
-0.00688389
-0.00688389
-0.00574889
-0.00849147
-0.00849147
-0.00849147
-0.00720622
-0.0101667
-0.0101667
-0.0101667
-0.0101667
-0.0114964
-0.0114964
-0.0114964
-0.0114964
-0.0137322
-0.0132917
-0.0132917
-0.0132917
-0.0132917
-0.0180903
-0.0172624
-0.0172624
-0.0172624
-0.0172624
-0.0194651
-0.0194651
-0.0194651
-0.0194651
-0.0194651
-0.0166232
-0.0224494
-0.0224494
-0.0224494
-0.0224494
-0.0258002
-0.0271611
-0.0271611
-0.0271611
-0.0271611
-0.0296578
-0.0296578
-0.0296578
-0.0296578
-0.0268239
-0.0314829
-0.0314829
-0.0314829
-0.0314829
-0.0314829
-0.0366035
-0.0366035
-0.0366035
-0.0366035
-0.0422112
-0.0422112
-0.0422112
-0.0422112
-0.0502773
-0.0474257
-0.0474257
-0.049576
-0.049576
-0.049576
-0.0441889
-0.0531903
-0.0531903
-0.0531903
-0.0485098
-0.0556885
-0.0556885
-0.0556885
-0.0556885
-0.0660446
-0.0607833
-0.0607833
-0.0607833
-0.0747298
-0.0747298
-0.0675703
-0.0675703
-0.0675703
-0.0826466
-0.0857976
-0.077979
-0.077979
-0.077979
-0.0910295
-0.0825054
-0.0825054
-0.0807012
-0.0807012
-0.097985
-0.097985
-0.0903765
-0.0903765
-0.0903765
-0.108637
-0.104094
-0.104094
-0.104094
-0.104094
-0.104094
-0.108206
-0.108206
-0.108206
-0.108206
-0.115502
-0.112915
-0.112915
-0.112915
-0.112915
-0.132747
-0.126103
-0.126103
-0.126103
-0.126103
-0.141814
-0.128027
-0.128027
-0.128027
-0.143361
-0.131773
-0.128785
-0.125747
-0.125747
-0.140434
-0.140434
-0.127874
-0.127874
-0.127874
-0.144852
-0.131669
-0.131669
-0.131669
-0.146525
-0.149188
-0.131976
-0.131976
-0.131976
-0.141449
-0.123631
-0.123631
-0.119987
-0.119987
-0.12738
-0.12738
-0.112623
-0.112623
-0.118602
-0.118602
-0.118602
-0.1
-0.1
-0.102077
-0.102077
-0.0837623
-0.0801624
-0.0801624
-0.0801624
-0.0784521
-0.0749373
-0.0644313
-0.0644313
-0.0603739
-0.0603739
-0.047196
-0.047196
-0.0410138
-0.0410138
-0.0288157
-0.0288157
-0.0185384
-0.0185384
-0.0185384
-0.0048548
-0.0048548
0.007665
0.0103803
0.0221547
0.0221547
0.0221547
0.0335487
0.0335487
0.0415344
0.0450036
0.0450036
0.0570147
0.0570147
0.0570147
0.0628736
0.0782982
0.0782982
0.0782982
0.0782982
0.0839866
0.0994398
0.102504
0.102504
0.105943
0.106645
0.119378
0.119378
0.119378
0.119378
0.121254
0.132984
0.132984
0.132984
0.133608
0.147581
0.147581
0.147581
0.147581
0.15696
0.161558
0.161558
0.161558
0.161558
0.161558
0.167089
0.167089
0.167089
0.167089
0.163093
0.174222
0.174222
0.174222
0.174222
0.1689
0.178907
0.178907
0.178907
0.172701
0.181613
0.181613
0.181613
0.181613
0.17465
0.182513
0.182475
0.182475
0.182475
0.182475
0.181552
0.181552
0.181552
0.181552
0.174679
0.17945
0.17945
0.17945
0.17945
0.170147
0.175241
0.175241
0.175241
0.167427
0.16959
0.168308
0.168308
0.168308
0.168308
0.162723
0.162723
0.162723
0.162723
0.156414
0.156414
0.156414
0.156414
0.147966
0.149387
0.149387
0.149387
0.149387
0.139659
0.139659
0.139659
0.139659
0.139659
0.128772
0.128943
0.128943
0.128943
0.118046
0.117369
0.114964
0.114964
0.114964
0.114964
0.105102
0.105102
0.105102
0.105102
0.0967819
0.0949399
0.0949399
0.0949399
0.0868965
0.0868965
0.0838187
0.0838187
0.0838187
0.0741805
0.0702275
0.0702275
0.0702275
0.0610736
0.0592984
0.0544448
0.0533629
0.0533629
0.0533629
0.0464956
0.0417871
0.0417871
0.0417871
0.0354003
0.0354003
0.0300722
0.0300722
0.0300722
0.0228542
0.0153042
0.0153042
0.0153042
0.00890613
0.00771045
-0.00085744
-0.0026971
-0.0026971
-0.0026971
-0.00716225
-0.0149531
-0.0149531
-0.0149531
-0.0188355
-0.0273296
-0.0273296
-0.0273296
-0.0305624
-0.0305624
-0.0305624
-0.0421837
-0.0421837
-0.0452864
-0.0452864
-0.0580314
-0.0607149
-0.0627538
-0.0630395
-0.0630395
-0.0742202
-0.0742202
-0.0742202
-0.0749142
-0.0749142
-0.0867973
-0.0867973
-0.0867973
-0.0863761
-0.102145
-0.102145
-0.102145
-0.10079
-0.099811
-0.11647
-0.11647
-0.11647
-0.11647
-0.13126
-0.13126
-0.13126
-0.134805
-0.131288
-0.131288
-0.131288
-0.145617
-0.145617
-0.139836
-0.139836
-0.154269
-0.154269
-0.154269
-0.146875
-0.164735
-0.164735
-0.164735
-0.15777
-0.153953
-0.171177
-0.174502
-0.174502
-0.174502
-0.166194
-0.178943
-0.178943
-0.178943
-0.169763
-0.169763
-0.184113
-0.184113
-0.184113
-0.171396
-0.171396
-0.183424
-0.185501
-0.185501
-0.171628
-0.171628
-0.178711
-0.178711
-0.164062
-0.161057
-0.161057
-0.166032
-0.166032
-0.166032
-0.156932
-0.159641
-0.159641
-0.159641
-0.144476
-0.144576
-0.144576
-0.144576
-0.132698
-0.127259
-0.123385
-0.122274
-0.122274
-0.122274
-0.111003
-0.111003
-0.10527
-0.10527
-0.0946852
-0.0946852
-0.0870626
-0.0870626
-0.0870626
-0.0749837
-0.0632063
-0.0632063
-0.0632063
-0.0545672
-0.0525441
-0.0368272
-0.0338894
-0.0338894
-0.0338894
-0.0266646
-0.0175576
-0.0175576
-0.0175576
-0.0114066
-0.0114066
0.00448446
0.00448446
0.00448446
0.010538
0.0268595
0.0268595
0.0268595
0.0313677
0.0313677
0.0484264
0.0516627
0.0516627
0.0516627
0.0540424
0.0540424
0.0668165
0.0668165
0.0681354
0.0681354
0.0835488
0.0835488
0.0837035
0.0837035
0.0954345
0.0982725
0.101071
0.0999364
0.0999364
0.0999364
0.110713
0.10819
0.107512
0.107512
0.107512
0.107512
0.119983
0.116755
0.116755
0.116755
0.12805
0.124095
0.124095
0.124095
0.124095
0.134203
0.130456
0.130456
0.130456
0.130456
0.132531
0.131227
0.129898
0.129898
0.136261
0.136261
0.130695
0.130695
0.130695
0.136369
0.130549
0.130549
0.130549
0.136713
0.130753
0.130753
0.130753
0.130753
0.130753
0.128385
0.128385
0.128385
0.128385
0.13265
0.125678
0.125678
0.125678
0.125678
0.120379
0.118759
0.118759
0.118759
0.118759
0.120838
0.114227
0.114227
0.114227
0.115753
0.10897
0.10897
0.10897
0.110102
0.103212
0.103212
0.103212
0.103212
0.103484
0.0948125
0.0948125
0.0948125
0.0948125
0.0855909
0.0853695
0.083655
0.083655
0.083655
0.0824234
0.0756523
0.0756523
0.0756523
0.0756523
0.0673113
0.0673113
0.0673113
0.0673113
0.0643085
0.0564713
0.0564713
0.0564713
0.0534531
0.0466685
0.0429229
0.0429229
0.0429229
0.0429229
0.0390804
0.0336004
0.0336004
0.0336004
0.0336004
0.0241474
0.0241474
0.0241474
0.0241474
0.0178869
0.0121525
0.0121525
0.0121525
0.0121525
-2.95528e-05
-0.00155314
-0.00155314
-0.00155314
-0.00155314
-0.0115258
-0.0131272
-0.0131272
-0.0131272
-0.0131272
-0.020089
-0.0228577
-0.0228577
-0.0228577
-0.0322818
-0.0344388
-0.0344388
-0.0344388
-0.0344388
-0.0344388
-0.046522
-0.046522
-0.046522
-0.046522
-0.0583678
-0.06062
-0.06062
-0.06062
-0.06062
-0.0699212
-0.0698144
-0.0698144
-0.0698144
-0.0698144
-0.0793917
-0.0784896
-0.0784896
-0.0784896
-0.0908143
-0.0891514
-0.0891514
-0.0891514
-0.0891514
-0.101699
-0.0986893
-0.0986893
-0.0986893
-0.108761
-0.108119
-0.106318
-0.108819
-0.108819
-0.108819
-0.108819
-0.114589
-0.114589
-0.114589
-0.114589
-0.120441
-0.120441
-0.120441
-0.120441
-0.120441
-0.126114
-0.123127
-0.123127
-0.123127
-0.13141
-0.133364
-0.13052
-0.13052
-0.13052
-0.13052
-0.129091
-0.129091
-0.129091
-0.129091
-0.127823
-0.125918
-0.12399
-0.12399
-0.12399
-0.12399
-0.122052
-0.122052
-0.122052
-0.122052
-0.126078
-0.116556
-0.116556
-0.116556
-0.116556
-0.106468
-0.105867
-0.105867
-0.105867
-0.105867
-0.105757
-0.0977226
-0.0977226
-0.0977226
-0.0977226
-0.0955536
-0.0857642
-0.0857642
-0.0857642
-0.0826144
-0.0711364
-0.0692714
-0.0692714
-0.0692714
-0.0692714
-0.0692714
-0.0570827
-0.0570827
-0.0570827
-0.0570827
-0.0443455
-0.0443455
-0.0443455
-0.0443455
-0.0375114
-0.0298727
-0.0298727
-0.0298727
-0.0298727
-0.0202962
-0.0137346
-0.0137346
-0.0137346
-0.00328676
-0.00328676
0.0021516
0.0021516
0.0021516
0.0154395
0.019719
0.019719
0.0204219
0.0204219
0.0204219
0.0295182
0.0318194
0.0318194
0.0318194
0.0409506
0.0423427
0.0423427
0.0423427
0.0536154
0.0541712
0.0542074
0.0542074
0.0542074
0.0651445
0.0669494
0.0665461
0.0665461
0.0665461
0.0748708
0.0736123
0.0736123
0.0736123
0.0815606
0.0815606
0.0796781
0.0796781
0.0796781
0.0796781
0.0890121
0.085882
0.085882
0.085882
0.0944882
0.0931052
0.0914933
0.0914933
0.0914933
0.0977118
0.0977118
0.0942434
0.0942434
0.0942434
0.0999725
0.0961216
0.0961216
0.0961216
0.102581
0.102581
0.0983658
0.0983658
0.102965
0.104035
0.099445
0.099445
0.099445
0.099445
0.103288
0.0973224
0.0973224
0.0973224
0.0973224
0.0910221
0.0938283
0.0938283
0.0938283
0.0938283
0.0971385
0.0924726
0.0924726
0.0924726
0.0924726
0.0891419
0.0891419
0.0891419
0.0891419
0.0906268
0.0839219
0.0839219
0.0839219
0.0839219
0.0795068
0.0781464
0.0767863
0.0767863
0.0773716
0.0773716
0.0719487
0.0719487
0.0719487
0.0719487
0.0717927
0.0651186
0.0651186
0.0651186
0.0642335
0.0587584
0.0561984
0.0561984
0.0561984
0.0561984
0.0548603
0.0498672
0.0498672
0.0498672
0.0480787
0.0432981
0.0432981
0.0432981
0.0432981
0.0358853
0.0358853
0.0358853
0.0358853
0.0323589
0.0269947
0.0269947
0.0269947
0.022811
0.0188114
0.0169111
0.0159968
0.0159968
0.0159968
0.0120872
0.00853761
0.00853761
0.00853761
0.00853761
0.0042342
0.000283665
0.000283665
0.000283665
-0.00562017
-0.00900794
-0.00900794
-0.00962052
-0.00962052
-0.0160703
-0.0174222
-0.0196354
-0.0196354
-0.0196354
-0.025234
-0.0269982
-0.0269982
-0.0269982
-0.0269982
-0.0269982
-0.0358791
-0.0358791
-0.0358791
-0.0358791
-0.0442876
-0.0458655
-0.0459207
-0.0459207
-0.0459207
-0.0523177
-0.0522278
-0.0522278
-0.0522278
-0.0522278
-0.0587147
-0.0578262
-0.0578262
-0.0578262
-0.0659461
-0.064206
-0.0637718
-0.0637718
-0.0637718
-0.0717695
-0.0733432
-0.0713549
-0.0713549
-0.0713549
-0.0775283
-0.0775283
-0.0744708
-0.0744708
-0.0744708
-0.0803999
-0.0803999
-0.076696
-0.076696
-0.083656
-0.083656
-0.0793655
-0.0784492
-0.0784492
-0.0847828
-0.0859637
-0.0859637
-0.0821437
-0.0821437
-0.0865489
-0.0865489
-0.0865489
-0.0814391
-0.0814391
-0.0861616
-0.0861616
-0.0818102
-0.0806828
-0.0826247
-0.083291
-0.0839145
-0.0839145
-0.0792708
-0.0792708
-0.0792708
-0.081324
-0.0765688
-0.0765688
-0.0765688
-0.0778927
-0.0778927
-0.0718339
-0.0718339
-0.072427
-0.072427
-0.0675976
-0.0663929
-0.0651943
-0.0645954
-0.0643334
-0.0643334
-0.0596064
-0.0596064
-0.0580927
-0.0580927
-0.0580927
-0.0524155
-0.0524155
-0.0501797
-0.0501797
-0.0501797
-0.0448311
-0.0448311
-0.0410785
-0.0410785
-0.0370519
-0.0351288
-0.030392
-0.030392
-0.030392
-0.030392
-0.0266713
-0.0210408
-0.0198156
-0.0198156
-0.0163457
-0.0163457
-0.0163457
-0.0111456
-0.0111456
-0.00728341
-0.00728341
-0.000186189
-0.000186189
0.00300358
0.00300358
0.00356022
0.0111902
0.0111902
0.0111902
0.0131213
0.0195149
0.0227814
0.0227814
0.0241523
0.0241523
0.0241523
0.0307746
0.0307746
0.0316731
0.0316731
0.0316731
0.0383506
0.0383763
0.0381685
0.0381685
0.0464787
0.0464787
0.0464787
0.0456643
0.0456643
0.0538198
0.0554237
0.0554237
0.0537299
0.0537299
0.0600322
0.0600322
0.0600322
0.0576478
0.0637414
0.0637414
0.0637414
0.060718
0.060718
0.0600445
0.0673189
0.0673189
0.0673189
0.0644263
0.071277
0.0725939
0.0725939
0.0694818
0.0694818
0.0694818
0.0745721
0.0745721
0.0704924
0.0704924
0.0764565
0.0764565
0.0764565
0.0720806
0.0765265
0.0775921
0.0786391
0.0749283
0.0739643
0.0729876
0.0769874
0.0769874
0.0769874
0.0729216
0.0729216
0.0766122
0.0766122
0.0722844
0.0722844
0.0764457
0.0764457
0.0764457
0.0707396
0.0707396
0.0743877
0.0750559
0.0750559
0.0691924
0.0691924
0.0716631
0.0716631
0.0669072
0.0657052
0.0645
0.0666507
0.0666507
0.0666507
0.0618018
0.0640456
0.0640456
0.0640456
0.0591782
0.0591782
0.0609376
0.0612326
0.0563635
0.0563635
0.0563635
0.0563635
0.0573574
0.0512938
0.0512938
0.0512938
0.0519965
0.0519965
0.0459913
0.0459913
0.0464733
0.0464733
0.0417385
0.0405631
0.0393957
0.0394558
0.0394192
0.0394192
0.0348304
0.0348304
0.0345298
0.0345298
0.0301085
0.0301085
0.0295743
0.0295743
0.0295743
0.0242918
0.0242918
0.0242918
0.0233226
0.0193129
0.0183349
0.0173714
0.0161017
0.0161017
0.0161017
0.0123851
0.0123851
0.0108538
0.0105201
0.0070576
0.0070576
0.0070576
0.0056441
0.0056441
0.00167082
0.00167082
0.000150471
0.000150471
-0.00273988
-0.00343099
-0.00570656
-0.00570656
-0.00570656
-0.00570656
-0.00826206
-0.00826206
-0.0103355
-0.0103355
-0.0126091
-0.0126091
-0.0147088
-0.0151263
-0.0151263
-0.0175291
-0.0175291
-0.0175291
-0.0191745
-0.0207661
-0.0211288
-0.0211288
-0.0227117
-0.0227117
-0.0242904
-0.0242904
-0.0264136
-0.0264136
-0.0264136
-0.0264136
-0.0274191
-0.0290587
-0.0293571
-0.0293571
-0.0301617
-0.0301617
-0.0312413
-0.0312413
-0.0312413
-0.0319961
-0.0319961
-0.0319961
-0.0330536
-0.0335625
-0.0336399
-0.0336399
-0.0343188
-0.0344045
-0.0344045
-0.0346311
-0.0346311
-0.0346311
-0.0347937
-0.0348704
-0.0348704
-0.0348704
-0.0347277
-0.0346669
-0.0346669
-0.0346669
-0.0346669
-0.0340256
-0.0337382
-0.0337382
-0.0337382
-0.0325534
-0.0325534
-0.0320768
-0.0320768
-0.0320768
-0.0303281
-0.0299095
-0.029363
-0.029363
-0.029363
-0.029363
-0.026915
-0.026915
-0.0268157
-0.0268157
-0.0239099
-0.0239099
-0.0235535
-0.0235535
-0.0235535
-0.0200741
-0.0197865
-0.0197865
-0.0197865
-0.0166016
-0.0157513
-0.0146869
-0.0146869
-0.0146869
-0.0146869
-0.0110174
-0.011111
-0.011111
-0.011111
-0.011111
-0.00709936
-0.00746812
-0.00746812
-0.00746812
-0.00746812
-0.0026141
-0.0026141
-0.0026141
-0.0026141
0.00323057
0.00227176
0.00227176
0.00227176
0.00227176
0.00848335
0.0085314
0.0085314
0.0085314
0.0085314
0.0121812
0.0121812
0.0118128
0.0118128
0.0118128
0.0172276
0.0155748
0.0155748
0.0155748
0.02253
0.0206275
0.0206275
0.0206275
0.0206275
0.0277328
0.0264959
0.0264959
0.0264959
0.0264959
0.0298846
0.0292507
0.0286007
0.0286007
0.0344027
0.0344027
0.031634
0.031634
0.031634
0.0388937
0.0388937
0.0351751
0.0351751
0.0351751
0.0423972
0.0399292
0.0391196
0.0391196
0.0391196
0.0448274
0.0448274
0.0415258
0.0415258
0.0415258
0.0471639
0.0437425
0.0437425
0.0437425
0.0492953
0.0492953
0.0447606
0.0447606
0.0447606
0.0515636
0.0468565
0.0468565
0.0458833
0.0525246
0.0525246
0.0525246
0.0485562
0.0485562
0.0550346
0.0563108
0.0522278
0.0522278
0.0522278
0.0572662
0.0572662
0.0518492
0.0518492
0.0518492
0.0567783
0.0509892
0.0509892
0.0497764
0.0545913
0.0545913
0.0545913
0.0496282
0.0554827
0.0554827
0.0554827
0.0554827
0.0537212
0.0548422
0.0559562
0.0559562
0.0508166
0.048171
0.0525583
0.0525583
0.0525583
0.0525583
0.0471583
0.0514375
0.0514375
0.0514375
0.0458835
0.0510817
0.0510817
0.0510817
0.0510817
0.0439639
0.0489991
0.0499875
0.0499875
0.0442609
0.0413595
0.045254
0.045254
0.045254
0.045254
0.0432859
0.0432859
0.0432859
0.0432859
0.0376198
0.0413431
0.0413431
0.0413431
0.0413431
0.0344026
0.0389506
0.0389506
0.0389506
0.033533
0.0352782
0.0361552
0.0361552
0.0361552
0.0361552
0.0343579
0.0343579
0.0343579
0.0343579
0.0292858
0.0327088
0.0327088
0.0327088
0.0327088
0.0307032
0.0307032
0.0307032
0.0307032
0.0291117
0.0286928
0.028275
0.028275
0.028275
0.028275
0.0265715
0.0265715
0.0265715
0.0265715
0.0216362
0.0248796
0.0248796
0.0248796
0.0248796
0.0187616
0.022782
0.022782
0.022782
0.0180555
0.0196978
0.0204927
0.0204927
0.0204927
0.0204927
0.0190777
0.0190777
0.0190777
0.0190777
0.0190777
0.01752
0.01752
0.01752
0.01752
0.015236
0.0141335
0.0157079
0.0157079
0.0157079
0.0157079
0.0112724
0.0144197
0.0144197
0.0144197
0.0100948
0.0132424
0.0132424
0.0132424
0.0132424
0.0118314
0.0118314
0.0118314
0.0118314
0.0118314
0.00999936
0.0107899
0.0107899
0.0107899
0.00457144
0.00774138
0.00646519
0.00646519
0.00646519
0.00646519
0.00536923
0.00536923
0.00536923
0.00536923
0.000554318
0.00455816
0.00536107
0.00536107
0.000902158
0.000902158
0.00411906
0.00411906
0.00411906
-0.000876798
-0.000876798
0.00234483
0.00234483
0.00234483
-0.00237506
0.00165148
0.00165148
0.00165148
-0.00238917
-0.000234357
-0.000496721
0.000307217
0.000307217
0.000307217
-0.00397206
-0.000759312
-0.000759312
-0.000759312
-0.00486454
-0.00486454
-0.00165985
-0.00165985
-0.00165985
-0.00643989
-0.00245378
-0.00245378
-0.00245378
-0.00583241
-0.00738992
-0.00343754
-0.00265244
-0.00265244
-0.00265244
-0.00544726
-0.00232909
-0.00232909
-0.00232909
-0.00468503
-0.00160856
-0.00160856
-0.00160856
-0.00160856
-0.0042619
-0.000485091
-0.000485091
-0.000485091
-0.00311774
-0.00311774
1.57656e-05
0.000743923
0.000743923
0.000743923
-0.00156875
-0.00156875
0.00127992
0.00127992
-0.000990476
-0.000990476
-0.000990476
0.00247444
0.00247444
-0.00030995
-0.00030995
0.00305362
0.00305362
0.00088147
-0.000245964
0.00236864
0.00301147
0.00364989
0.00364989
0.00138871
0.00138871
0.00389776
0.00389776
0.00171273
0.00171273
0.00171273
0.00474463
0.00255606
0.00255606
0.00255606
0.00255606
0.0054674
0.00332153
0.00332153
0.00332153
0.00332153
0.00499368
0.00223266
0.00223266
0.00223266
0.00223266
0.00491808
0.00212339
0.00212339
0.00212339
0.00467992
0.00154032
0.00154032
0.000800171
0.000800171
0.00322895
0.00322895
-2.76219e-05
-2.76219e-05
-2.76219e-05
0.00227624
-0.000495948
-0.000495948
-0.000495948
-0.000495948
0.00123371
-0.00196921
-0.00196921
-0.00196921
-0.00196921
-0.00240633
-0.00272647
-0.00272647
-0.00272647
-0.00117244
-0.00117244
-0.00216885
-0.00216885
-0.00216885
-0.000352482
-0.000867515
-0.000867515
-0.000867515
0.000808477
0.000849167
0.000849167
0.000849167
0.000849167
0.387059
0.386588
0.386588
0.386588
0.375309
0.375309
0.374551
0.374551
0.374551
0.363161
0.355014
0.345401
0.345401
0.345401
0.33061
0.33061
0.301799
0.301799
0.285689
0.285689
0.248675
0.248675
0.234506
0.230772
0.226961
0.177874
0.177874
0.177874
0.161891
0.161891
0.118148
0.118148
0.118148
0.118148
0.0966628
0.0630949
0.0630949
0.0630949
0.0402642
0.0169702
0.0133567
0.0101776
0.0101776
-0.00892612
-0.00892612
-0.0177495
-0.0177495
-0.0372509
-0.0372509
-0.0404969
-0.0404969
-0.0404969
-0.0602399
-0.0602399
-0.0587508
-0.0587508
-0.0835952
-0.0835952
-0.0797964
-0.078704
-0.0775701
-0.0775701
-0.102477
-0.102477
-0.0978571
-0.0978571
-0.0978571
-0.122777
-0.122777
-0.116208
-0.116208
-0.141095
-0.141095
-0.134917
-0.131662
-0.131662
-0.156453
-0.161395
-0.161395
-0.154579
-0.154579
-0.174284
-0.174284
-0.164862
-0.164862
-0.164862
-0.184437
-0.184437
-0.173681
-0.173681
-0.171397
-0.195627
-0.195627
-0.195627
-0.186118
-0.210024
-0.210024
-0.210024
-0.210024
-0.197158
-0.220676
-0.220676
-0.220676
-0.206823
-0.225319
-0.229895
-0.234451
-0.234451
-0.219691
-0.219691
-0.234647
-0.234647
-0.234647
-0.221863
-0.221863
-0.239515
-0.239515
-0.239515
-0.225796
-0.225796
-0.247295
-0.247295
-0.232668
-0.232668
-0.253467
-0.257536
-0.257536
-0.238201
-0.238201
-0.254164
-0.254164
-0.254164
-0.233842
-0.249279
-0.249279
-0.249279
-0.227878
-0.227878
-0.223485
-0.241993
-0.241993
-0.241993
-0.224036
-0.241618
-0.245019
-0.245019
-0.245019
-0.221806
-0.221806
-0.235013
-0.235013
-0.215903
-0.211043
-0.21871
-0.21871
-0.21871
-0.21871
-0.213754
-0.213754
-0.213754
-0.213754
-0.204876
-0.207524
-0.210129
-0.210129
-0.210129
-0.185089
-0.185089
-0.19507
-0.19507
-0.169937
-0.164892
-0.174169
-0.174169
-0.174169
-0.174169
-0.164639
-0.164639
-0.164639
-0.164639
-0.152357
-0.154169
-0.155938
-0.155938
-0.13621
-0.13621
-0.142855
-0.142855
-0.142855
-0.118573
-0.118573
-0.124533
-0.124533
-0.124533
-0.100731
-0.100731
-0.107236
-0.107236
-0.0886986
-0.0796214
-0.0796214
-0.0851036
-0.0851036
-0.0851036
-0.0674014
-0.0719
-0.0726856
-0.0726856
-0.0556277
-0.0556277
-0.0584019
-0.0584019
-0.0419771
-0.0419771
-0.04418
-0.04418
-0.04418
-0.0244885
-0.0244885
-0.0261427
-0.0261427
-0.0111066
-0.00381789
-0.00381789
-0.00514976
-0.00514976
-0.00514976
0.00545033
0.00489095
0.00489095
0.00489095
0.0216278
0.0217026
0.0217026
0.0217026
0.0217026
0.0380038
0.0380038
0.0380038
0.0380038
0.052783
0.0568287
0.0568287
0.0568287
0.0568287
0.0568287
0.0693916
0.0693916
0.0693916
0.0693916
0.0693916
0.0837919
0.0843218
0.0843218
0.0843218
0.0843218
0.0971232
0.0971232
0.0971232
0.0971232
0.104485
0.108733
0.110369
0.110369
0.110369
0.110369
0.119785
0.119785
0.119785
0.119785
0.128615
0.128615
0.128615
0.128615
0.131796
0.13795
0.138772
0.138772
0.138772
0.142245
0.143716
0.147066
0.147066
0.147066
0.147066
0.149423
0.15372
0.15372
0.15372
0.15372
0.159886
0.159886
0.159886
0.159886
0.163991
0.164854
0.165728
0.165728
0.165728
0.165728
0.168682
0.168682
0.168682
0.168682
0.16738
0.170801
0.170801
0.170801
0.170801
0.168151
0.17231
0.17231
0.17231
0.169477
0.172669
0.172618
0.172618
0.172618
0.172618
0.17202
0.17202
0.17202
0.17202
0.167935
0.170781
0.170781
0.170781
0.170781
0.168312
0.168312
0.168312
0.168312
0.170749
0.164853
0.165418
0.165418
0.165418
0.165418
0.158344
0.160468
0.160468
0.160468
0.152851
0.154753
0.153175
0.153175
0.153175
0.155223
0.148779
0.148779
0.148779
0.148779
0.143836
0.144125
0.144125
0.144125
0.144125
0.136658
0.136658
0.136658
0.136658
0.137405
0.128758
0.128758
0.128758
0.128758
0.129335
0.120534
0.120534
0.120534
0.120534
0.120712
0.111807
0.111807
0.111807
0.111807
0.104502
0.100971
0.100971
0.100971
0.100971
0.100509
0.0935198
0.0935198
0.0935198
0.0928104
0.0859607
0.0859607
0.0859607
0.0847352
0.0847352
0.0763718
0.0763718
0.0763718
0.0763718
0.0666513
0.0666513
0.0650507
0.0650507
0.0631081
0.0626783
0.0563838
0.0563838
0.0563838
0.0545321
0.0485499
0.0485499
0.0485499
0.0485499
0.046498
0.0396249
0.0396249
0.0396249
0.037389
0.0311307
0.0311307
0.0299333
0.0269016
0.0269016
0.0269016
0.0222757
0.0196737
0.019
0.0183173
0.0139674
0.0139674
0.0139674
0.0139674
0.0111498
0.00606882
0.00606882
0.00606882
0.00236254
-0.00140244
-0.00231199
-0.00320373
-0.00320373
-0.00709765
-0.00789745
-0.0112978
-0.0112978
-0.0112978
-0.0145615
-0.0145615
-0.018355
-0.018355
-0.0217124
-0.0217124
-0.0249638
-0.0249638
-0.0255542
-0.0289927
-0.0289927
-0.0289927
-0.0311436
-0.0311436
-0.035538
-0.035538
-0.0373206
-0.0373206
-0.0417988
-0.0427022
-0.0427022
-0.0444343
-0.0444343
-0.0480678
-0.0480678
-0.0480678
-0.0494558
-0.0494558
-0.0531121
-0.0531121
-0.0531121
-0.0535989
-0.0581826
-0.0581826
-0.0581826
-0.0581826
-0.0582803
-0.0628553
-0.0637669
-0.0637669
-0.0632714
-0.063104
-0.0667323
-0.0667323
-0.0667323
-0.0667323
-0.0658169
-0.069406
-0.069406
-0.069406
-0.0680596
-0.0724686
-0.0724686
-0.0724686
-0.0724686
-0.0702401
-0.074537
-0.0753808
-0.0753808
-0.0732243
-0.0720389
-0.0753565
-0.0753565
-0.0753565
-0.0753565
-0.0760009
-0.0760009
-0.0760009
-0.0760009
-0.0731407
-0.0770088
-0.0770088
-0.0770088
-0.0738985
-0.0738985
-0.0775784
-0.0782906
-0.0782906
-0.0741165
-0.0741165
-0.0741165
-0.0768825
-0.0724533
-0.0724533
-0.0715349
-0.0748005
-0.0748005
-0.0748005
-0.0710328
-0.0710328
-0.0740753
-0.0746562
-0.0707481
-0.0707481
-0.0707481
-0.0729779
-0.0729779
-0.0679116
-0.0679116
-0.0679116
-0.0704829
-0.0662984
-0.0652366
-0.064169
-0.064169
-0.064169
-0.0664944
-0.0621737
-0.0621737
-0.0621737
-0.0642485
-0.0646332
-0.0602389
-0.0602389
-0.0602389
-0.0602389
-0.0561172
-0.0561172
-0.0561172
-0.0561172
-0.0576848
-0.0520754
-0.0520754
-0.0520754
-0.0520754
-0.0477813
-0.0480137
-0.0480137
-0.0480137
-0.0480137
-0.0443912
-0.0432872
-0.0421876
-0.0421876
-0.0421876
-0.0428585
-0.0385051
-0.0385051
-0.0385051
-0.0390209
-0.0390209
-0.0337083
-0.0337083
-0.034141
-0.034141
-0.0289996
-0.0279919
-0.0279919
-0.0281973
-0.0282119
-0.0282119
-0.0242608
-0.0242608
-0.0242335
-0.0242335
-0.0204105
-0.0204105
-0.0202502
-0.0202502
-0.0202502
-0.0156859
-0.0156859
-0.0153985
-0.0153985
-0.0153985
-0.0110758
-0.0110758
-0.0105472
-0.0105472
-0.00726545
-0.00646796
-0.00497596
-0.00481467
-0.00481467
-0.00481467
-0.00177924
-0.00177924
-0.00107028
-0.00107028
0.0017675
0.0017675
0.0017675
0.00278834
0.00542292
0.00542292
0.00542292
0.00657918
0.00682542
0.0098503
0.0098503
0.0098503
0.0108816
0.0130892
0.014126
0.014126
0.014126
0.0152261
0.0152261
0.0171473
0.0171473
0.0171473
0.0186081
0.0203065
0.0203065
0.0203065
0.0218477
0.0218477
0.0236674
0.0236674
0.0236674
0.0252734
0.0268267
0.0271039
0.0273677
0.0273677
0.0286965
0.0286965
0.0296263
0.0296263
0.0296263
0.0313191
0.0320279
0.0320279
0.0320279
0.0320279
0.032519
0.0342326
0.0342326
0.0342326
0.0342326
0.0362878
0.0366312
0.0366312
0.0366312
0.0366312
0.0366697
0.0380384
0.0380384
0.0380384
0.0377639
0.0390273
0.0390273
0.0390273
0.0390273
0.0406923
0.0402077
0.0402077
0.0402077
0.0415083
0.0411623
0.04148
0.04148
0.04148
0.04148
0.0416715
0.0416715
0.0416715
0.0416715
0.0416715
0.0403852
0.0418834
0.0418834
0.0418834
0.0404084
0.0415181
0.0417929
0.0417929
0.0417929
0.0417929
0.0415486
0.0415486
0.0415486
0.0415486
0.0401229
0.0411313
0.0411313
0.0411313
0.0411313
0.0403525
0.0403525
0.0403525
0.0403525
0.0403525
0.0393223
0.0393223
0.0393223
0.0393223
0.0375623
0.0378053
0.0378053
0.0378053
0.0378053
0.0378053
0.0366463
0.0366463
0.0366463
0.0366463
0.0353759
0.0353759
0.0353759
0.0353759
0.0334642
0.0339939
0.0339939
0.0339939
0.0339939
0.0315629
0.0321216
0.0321216
0.0321216
0.0321216
0.0301087
0.0301087
0.0301087
0.0301087
0.0276498
0.0274872
0.0275392
0.0275392
0.0275392
0.0275392
0.0257432
0.0257432
0.0257432
0.0257432
0.0238944
0.0238944
0.0238944
0.0238944
0.0219772
0.0219975
0.0219975
0.0219975
0.0219975
0.0195622
0.0195622
0.0195622
0.0195622
0.0195622
0.0172249
0.0170477
0.0170477
0.0170477
0.0152125
0.0140317
0.0139635
0.0139635
0.0139635
0.0139635
0.0119036
0.0119036
0.0119036
0.0119036
0.00987245
0.00987245
0.00987245
0.00987245
0.00830577
0.00776296
0.00776296
0.00776296
0.00776296
0.00543991
0.00530932
0.00517582
0.00517582
0.00381208
0.00348311
0.00315961
0.00259761
0.00259761
0.00259761
0.00136213
0.000757872
0.000757872
0.000757872
-0.000378821
-0.000378821
-0.00118778
-0.00118778
-0.00118778
-0.00222591
-0.00308741
-0.0032654
-0.0032654
-0.00443562
-0.00443562
-0.00516473
-0.00516473
-0.00516473
-0.00620524
-0.00620524
-0.00695954
-0.00695954
-0.00768994
-0.0078584
-0.0089935
-0.0089935
-0.0089935
-0.0089935
-0.00958075
-0.0105808
-0.0105808
-0.0105808
-0.0110628
-0.0110628
-0.0120824
-0.012288
-0.0127488
-0.0127488
-0.0127488
-0.0127488
-0.0135751
-0.0138562
-0.013967
-0.013967
-0.0150054
-0.0150054
-0.0150054
-0.0151648
-0.0159964
-0.016204
-0.0164113
-0.0164113
-0.0164832
-0.0164832
-0.0173093
-0.0173093
-0.0172524
-0.0172217
-0.0171839
-0.0180018
-0.0180018
-0.0180018
-0.0177846
-0.0177846
-0.0187895
-0.0187895
-0.0184637
-0.0184637
-0.0194422
-0.0196342
-0.0196342
-0.019092
-0.019092
-0.0196594
-0.0196594
-0.0191324
-0.0189885
-0.0197545
-0.0197545
-0.0197545
-0.0197545
-0.0191111
-0.0199834
-0.0201523
-0.0201523
-0.0194394
-0.0194394
-0.0200953
-0.0200953
-0.0200953
-0.0191169
-0.0191169
-0.0197398
-0.0197398
-0.0188941
-0.0186755
-0.0191834
-0.0191834
-0.0191834
-0.0191834
-0.0182735
-0.0189457
-0.019073
-0.019073
-0.0178844
-0.0178844
-0.0146163
-0.0146163
-0.0146163
-0.0133792
-0.0131202
-0.0131202
-0.0131202
-0.0131202
-0.0131202
-0.0122021
-0.0122021
-0.0122021
-0.0122021
-0.0115964
-0.0115964
-0.0115964
-0.0115964
-0.0115964
-0.0112839
-0.0112839
-0.0112839
-0.0112839
-0.0112755
-0.0113139
-0.0113139
-0.0113139
-0.0113139
-0.0113139
-0.0114044
-0.0114044
-0.0114044
-0.0114044
-0.0114433
-0.0114433
-0.0114433
-0.0114433
-0.0114433
-0.0113513
-0.0112561
-0.0112561
-0.0112561
-0.0112561
-0.0112561
-0.0109661
-0.0109661
-0.0109661
-0.0109661
-0.0109661
-0.0104357
-0.0104357
-0.0104357
-0.0104357
-0.00976475
-0.00961896
-0.00961896
-0.00961896
-0.00961896
-0.00961896
-0.00901097
-0.00901097
-0.00901097
-0.00901097
-0.00838017
-0.00838017
-0.00838017
-0.00838017
-0.00774618
-0.00774618
-0.00774618
-0.00774618
-0.00774618
-0.00696976
-0.00696976
-0.00696976
-0.00696976
-0.00696976
-0.00622461
-0.00622461
-0.00622461
-0.00622461
-0.0055161
-0.0055161
-0.00537876
-0.00537876
-0.00537876
-0.00537876
-0.00484319
-0.00484319
-0.00484319
-0.00484319
-0.00432823
-0.00432823
-0.00432823
-0.00432823
-0.00432823
-0.00370935
-0.00370935
-0.00370935
-0.00370935
-0.00370935
-0.003114
-0.003114
-0.003114
-0.003114
-0.00253874
-0.00253874
-0.00242591
-0.00242591
-0.00242591
-0.00242591
-0.00198236
-0.00198236
-0.00198236
-0.00198236
-0.00155257
-0.00155257
-0.00155257
-0.00155257
-0.00113671
-0.00113671
-0.00113671
-0.00113671
-0.00113671
-0.000636733
-0.000636733
-0.000636733
-0.000636733
-0.000636733
-0.000160004
-0.000160004
-0.000160004
-0.000160004
-0.000160004
0.000292884
0.000292884
0.000292884
0.000292884
0.000292884
0.000719613
0.000719613
0.000719613
0.000719613
0.00111836
0.00119474
0.00119474
0.00119474
0.00119474
0.00119474
0.0014883
0.0014883
0.0014883
0.0014883
0.0017611
0.0017611
0.0017611
0.0017611
0.002014
0.002014
0.002014
0.002014
0.002014
0.00230424
0.00230424
0.00230424
0.00230424
0.00230424
0.00256686
0.00256686
0.00256686
0.00256686
0.00280413
0.00280413
0.00284867
0.00284867
0.00284867
0.00284867
0.00301638
0.00301638
0.00301638
0.00301638
0.00316561
0.00316561
0.00316561
0.00316561
0.003297
0.003297
0.003297
0.003297
0.003297
0.00343823
0.00343823
0.00343823
0.00343823
0.00353365
0.00357638
0.00357638
0.00357638
0.00357638
0.00357638
0.00365142
0.00365142
0.00365142
0.00365142
0.00371156
0.00371156
0.00371156
0.00371156
0.00371156
0.00376713
0.00376713
0.00376713
0.00376713
0.00376713
0.00380249
0.00380249
0.00380249
0.00380249
0.00381985
0.00381985
0.00382129
0.00382129
0.00382129
0.00382129
0.00381972
0.00381972
0.00381972
0.00381972
0.00381972
0.00380005
0.00380005
0.00380005
0.00380005
0.00377112
0.00375319
0.00375319
0.00375319
0.00375319
0.00375319
0.00371051
0.00371051
0.00371051
0.00371051
0.00365855
0.00365855
0.00365855
0.00365855
0.00365855
0.00358203
0.00358203
0.00358203
0.00358203
0.00349449
0.00349449
0.00347592
0.00347592
0.00347592
0.00347592
0.00339805
0.00339805
0.00339805
0.00339805
0.00331395
0.00331395
0.00331395
0.00331395
0.00331395
0.00320104
0.00320104
0.00320104
0.00320104
0.00308101
0.00305635
0.00305635
0.00305635
0.00305635
0.00305635
0.00295558
0.00295558
0.00295558
0.00295558
0.00285114
0.00285114
0.00285114
0.00285114
0.00285114
0.00271621
0.00271621
0.00271621
0.00271621
0.00271621
0.00257735
0.00257735
0.00257735
0.00257735
0.00246432
0.00240741
0.00240741
0.00240741
0.00240741
0.00240741
0.0022928
0.0022928
0.0022928
0.0022928
0.00217722
0.00217722
0.00217722
0.00217722
0.00206123
0.00206123
0.00206123
0.00206123
0.00206123
0.00191679
0.00191679
0.00191679
0.00191679
0.00180236
0.001774
0.00174574
0.00174574
0.00174574
0.00174574
0.00163377
0.00163377
0.00163377
0.00163377
0.00163377
0.00149631
0.00149631
0.00149631
0.00149631
0.00149631
0.00136185
0.00136185
0.00136185
0.00136185
0.00136185
0.00123081
0.00123081
0.00123081
0.00123081
0.00110339
0.00107834
0.00107834
0.00107834
0.00107834
0.00107834
0.000979582
0.000979582
0.000979582
0.000979582
0.000979582
0.00085947
0.00085947
0.00085947
0.00085947
0.000743168
0.000743168
0.000720375
0.000720375
0.000720375
0.000720375
0.000630889
0.000630889
0.000630889
0.000630889
0.000630889
0.000523436
0.000523436
0.000523436
0.000523436
0.000441498
0.000401912
0.000401912
0.000401912
0.000401912
0.000401912
0.000325277
0.000325277
0.000325277
0.000325277
0.000325277
0.000234547
0.000234547
0.000234547
0.000234547
0.000234547
0.000149929
0.000149929
0.000149929
0.000149929
7.17872e-05
7.17872e-05
5.6952e-05
5.6952e-05
5.6952e-05
5.6952e-05
3.7095e-07
3.7095e-07
3.7095e-07
3.7095e-07
3.7095e-07
-6.39599e-05
-6.39599e-05
-6.39599e-05
-6.39599e-05
-6.39599e-05
-0.000122051
-0.000122051
-0.000122051
-0.000122051
-0.000175194
-0.000175194
-0.000185232
-0.000185232
-0.000185232
-0.000185232
-0.000223167
-0.000223167
-0.000223167
-0.000223167
-0.000257144
-0.000257144
-0.000257144
-0.000257144
-0.000286851
-0.000286851
-0.000286851
-0.000286851
-0.000286851
-0.000318318
-0.000318318
-0.000318318
-0.000318318
-0.000318318
-0.00034455
-0.00034455
-0.00034455
-0.00034455
-0.000365199
-0.000368664
-0.000368664
-0.000368664
-0.000368664
-0.000368664
-0.000380319
-0.000380319
-0.000380319
-0.000380319
-0.000388435
-0.000388435
-0.000388435
-0.000388435
-0.000388435
-0.000394211
-0.000394211
-0.000394211
-0.000394211
-0.00039571
-0.000395556
-0.000395556
-0.000395556
-0.000395556
-0.000395556
-0.000393459
-0.000393459
-0.000393459
-0.000393459
-0.000393459
-0.000387495
-0.000387495
-0.000387495
-0.000387495
-0.00037822
-0.00037822
-0.000376028
-0.000376028
-0.000376028
-0.000376028
-0.000366205
-0.000366205
-0.000366205
-0.000366205
-0.000354743
-0.000354743
-0.000354743
-0.000354743
-0.000354743
-0.000338365
-0.000338365
-0.000338365
-0.000338365
-0.000338365
-0.000319799
-0.000319799
-0.000319799
-0.000319799
-0.000298813
-0.000298813
-0.000294307
-0.000294307
-0.000294307
-0.000294307
-0.000275317
-0.000275317
-0.000275317
-0.000275317
-0.000275317
-0.000249681
-0.000249681
-0.000249681
-0.000249681
-0.000222451
-0.000216857
-0.000216857
-0.000216857
-0.000216857
-0.000216857
-0.000194101
-0.000194101
-0.000194101
-0.000194101
-0.000170872
-0.000170872
-0.000170872
-0.000170872
-0.000147277
-0.000147277
-0.000147277
-0.000147277
-0.000147277
-0.000117437
-0.000117437
-0.000117437
-0.000117437
-0.000117437
-8.73655e-05
-8.73655e-05
-8.73655e-05
-8.73655e-05
-6.31603e-05
-5.70833e-05
-5.10055e-05
-5.10055e-05
-5.10055e-05
-5.10055e-05
-2.66933e-05
-2.66933e-05
-2.66933e-05
-2.66933e-05
-2.45643e-06
-2.45643e-06
-2.45643e-06
-2.45643e-06
-2.45643e-06
2.7561e-05
2.7561e-05
2.7561e-05
2.7561e-05
2.7561e-05
5.71785e-05
5.71785e-05
5.71785e-05
5.71785e-05
8.62923e-05
8.62923e-05
8.62923e-05
8.62923e-05
8.62923e-05
0.000114649
0.000114649
0.000120223
0.000120223
0.000120223
0.000120223
0.000141838
0.000141838
0.000141838
0.000141838
0.000141838
0.000166967
0.000166967
0.000166967
0.000166967
0.000190338
0.000190338
0.000190338
0.000190338
0.000190338
0.000208205
0.000212605
0.000216972
0.000216972
0.000216972
0.000216972
0.000234169
0.000234169
0.000234169
0.000234169
0.000234169
0.000255007
0.000255007
0.000255007
0.000255007
0.000275334
0.000279377
0.000279377
0.000279377
0.000279377
0.000279377
0.000295426
0.000295426
0.000295426
0.000295426
0.00031114
0.00031114
0.00031114
0.00031114
0.00033019
0.00033019
0.00033019
0.00033019
0.00033019
0.000347892
0.000347892
0.000351235
0.000351235
0.000351235
0.000351235
0.000364017
0.000364017
0.000364017
0.000364017
0.000364017
0.000378793
0.000378793
0.000378793
0.000378793
0.000392723
0.000392723
0.000392723
0.000392723
0.000392723
0.000403565
0.00040623
0.000408859
0.000408859
0.000408859
0.000408859
0.000419086
0.000419086
0.000419086
0.000419086
0.000419086
0.000431043
0.000431043
0.000431043
0.000431043
0.00044193
0.00044193
0.00044193
0.00044193
0.00044193
0.000449844
0.000451682
0.000453442
0.000453442
0.000453442
0.000453442
0.000459759
0.000459759
0.000459759
0.000459759
0.000459759
0.000465987
0.000465987
0.000465987
0.000465987
0.000469735
0.000470544
0.000471293
0.000471293
0.000471293
0.000471293
0.000473704
0.000473704
0.000473704
0.000473704
0.000475078
0.000475078
0.000475078
0.000475078
0.000475078
0.000475416
0.000475416
0.000475416
0.000475416
0.000474274
0.000473848
0.000473848
0.000473848
0.000473848
0.000473848
0.000471492
0.000471492
0.000471492
0.000471492
0.000471492
0.000467332
0.000467332
0.000467332
0.000467332
0.000463513
0.000462553
0.000461616
0.000461616
0.000461616
0.000461616
0.000458297
0.000458297
0.000458297
0.000458297
0.000455618
0.000455618
0.000455618
0.000455618
0.000453316
0.000453316
0.000453316
0.000453316
0.000453316
0.000450452
0.000450452
0.000450452
0.000450452
0.000450452
0.000447091
0.000447091
0.000447091
0.000447091
0.000442959
0.000442036
0.000442036
0.000442036
0.000442036
0.000442036
0.000438236
0.000438236
0.000438236
0.000438236
0.000434177
0.000434177
0.000434177
0.000434177
0.000434177
0.00042855
0.00042855
0.00042855
0.00042855
0.000421954
0.000421954
0.000420506
0.000420506
0.000420506
0.000420506
0.000414185
0.000414185
0.000414185
0.000414185
0.000414185
0.00040498
0.00040498
0.00040498
0.00040498
0.000396755
0.000394633
0.000392486
0.000392486
0.000392486
0.000392486
0.000383723
0.000383723
0.000383723
0.000383723
0.000374653
0.000374653
0.000374653
0.000374653
0.000374653
0.000362816
0.000362816
0.000362816
0.000362816
0.000362816
0.000350623
0.000350623
0.000350623
0.000350623
0.000338277
0.00033577
0.00033577
0.00033577
0.00033577
0.00033577
0.00032561
0.00032561
0.00032561
0.00032561
0.000315274
0.000315274
0.000315274
0.000315274
0.000315274
0.000302455
0.000302455
0.000302455
0.000302455
0.000292518
0.000290104
0.000287717
0.000287717
0.000287717
0.000287717
0.000278446
0.000278446
0.000278446
0.000278446
0.000278446
0.000267455
0.000267455
0.000267455
0.000267455
0.000257242
0.000257242
0.00025531
0.00025531
0.00025531
0.00025531
0.000247962
0.000247962
0.000247962
0.000247962
0.000241219
0.000241219
0.000241219
0.000241219
0.000235139
0.000235139
0.000235139
0.000235139
0.000235139
0.000228555
0.000228555
0.000228555
0.000228555
0.000228555
0.000223246
0.000223246
0.000223246
0.000223246
0.000219046
0.000218309
0.000218309
0.000218309
0.000218309
0.000215583
0.000215583
0.000215583
0.000215583
0.000215583
0.000213077
0.000213077
0.000213077
0.000213077
0.000213077
0.000210149
0.000210149
0.000210149
0.000210149
0.000210149
0.000207428
0.000207428
0.000207428
0.000207428
0.000205004
0.000204555
0.000204555
0.000204555
0.000204555
0.000204555
0.000202814
0.000202814
0.000202814
0.000202814
0.000201029
0.000201029
0.000201029
0.000201029
0.000201029
0.000198758
0.000198758
0.000198758
0.000198758
0.000197026
0.000196631
0.000196248
0.000196248
0.000196248
0.000196248
0.000194875
0.000194875
0.000194875
0.000194875
0.000194875
0.000193564
0.000193564
0.000193564
0.000193564
0.00019294
0.00019294
0.00019292
0.00019292
0.00019292
0.00019292
0.000193059
0.000193059
0.000193059
0.000193059
0.000193852
0.000193852
0.000193852
0.000193852
0.000194957
0.000195311
0.000195689
0.000195689
0.000195689
0.000195689
0.000197433
0.000197433
0.000197433
0.000197433
0.000197433
0.000200019
0.000200019
0.000200019
0.000200019
0.000202399
0.000203055
0.000203729
0.000203729
0.000203729
0.000203729
0.000206638
0.000206638
0.000206638
0.000206638
0.000206638
0.000210646
0.000210646
0.000210646
0.000210646
0.000214968
0.000215865
0.000215865
0.000215865
0.000215865
0.000215865
0.00021948
0.00021948
0.00021948
0.00021948
0.000223072
0.000223072
0.000223072
0.000223072
0.000223072
0.000227602
0.000227602
0.000227602
0.000227602
0.000231305
0.000233236
0.000233236
0.000233236
0.000233236
0.000233236
0.000237226
0.000237226
0.000237226
0.000237226
0.000241309
0.000241309
0.000241309
0.000241309
0.000241309
0.000246557
0.000246557
0.000246557
0.000246557
0.000246557
0.000252085
0.000252085
0.000252085
0.000252085
0.000252085
0.000257857
0.000257857
0.000257857
0.000257857
0.00026255
0.000264916
0.000264916
0.000264916
0.000264916
0.000264916
0.000269539
0.000269539
0.000269539
0.000269539
0.000273879
0.000273879
0.000273879
0.000273879
0.000273879
0.000278927
0.000278927
0.000278927
0.000278927
0.000282741
0.00028464
0.00028464
0.00028464
0.00028464
0.00028464
0.000288348
0.000288348
0.000288348
0.000288348
0.000292525
0.000292525
0.000292525
0.000292525
0.000292525
0.000295515
0.000296947
0.000296947
0.000296947
0.000296947
0.000299549
0.000299549
0.000299549
0.000299549
0.000299549
0.000301584
0.000301584
0.000301584
0.000301584
0.000301584
0.000303009
0.000303009
0.000303009
0.000303009
0.000303009
0.000303149
0.000303149
0.000303149
0.000303149
0.000303149
0.000302118
0.000302118
0.000302118
0.000302118
0.000300051
0.000299535
0.000299535
0.000299535
0.000299535
0.000299535
0.000297156
0.000297156
0.000297156
0.000297156
0.000294307
0.000294307
0.000294307
0.000294307
0.000294307
0.000290525
0.000290525
0.000290525
0.000290525
0.000290525
0.000286974
0.000286974
0.000286974
0.000286974
0.000284577
0.000283571
0.000283571
0.000283571
0.000283571
0.000283571
0.000281873
0.000281873
0.000281873
0.000281873
0.000280523
0.000280523
0.000280523
0.000280523
0.000279413
0.000279413
0.000279413
0.000279413
0.000279413
0.000278205
0.000278205
0.000278205
0.000278205
0.000276929
0.000276653
0.000276653
0.000276653
0.000276653
0.000276653
0.000275383
0.000275383
0.000275383
0.000275383
0.000275383
0.000273227
0.000273227
0.000273227
0.000273227
0.000271117
0.000270018
0.000270018
0.000270018
0.000270018
0.000270018
0.000267895
0.000267895
0.000267895
0.000267895
0.000265969
0.000265969
0.000265969
0.000265969
0.000264272
0.000264272
0.000264272
0.000264272
0.000264272
0.00026233
0.00026233
0.00026233
0.00026233
0.000260746
0.00025993
0.00025993
0.00025993
0.00025993
0.00025993
0.00025811
0.00025811
0.00025811
0.00025811
0.000256084
0.000256084
0.000256084
0.000256084
0.000256084
0.000253468
0.000253468
0.000253468
0.000253468
0.000250729
0.000250159
0.000250159
0.000250159
0.000250159
0.000250159
0.000247719
0.000247719
0.000247719
0.000247719
0.00024492
0.00024492
0.00024492
0.00024492
0.00024492
0.000241038
0.000241038
0.000241038
0.000241038
0.000237731
0.000236899
0.000236064
0.000236064
0.000236064
0.000236064
0.000232704
0.000232704
0.000232704
0.000232704
0.000229306
0.000229306
0.000229306
0.000229306
0.000229306
0.000225103
0.000225103
0.000225103
0.000225103
0.000225103
0.000220967
0.000220967
0.000220967
0.000220967
0.000220967
0.000216791
0.000216791
0.000216791
0.000216791
0.000212661
0.000211861
0.000211861
0.000211861
0.000211861
0.000211861
0.000208794
0.000208794
0.000208794
0.000208794
0.000205968
0.000205968
0.000205968
0.000205968
0.000205968
0.000202906
0.000202906
0.000202906
0.000202906
0.000202906
0.000200511
0.000200511
0.000200511
0.000200511
0.000199199
0.000198767
0.000198767
0.000198767
0.000198767
0.000198767
0.000198277
0.000198277
0.000198277
0.000198277
0.000198132
0.000198132
0.000198132
0.000198132
0.000198132
0.000198242
0.000198242
0.000198242
0.000198242
0.000198425
0.000198466
0.000198466
0.000198466
0.000198466
0.000198466
0.000198644
0.000198644
0.000198644
0.000198644
0.000198644
0.000198939
0.000198939
0.000198939
0.000198939
0.000199585
0.000199585
0.000199794
0.000199794
0.000199794
0.000199794
0.000200927
0.000200927
0.000200927
0.000200927
0.000202529
0.000202529
0.000202529
0.000202529
0.000204597
0.000204597
0.000204597
0.000204597
0.000204597
0.000207751
0.000207751
0.000207751
0.000207751
0.000211343
0.000212104
0.000212104
0.000212104
0.000212104
0.000212104
0.000215209
0.000215209
0.000215209
0.000215209
0.000215209
0.000219107
0.000219107
0.000219107
0.000219107
0.000223086
0.000223086
0.000223917
0.000223917
0.000223917
0.000223917
0.000227343
0.000227343
0.000227343
0.000227343
0.000230834
0.000230834
0.000230834
0.000230834
0.000230834
0.000235212
0.000235212
0.000235212
0.000235212
0.000235212
0.000239513
0.000239513
0.000239513
0.000239513
0.000242821
0.000244403
0.000244403
0.000244403
0.000244403
0.000244403
0.0002473
0.0002473
0.0002473
0.0002473
0.000249719
0.000249719
0.000249719
0.000249719
0.000249719
0.000252099
0.000252099
0.000252099
0.000252099
0.000253514
0.00025411
0.00025411
0.00025411
0.00025411
0.00025411
0.000255088
0.000255088
0.000255088
0.000255088
0.000255088
0.000255978
0.000255978
0.000255978
0.000255978
0.000256602
0.000256983
0.000256983
0.000256983
0.000256983
0.000256983
0.00025791
0.00025791
0.00025791
0.00025791
0.000259034
0.000259034
0.000259034
0.000259034
0.000259034
0.000260726
0.000260726
0.000260726
0.000260726
0.000262606
0.000262606
0.000262606
0.000262606
0.000262606
0.000264428
0.000264428
0.000264743
0.000264743
0.000264743
0.000264743
0.000265767
0.000265767
0.000265767
0.000265767
0.00026634
0.00026634
0.00026634
0.00026634
0.00026634
0.00026659
0.00026659
0.00026659
0.00026659
0.00026659
0.000266566
0.000266566
0.000266566
0.000266566
0.000266431
0.000266257
0.000266257
0.000266257
0.000266257
0.000266257
0.000265587
0.000265587
0.000265587
0.000265587
0.000265587
0.000264147
0.000264147
0.000264147
0.000264147
0.000264147
0.000262235
0.000262235
0.000262235
0.000262235
0.000260181
0.000259777
0.000259777
0.000259777
0.000259777
0.000259777
0.000257989
0.000257989
0.000257989
0.000257989
0.000257989
0.000255181
0.000255181
0.000255181
0.000255181
0.000251941
0.000251294
0.000251294
0.000251294
0.000251294
0.000251294
0.000248796
0.000248796
0.000248796
0.000248796
0.000248796
0.000245999
0.000245999
0.000245999
0.000245999
0.000243824
0.00024349
0.00024349
0.00024349
0.00024349
0.00024349
0.000242461
0.000242461
0.000242461
0.000242461
0.000242461
0.000241609
0.000241609
0.000241609
0.000241609
0.000241609
0.0002409
0.0002409
0.0002409
0.0002409
0.000240046
0.000239834
0.000239834
0.000239834
0.000239834
0.000239834
0.000238753
0.000238753
0.000238753
0.000238753
0.000237171
0.000237171
0.000237171
0.000237171
0.000235072
0.000235072
0.000235072
0.000235072
0.000235072
0.000231587
0.000231587
0.000231587
0.000231587
0.000227307
0.000227307
0.000226401
0.000226401
0.000226401
0.000226401
0.000222719
0.000222719
0.000222719
0.000222719
0.000219069
0.000219069
0.000219069
0.000219069
0.000219069
0.000214889
0.000214889
0.000214889
0.000214889
0.00021209
0.000210922
0.000210922
0.000210922
0.000210922
0.000210922
0.000208995
0.000208995
0.000208995
0.000208995
0.000208995
0.000207154
0.000207154
0.000207154
0.000207154
0.000207154
0.00020577
0.00020577
0.00020577
0.00020577
0.00020472
0.00020472
0.000204534
0.000204534
0.000204534
0.000204534
0.000203768
0.000203768
0.000203768
0.000203768
0.000202791
0.000202791
0.000202791
0.000202791
0.000202791
0.000201143
0.000201143
0.000201143
0.000201143
0.000201143
0.00019847
0.00019847
0.00019847
0.00019847
0.00019847
0.000196266
0.000196266
0.000196266
0.000196266
0.000193701
0.000193701
0.000193701
0.000193701
0.000190011
0.000190011
0.000190011
0.000190011
0.000190011
0.000185969
0.00018515
0.00018515
0.00018515
0.00018515
0.00018515
0.000181924
0.000181924
0.000181924
0.000181924
0.000178867
0.000178867
0.000178867
0.000178867
0.000176113
0.000176113
0.000176113
0.000176113
0.000176113
0.000173284
0.000173284
0.000173284
0.000173284
0.000171546
0.000171192
0.000170865
0.000170865
0.000170865
0.000170865
0.000169807
0.000169807
0.000169807
0.000169807
0.0001689
0.0001689
0.0001689
0.0001689
0.0001689
0.000168288
0.000168182
0.000168182
0.000168182
0.000168182
0.000168182
0.000167779
0.000167779
0.000167779
0.000167779
0.000167347
0.000167347
0.000167347
0.000167347
0.000167347
0.000166811
0.000166811
0.000166811
0.000166811
0.000166365
0.0001663
0.0001663
0.0001663
0.0001663
0.0001663
0.000166114
0.000166114
0.000166114
0.000166114
0.000165931
0.000165931
0.000165931
0.000165931
0.000165563
0.000165563
0.000165563
0.000165563
0.000165563
0.000165025
0.000164914
0.000164914
0.000164914
0.000164914
0.000164589
0.000164589
0.000164589
0.000164589
0.000164589
0.000164102
0.000164102
0.000164102
0.000164102
0.000164102
0.000163765
0.000163765
0.000163765
0.000163765
0.000163819
0.000164018
0.000164018
0.000164018
0.000164018
0.000164018
0.000164731
0.000164731
0.000164731
0.000164731
0.000165752
0.000165752
0.000165752
0.000165752
0.000167003
0.000167003
0.000167003
0.000167003
0.000167003
0.000168737
0.000168737
0.000168737
0.000168737
0.000170465
0.000170803
0.000170803
0.000170803
0.000170803
0.000172078
0.000172078
0.000172078
0.000172078
0.000172078
0.000173136
0.000173136
0.000173136
0.000173136
0.000173136
0.000174127
0.000174127
0.000174127
0.000174127
