0.000485317
0.000488394
0.000491489
0.000482155
0.000219971
0.000695515
0.00288328
0.00655987
0.0111427
0.0156247
0.0192908
0.0213915
0.0216078
0.0200022
0.0169639
0.0129034
0.00796765
0.00796765
-0.00210021
-0.00652335
-0.0102667
-0.0135962
-0.0159233
-0.0174251
-0.0182194
-0.0183838
-0.0180469
-0.0172247
-0.0161461
-0.0149477
-0.0137128
-0.0122639
-0.0108542
-0.00961195
-0.00854002
-0.00763574
-0.00684703
-0.0062046
-0.00569583
-0.00533835
-0.00510894
-0.00495908
-0.00468295
-0.0044195
-0.00416497
-0.00391089
-0.00365809
-0.00329168
-0.00289376
-0.00247157
-0.00203924
-0.00155322
-0.00106343
-0.000573312
-8.01233e-05
0.0004122
0.000878027
0.00134631
0.00180581
0.00225513
0.00267798
0.00309315
0.00348989
0.00385908
0.0042182
0.00455823
0.00486806
0.00514938
0.00539019
0.00560837
0.00579836
0.00596258
0.00611514
0.00623979
0.00634042
0.00641046
0.00645494
0.00647778
0.00648018
0.00645786
0.00643045
0.00638082
0.00631167
0.00622118
0.00611894
0.00601181
0.00589442
0.00575031
0.00560353
0.00545819
0.00530243
0.00513308
0.00495967
0.00477636
0.00458446
0.00440095
0.00420708
0.00400772
0.00380214
0.00360053
0.00340441
0.00319706
0.00298477
0.00277043
0.00257655
0.00238545
0.00218783
0.0019887
0.00182043
0.00182043
0.00149735
0.00133847
0.00133847
0.000996499
0.00083738
0.00069065
0.000530663
0.000378092
0.000258041
0.000139525
2.72821e-05
-9.00686e-05
-0.000172265
-0.000244427
-0.000318222
-0.000392764
-0.000484166
-0.000484166
-0.000622225
-0.000682204
-0.000752241
-0.000810367
-0.000851811
-0.000886916
-0.000909966
-0.000926829
-0.000928029
-0.000925472
-0.000917986
-0.000910332
-0.00089947
-0.00089397
-0.000870231
-0.000848264
-0.000820966
-0.000803271
-0.000778679
-0.000741427
-0.000702364
-0.000662393
-0.000625005
-0.000589873
-0.00054009
-0.0004942
-0.000449592
-0.000400663
-0.000357617
-0.00030159
-0.00024724
-0.000202789
-0.000161655
-0.000107198
-4.14062e-05
1.39277e-05
7.04069e-05
0.000110383
0.000144821
0.000180174
0.000217877
0.000253473
0.000274958
0.000296168
0.000317941
0.000340655
0.000369615
0.00040447
0.000436172
0.000468359
0.00049463
0.000516042
0.000535513
0.00055971
0.000580687
0.000594853
0.000610734
0.000618933
0.000639055
0.000662091
0.000669844
0.000678276
0.000700896
0.000718337
0.000729328
0.000735918
0.000738181
0.000741975
0.000751146
0.000762086
0.000759651
0.00075714
0.000764268
0.000762708
0.000766504
0.000752519
0.000749982
0.000748385
0.000745047
0.00074373
0.000736205
0.000744207
0.000753807
0.00076439
0.000764227
0.000750278
0.000734944
0.000720065
0.000704525
0.000686841
0.00065777
0.000645711
0.000627099
0.000611186
0.000588177
0.000570816
0.000561426
0.000552568
0.000539492
0.000529354
0.000527631
0.000523156
0.000508077
0.000502661
0.000497379
0.000486094
0.00047915
0.000472594
0.000466687
0.000460412
0.000450513
0.000446224
0.000439457
0.000434759
0.000430533
0.000427172
0.000421721
0.000421505
0.000417417
0.000404447
0.000397057
0.000395882
0.000398434
0.000386033
0.000383768
0.000373646
0.000372507
0.000364797
0.00035762
0.000356096
0.000358803
0.000358803
0.000356474
0.000356617
0.000354474
0.000355903
0.000355683
0.000350856
0.000346096
0.000342799
0.000345502
0.000348286
0.000351489
0.000354838
0.000355778
0.000357054
0.000358792
0.000360547
0.000360617
0.000358522
0.000350414
0.000345365
0.00034977
0.000354097
0.000359606
0.000366918
0.00037086
0.000372722
0.000370842
0.000375551
0.000373677
0.000372314
0.000369484
0.000368176
0.00037174
0.000369065
0.000367201
0.000373297
0.000372173
0.000370202
0.000369926
0.000377121
0.000383978
0.000385717
0.000387537
0.000391171
0.000390244
0.000387118
0.000387126
0.000381653
0.000374791
0.000370837
0.000373222
0.000373294
0.000374045
0.000371862
0.000372746
0.000364589
0.000369903
0.000369903
0.000368517
0.000367792
0.000371052
0.000378061
0.000378506
0.00038236
0.000387815
0.00039607
0.000404522
0.000401143
0.000404906
0.00040735
0.000412043
0.000414336
0.000412417
0.000406207
0.000401494
0.000406389
0.000410352
0.000411904
0.000403711
0.000400308
0.000392376
0.000391291
0.000390586
0.00039177
0.00038544
0.000382878
0.000376022
0.000373868
0.000376621
0.000376671
0.000372136
0.000373111
0.000371389
0.000374013
0.000381976
0.000395569
0.0004057
0.000423824
0.000424468
0.000418156
0.000414889
0.000403282
0.000398879
0.000388672
0.000379028
0.000371647
0.00036069
0.00035565
0.000350046
0.000345493
0.000337283
0.000334985
0.000334954
0.000332206
0.000333627
0.000342781
0.000346657
0.000345811
0.000345239
0.000350052
0.000364042
0.000364042
0.000367193
0.000370155
0.000380247
0.000375678
0.000373444
0.000370178
0.000382359
0.000387346
0.000383164
0.000379263
0.000385678
0.000389428
0.000400194
0.000395457
0.000392604
0.00038534
0.000381791
0.000385102
0.000390891
0.000391617
0.000401307
0.000408641
0.000412787
0.000417509
0.000421833
0.000423437
0.000430015
0.000432719
0.000442314
0.000450413
0.000444409
0.00044109
0.000438114
0.000434154
0.000435614
0.000436406
0.000434936
0.000436037
0.000439685
0.000446179
0.00044499
0.000447927
0.000442908
0.00043941
0.000434782
0.000433007
0.000433808
0.000438002
0.000436028
0.000434965
0.000434977
0.000437346
0.000438662
0.000438662
0.000442495
0.000443978
0.000443791
0.000449955
0.000449955
0.000445318
0.000436576
0.000435107
0.000434812
0.00044186
0.000444929
0.000440447
0.0004377
0.000436295
0.000433236
0.000435031
0.000431569
0.000430845
0.000428353
0.000421508
0.000419891
0.0004238
0.00042058
0.000417713
0.000423832
0.000436753
0.000435421
0.000429826
0.000423119
0.000417697
0.00041825
0.000419741
0.000413255
0.000414311
0.000414993
0.000409466
0.000406361
0.000404448
0.000408526
0.0004066
0.000408211
0.000414478
0.000410725
0.000405293
0.000410202
0.000409797
0.0004092
0.000401673
0.000394231
0.000394581
0.000394581
0.000392232
0.00038371
0.000377004
0.000367128
0.000355943
0.000351433
0.000347282
0.000333736
0.000331538
0.000327853
0.000317809
0.000320579
0.000319668
0.000310512
0.00032
0.00032969
0.000337103
0.000346948
0.000354647
0.000362822
0.000367307
0.000372904
0.000373815
0.000377759
0.000378467
0.000367276
0.000363599
0.000363599
0.000359907
0.000356835
0.00035373
0.000363032
0.000366889
0.000374861
0.000379452
0.000384551
0.000399581
0.000415716
0.000423572
0.000440253
0.000452393
0.000455845
0.000456818
0.000453071
0.000455674
0.000450903
0.000450529
0.000443937
0.000443827
0.000443962
0.000445643
0.000452376
0.000452133
0.000468893
0.000476921
0.00048569
0.000490413
0.000503366
0.000510239
0.000533583
0.000531975
0.000531267
0.000524935
0.000523567
0.000509218
0.000499111
0.000478545
0.000475868
0.000466163
0.000466163
0.000443826
0.00043572
0.000429747
0.00042582
0.000423566
0.000422532
0.000425079
0.000427508
0.000435105
0.000438278
0.000437565
0.00044244
0.000434808
0.000436151
0.000424745
0.000421511
0.00041732
0.000410877
0.000414893
0.000417288
0.000411688
0.000408361
0.000408361
0.0004251
0.000428163
0.000437155
0.000437529
0.000444134
0.000453884
0.000462435
0.000465198
0.000474463
0.000486382
0.000495668
0.000503778
0.000515384
0.000517854
0.000526528
0.000533088
0.000543248
0.000545717
0.000541893
0.0005412
0.000537472
0.000533189
0.000536394
0.000529604
0.000527382
0.00053295
0.000534008
0.00052415
0.000524843
0.000522197
0.000523503
0.000532013
0.000537411
0.000541394
0.000546669
0.00054298
0.00054298
0.000528857
0.000526554
0.000521556
0.000518342
0.000506459
0.000496339
0.000496777
0.000491297
0.000490269
0.000490269
0.000484651
0.000481019
0.000481019
0.00048083
0.000470942
0.000486974
0.000499443
0.000513918
0.00050975
0.000508112
0.000508995
0.000499245
0.000488004
0.000481553
0.000478377
0.000469464
0.000466519
0.000452215
0.00044594
0.000441724
0.000429812
0.00041607
0.000412331
0.000404591
0.00039146
0.000379348
0.000368809
0.00035717
0.000344882
0.000332252
0.00032914
0.000327843
0.000320215
0.000327725
0.000337237
0.000341932
0.000349276
0.000348966
0.000348249
0.000353727
0.000361344
0.000363285
0.000368733
0.000373101
0.000373794
0.000373794
0.000392326
0.000400804
0.000407479
0.00041336
0.000417979
0.000426141
0.00042564
0.0004311
0.000434085
0.000436623
0.000434889
0.000429806
0.000426853
0.000428306
0.000432205
0.000426891
0.000420651
0.00041909
0.00041211
0.000417776
0.000408267
0.000407268
0.000395947
0.000397483
0.000393602
0.000388845
0.000386132
0.000387163
0.000390799
0.000391608
0.000397808
0.000402515
0.000409608
0.00041091
0.000411574
0.000419133
0.000420659
0.000420766
0.000417476
0.000419088
0.000416344
0.00041488
0.000418816
0.000416144
0.00041916
0.000412698
0.000413628
0.0004147
0.000416152
0.000422564
0.000434901
0.000434901
0.000451634
0.000457196
0.000454293
0.000457419
0.000460603
0.000463826
0.000464933
0.000467365
0.000477749
0.00048041
0.000487031
0.000496285
0.000504209
0.000510559
0.000514017
0.000513489
0.000512632
0.000520327
0.000519791
0.00052384
0.000521895
0.000524686
0.000517361
0.000516245
0.000511597
0.000511597
0.000502727
0.000506611
0.000502363
0.000495459
0.000490257
0.000490257
0.000483709
0.000480615
0.000474777
0.000469855
0.000470565
0.000468085
0.000464267
0.000459017
0.000447926
0.000442033
0.000438781
0.000434474
0.000432529
0.000437484
0.000440807
0.000447973
0.000446936
0.000443011
0.000435551
0.000434332
0.000433777
0.000426839
0.000419076
0.000422863
0.000422863
0.000416787
0.000411307
0.000416741
0.000415109
0.000409949
0.000408797
0.000404496
0.000402241
0.000408018
0.000408109
0.000408109
0.000418421
0.000419153
0.000419153
0.000424337
0.000430714
0.000427342
0.000431443
0.000436381
0.000435191
0.000439401
0.000437936
0.0004374
0.000432735
0.000429087
0.000424819
0.000425561
0.000427995
0.000430558
0.000419791
0.000417452
0.000411071
0.000414926
0.000409834
0.000403633
0.000409983
0.000412491
0.000413973
0.000414189
0.000407123
0.000413147
0.000412527
0.000416883
0.000410705
0.000415534
0.000426418
0.000429731
0.000435689
0.000433793
0.000429136
0.000429925
0.000435495
0.000443935
0.000439606
0.000439265
0.000439265
0.000442305
0.00044323
0.000440065
0.000443476
0.000443186
0.000443186
0.000437913
0.000444968
0.000453363
0.000442331
0.000440805
0.000434423
0.000438078
0.000446371
0.000459047
0.000460599
0.000459665
0.00046274
0.000463597
0.000459684
0.000462051
0.000454787
0.000454837
0.000451339
0.000447477
0.000442489
0.000435518
0.000436648
0.000439358
0.000438115
0.000435697
0.000431763
0.000432111
0.000434466
0.000439218
0.000435278
0.000438457
0.000437972
0.000440239
0.000444113
0.000442506
0.000439434
0.000439413
0.000443948
0.00044863
0.000444843
0.000446122
0.00044945
0.000457217
0.000466442
0.000464766
0.000464766
0.000465163
0.000470122
0.000462328
0.000459327
0.000460762
0.000465614
0.000465614
0.000468006
0.000457717
0.000462331
0.000473279
0.000482026
0.000486118
0.000486118
0.000484606
0.000491103
0.000494747
0.000491392
0.000491064
0.000490282
0.00049541
0.00049774
0.000498151
0.000500092
0.000501498
0.000502969
0.000505322
0.000499816
0.000495292
0.000506558
0.000515964
0.00051356
0.000515669
0.000515343
0.000523979
0.000528976
0.000528141
0.000530592
0.000526063
0.00053882
0.00054518
0.000547381
0.00054826
0.000551221
0.000557537
0.000561822
0.000562286
0.000560266
0.000568339
0.000575798
0.000589827
0.000587447
0.000583881
0.000576264
0.000577436
0.000569088
0.00055405
0.000548044
0.000550369
0.000562744
0.000555904
0.000555904
0.000531186
0.000539713
0.000544904
0.000536259
0.000533976
0.000539785
0.000543384
0.000539437
0.000529704
0.000530819
0.000537239
0.000542099
0.000557785
0.000556317
0.000552858
0.0005623
0.000567831
0.000571702
0.000567175
0.000575199
0.000577531
0.000574246
0.000562656
0.000548979
0.00054314
0.00054005
0.000534196
0.000527028
0.000515888
0.000496943
0.000495231
0.000487415
0.000487415
0.000488362
0.000488362
0.000495395
0.00049886
0.000498079
0.000497003
0.000496435
0.000504832
0.000502899
0.000500745
0.000508597
0.000516218
0.000517293
0.000519488
0.00052985
0.000532298
0.000530048
0.000534378
0.000531106
0.000523305
0.000515127
0.000508319
0.000503015
0.00050177
0.000497304
0.000494946
0.000482712
0.000480939
0.000482594
0.00048714
0.00048936
0.000488419
0.000485779
0.000485597
0.000482896
0.000478721
0.000480329
0.000472465
0.000470481
0.000480417
0.000474477
0.000475587
0.000475587
0.000479445
0.000486008
0.000498054
0.000503827
0.000498429
0.000512417
0.000519449
0.000535125
0.000543057
0.000546715
0.000541229
0.000551996
0.000556808
0.000558261
0.000539577
0.000542213
0.000560068
0.000570658
0.000572386
0.000594715
0.000612697
0.000624156
0.000633371
0.000634404
0.000632909
0.000628043
0.000625521
0.00061753
0.000605106
0.000590636
0.000581542
0.000571531
0.000559731
0.0005457
0.0005457
0.000547535
0.000554039
0.000557889
0.000561629
0.00057138
0.000576651
0.000578928
0.00059105
0.000589384
0.000591427
0.000590963
0.000597105
0.000595231
0.000593501
0.000608241
0.000607233
0.000611727
0.000610714
0.000612271
0.000613715
0.000613885
0.000622873
0.000633095
0.000634056
0.000625445
0.000618722
0.000617242
0.000609578
0.000597584
0.000590021
0.00057739
0.000570115
0.000563125
0.000566907
0.000560895
0.000557188
0.000557188
0.00055387
0.000555896
0.000555896
0.000562169
0.000558717
0.000553772
0.000553934
0.000552293
0.000547443
0.000542217
0.000543643
0.000544553
0.00054813
0.000549758
0.000544065
0.000545428
0.000536874
0.000535351
0.000531485
0.000533802
0.000535028
0.000533695
0.000532013
0.000533923
0.000538593
0.000540127
0.000545438
0.000545458
0.000548799
0.000548799
0.000556239
0.000552664
0.000557937
0.000566804
0.00057179
0.000579029
0.000574729
0.000574288
0.000581223
0.000585862
0.000588606
0.000591424
0.000588938
0.000588938
0.000598517
0.000596636
0.000594312
0.000588087
0.000589538
0.000589819
0.000592815
0.000586817
0.000590153
0.00058553
0.000586273
0.000579919
0.000587206
0.000592319
0.000592319
0.000592954
0.000598303
0.000599566
0.000597256
0.000600527
0.000602321
0.000604418
0.00060202
0.000599861
0.000607368
0.000604027
0.00060587
0.000601313
0.000603509
0.000598089
0.000595821
0.000593698
0.000591356
0.000583659
0.000580952
0.000575437
0.000574094
0.000569448
0.000575741
0.000575314
0.000573417
0.000570045
0.000572596
0.000575335
0.000567303
0.0005601
0.0005601
0.000559429
0.000560148
0.000564222
0.000565414
0.000564974
0.000574978
0.000579974
0.000586991
0.000585936
0.000591412
0.000590327
0.000593438
0.000593921
0.000590194
0.000590092
0.000589225
0.000589691
0.000584472
0.000584472
0.000595315
0.00059573
0.000600044
0.000601686
0.000595406
0.000591682
0.000595382
0.00059686
0.000600677
0.000600918
0.000600085
0.000597402
0.000594965
0.000595051
0.000587734
0.000586825
0.00059128
0.000587509
0.000582474
0.000581345
0.000582501
0.00058162
0.000582888
0.00058568
0.000590672
0.000593509
0.000588947
0.000589198
0.000589401
0.00059229
0.00058553
0.000582608
0.000579653
0.000577676
0.000566111
0.000569854
0.000561454
0.000560457
0.000559676
0.000555612
0.000560659
0.000565103
0.000557719
0.000567092
0.000563963
0.00056097
0.000566337
0.000569318
0.000572074
0.000572453
0.000576571
0.000578761
0.000590125
0.000597304
0.000602992
0.000614315
0.000635671
0.000644134
0.000638486
0.000630474
0.000621817
0.00060245
0.000584765
0.000563767
0.00055315
0.000538075
0.000522123
0.000523541
0.000521703
0.000514516
0.000516156
0.000522232
0.000526937
0.000522313
0.000522313
0.000519437
0.000530851
0.000532983
0.000530465
0.000526955
0.000536966
0.000552295
0.000552295
0.000562761
0.000566049
0.000562641
0.000576665
0.000571317
0.000580504
0.000573066
0.000586329
0.000586195
0.000585387
0.000585387
0.000580855
0.000583474
0.000575877
0.000575321
0.000574903
0.000583575
0.000584222
0.000580704
0.000578598
0.000582642
0.000580333
0.000581607
0.00058671
0.000591659
0.000592802
0.000595089
0.000596949
0.00059593
0.000599654
0.000601909
0.000601308
0.000600951
0.000601727
0.000604871
0.000607381
0.000619939
0.000624427
0.000626455
0.000622102
0.000618101
0.000618101
0.0006165
0.00062492
0.000640562
0.000640455
0.000640455
0.000624639
0.000615902
0.000611539
0.000608093
0.000600249
0.000590243
0.00057687
0.000574111
0.000566189
0.000557989
0.000554316
0.000549774
0.00054698
0.000546345
0.000540842
0.000534965
0.000527914
0.000532009
0.000537215
0.000547056
0.000555332
0.000557772
0.000555229
0.000557821
0.000555955
0.000548725
0.000539252
0.000528602
0.000527262
0.000525257
0.000518845
0.000521432
0.000529604
0.000532216
0.000532308
0.00053016
0.00052667
0.000526593
0.000530183
0.000532422
0.000538688
0.00053803
0.000549706
0.000551165
0.000562786
0.000564974
0.000570904
0.000575307
0.000575606
0.000577054
0.000578922
0.000578603
0.000574984
0.000575362
0.000574509
0.000575293
0.000573216
0.000579135
0.000578931
0.000575914
0.00058263
0.000582828
0.000580006
0.000579129
0.000579841
0.00057607
0.000575599
0.000575586
0.000579142
0.000581365
0.000585469
0.00058516
0.000587547
0.000587284
0.000580616
0.000584804
0.000579873
0.000576159
0.000573024
0.000567031
0.000563372
0.000559567
0.000556041
0.00056022
0.000559203
0.000570496
0.000571942
0.000568398
0.000566476
0.000557195
0.000557734
0.000560991
0.000554983
0.000549744
0.000551702
0.00055385
0.000552179
0.000556785
0.0005551
0.000555737
0.000556353
0.000562219
0.000558416
0.000556534
0.000554904
0.000549678
0.000553521
0.000550681
0.000565359
0.000561951
0.00056342
0.000570026
0.000572454
0.000566947
0.000566464
0.000569014
0.000562929
0.00056524
0.000566997
0.000564518
0.000551976
0.000554906
0.000559539
0.000561166
0.000563852
0.000566606
0.000573853
0.000575974
0.000574268
0.000578697
0.000584685
0.000584773
0.000589571
0.000589571
0.000594002
0.000589368
0.000591303
0.00058722
0.000580569
0.000569739
0.000561759
0.0005601
0.000560291
0.000559966
0.000555723
0.000552867
0.000549953
0.000543313
0.000547244
0.000547326
0.000542631
0.000544575
0.000535674
0.000535238
0.000544048
0.000544203
0.0005408
0.000542166
0.000542686
0.000546
0.000549043
0.000556865
0.000564
0.000565933
0.000570456
0.000570607
0.000567404
0.000567223
0.000570478
0.00057213
0.000573044
0.000572065
0.000562854
0.000559569
0.000559035
0.000559178
0.000554884
0.000554005
0.000554883
0.00055543
0.000560086
0.000563399
0.000559667
0.000555723
0.000558839
0.000559468
0.000548156
0.000543413
0.000548338
0.00054508
0.00053796
0.000535806
0.000535962
0.000539329
0.000533244
0.000536431
0.00053447
0.000540844
0.000546857
0.000548132
0.000543815
0.000546277
0.000543018
0.000538834
0.000533626
0.000529345
0.000527576
0.000529378
0.0005389
0.000537623
0.00053547
0.000535749
0.000531666
0.000526468
0.000527749
0.000523967
0.000521209
0.0005189
0.000516861
0.000511906
0.000509826
0.000507538
0.000510492
0.000509791
0.000509294
0.000509371
0.000521702
0.000522983
0.000522306
0.000520554
0.000521502
0.000522041
0.000530766
0.000533641
0.000532051
0.000540736
0.000539686
0.000538033
0.000542514
0.000540509
0.000537656
0.000532002
0.00053266
0.000525297
0.000517567
0.000516312
0.000508878
0.000503843
0.000508214
0.000507372
0.000506993
0.000503526
0.000498057
0.00049348
0.000495721
0.00050055
0.000503627
0.000497304
0.000499342
0.000497564
0.000501368
0.000512418
0.000510032
0.000515952
0.000518086
0.000512183
0.000506347
0.000507688
0.000510725
0.000513127
0.000509394
0.000498328
0.000495638
0.000506337
0.000503192
0.000503094
0.000496848
0.000493538
0.000493538
0.000490429
0.000488159
0.000488471
0.000482001
0.000481686
0.000484902
0.000482993
0.00048208
0.00048208
0.000490702
0.000496396
0.000499425
0.000506847
0.000523963
0.000540931
0.000547844
0.00054359
0.000540738
0.000530432
0.00052571
0.000515623
0.000508784
0.000495976
0.000492854
0.000484858
0.000482927
0.000480542
0.00047987
0.00047987
0.000474759
0.000476156
0.000482987
0.000492032
0.000493026
0.000502125
0.000501362
0.000500917
0.000495011
0.000493849
0.000499497
0.000497011
0.000494222
0.000486686
0.000486827
0.000481874
0.000482373
0.000481698
0.000479636
0.000479551
0.00047784
0.000475903
0.000476947
0.000475188
0.000472709
0.000471776
0.000478613
0.000479582
0.000480119
0.000478623
0.000478299
0.000475594
0.000475148
0.000474639
0.000474639
0.000482316
0.000482313
0.000486106
0.000475638
0.000476694
0.000481702
0.000481214
0.000486354
0.000486354
0.000481785
0.000481785
0.000486464
0.000482369
0.000481604
0.000484501
0.000491801
0.000490462
0.00049541
0.000488892
0.000482942
0.000477853
0.000473077
0.00047962
0.000476077
0.000477798
0.000480401
0.000476965
0.000480478
0.000484798
0.000493416
0.000492244
0.000491863
0.000492001
0.000491454
0.000493039
0.000493039
0.000487561
0.000490526
0.000486115
0.000492864
0.000498144
0.000501467
0.000493876
0.000499182
0.000509521
0.000509203
0.000505299
0.000508943
0.000504263
0.00050637
0.000504691
0.000500831
0.000499707
0.000497138
0.000498977
0.000502124
0.000513486
0.000524544
0.000531136
0.000531602
0.000526523
0.000524721
0.000525462
0.00052336
0.000516582
0.000510273
0.000507905
0.000513944
0.000509233
0.00050369
0.000501069
0.000506194
0.00050841
0.000511021
0.000514044
0.000512133
0.000519747
0.000529041
0.000531518
0.000530837
0.000533657
0.00053833
0.000543711
0.000556868
0.000556454
0.000570733
0.000570047
0.000569042
0.000566972
0.000564755
0.000554212
0.000553001
0.00055105
0.000549229
0.000542289
0.000543103
0.000550387
0.00055453
0.000551582
0.000558434
0.000564283
0.00058234
0.000590954
0.000585509
0.000585665
0.000589901
0.00058677
0.000589165
0.000587185
0.00058851
0.000589718
0.000597472
0.000597388
0.000590409
0.000587708
0.00059009
0.000586571
0.000575485
0.000566775
0.000561139
0.00056981
0.000567335
0.000553296
0.000553806
0.000558019
0.000569279
0.000569279
0.000581583
0.000579721
0.000593263
0.000615942
0.000618346
0.000604373
0.000598896
0.000590553
0.000590763
0.000583003
0.000579388
0.000577834
0.000601136
0.000617956
0.000628984
0.000632745
0.000628673
0.000605975
0.000578908
0.000549515
0.000512297
0.000494999
0.000483239
0.000476001
0.000473527
0.000464182
0.000470026
0.000483595
0.000498407
0.000512767
0.000520039
0.00053084
0.000552238
0.000562244
0.000561303
0.000556304
0.000549408
0.000552898
0.000546927
0.00053908
0.000521624
0.00051392
0.000504362
0.000491436
0.000475302
0.000464675
0.000453667
0.000445438
0.000434059
0.000428397
0.000428894
0.000426598
0.000420276
0.000418045
0.000420006
0.000411916
0.000399335
0.00039572
0.000377451
0.000359578
0.000355947
0.000348977
0.000345678
0.000351916
0.00035207
0.000356053
0.000368374
0.000381612
0.000395882
0.000410755
0.00042551
0.000448427
0.000468586
0.000485263
0.000504191
0.00051496
0.000535303
0.000545144
0.000551599
0.000557463
0.000572656
0.000578921
0.000585121
0.00059032
0.000600399
0.000598402
0.000599071
0.000615407
0.000603254
0.000605726
0.000595382
0.000582977
0.000583881
0.00060561
0.000620871
0.000611748
0.000587083
0.000547298
0.000512399
0.000512399
0.000418029
0.000370959
0.000335036
0.000287771
0.000255818
0.000242503
0.00024131
0.000236537
0.00022974
0.00022974
0.000240617
0.000266231
0.000298823
0.000323472
0.000340633
0.000367194
0.000394462
0.000401199
0.00039057
0.000383688
0.000376935
0.000375577
0.000367244
0.000351787
0.000355187
0.000366456
0.000372602
0.00037585
0.000385552
0.000398971
0.000402454
0.000396798
0.000391807
0.000379608
0.000367948
0.000354969
0.000348024
0.000337726
0.000326999
0.000328086
0.000334873
0.000340818
0.000353558
0.000362844
0.000378813
0.000402723
0.000422347
0.000447133
0.000463973
0.000487853
0.000511283
0.000524164
0.000536012
0.000548224
0.000561252
0.00056913
0.0005813
0.000597113
0.000606858
0.000608765
0.000600558
0.000604383
0.000599366
0.000602783
0.000610358
0.000611121
0.000615655
0.000616138
0.000614667
0.000621861
0.000622699
0.000623175
0.00061885
0.000618749
0.000618543
0.000621636
0.000626648
0.000623978
0.000622604
0.000616104
0.000625853
0.000626796
0.000621032
0.000619581
0.000616487
0.000610776
0.000606771
0.000601191
0.00059515
0.00058038
0.000569043
0.000560668
0.000551704
0.00054906
0.000553622
0.000545917
0.0005423
0.000533881
0.000531005
0.000528636
0.000524548
0.000532358
0.000536491
0.000534909
0.000537419
0.000538041
0.000530036
0.000524615
0.000523099
0.000522557
0.000519394
0.000513302
0.000516225
0.000514014
0.000512066
0.000509414
0.000504437
0.000503943
0.000504403
0.000504555
0.000501164
0.000498118
0.00050109
0.000508528
0.000505183
0.000518198
0.000514535
0.000510935
0.000507085
0.000505663
0.000501955
0.000499334
0.000494341
0.000491956
0.000488338
0.000482772
0.000475467
0.000465137
0.000464343
0.0004651
0.000461978
0.000462813
0.000466787
0.000482848
0.000490075
0.000496225
0.000496225
0.000498714
0.000497994
0.000502805
0.000503369
0.000502842
0.000502723
0.000506357
0.000503215
0.000511206
0.000509442
0.000503294
0.000497213
0.000495588
0.000501782
0.000502178
0.000505685
0.000523529
0.000546288
0.000573064
0.000585649
0.000602804
0.000609619
0.00061176
0.000614293
0.000600988
0.000587823
0.000569413
0.000559093
0.00055253
0.000545389
0.000545389
0.000550704
0.000550373
0.000559177
0.000570325
0.000588084
0.000602185
0.000600536
0.000599173
0.000603736
0.00062146
0.000628858
0.000633177
0.000631227
0.00061865
0.000609196
0.000596805
0.00058945
0.000571677
0.000565683
0.000560429
0.000554198
0.000545074
0.000547513
0.000557224
0.000561985
0.000563361
0.000559079
0.000556972
0.000565854
0.000572146
0.000568599
0.000558767
0.000548945
0.000551101
0.000541713
0.000517392
0.000499331
0.00047801
0.000461868
0.000451218
0.000439047
0.000439047
0.000419716
0.00041586
0.000419025
0.000417146
0.000409358
0.000396227
0.00039045
0.000391398
0.000391398
0.000394848
0.000394848
0.00040444
0.000418855
0.000430545
0.000440042
0.000438596
0.00044546
0.00046143
0.000468887
0.000483388
0.000499558
0.000518312
0.000539552
0.000570226
0.000584363
0.000597462
0.000597462
0.00061482
0.000624963
0.000635188
0.000638353
0.000644992
0.000636365
0.000636365
0.000642308
0.000628825
0.000624005
0.000622743
0.0006318
0.000632571
0.000644
0.000650394
0.000650875
0.000662879
0.000666766
0.00066945
0.000667058
0.000655489
0.000646606
0.000618249
0.000590597
0.00055455
0.000524751
0.000512214
0.000487525
0.000470829
0.000462504
0.000462103
0.000465933
0.000472244
0.00046491
0.00047885
0.000503414
0.000525084
0.000525084
0.000516851
0.000498522
0.000477877
0.000462521
0.000433384
0.000405294
0.000383652
0.00037667
0.00038229
0.000384194
0.00039088
0.000405356
0.000421954
0.000432056
0.000433495
0.000423073
0.000418448
0.000413292
0.000410458
0.000394778
0.000381464
0.000368479
0.000353704
0.000348464
0.000347948
0.000351224
0.000358704
0.000375085
0.000389604
0.000398944
0.000407186
0.000417507
0.000438248
0.000450173
0.0004671
0.00048408
0.000490525
0.000499748
0.000507942
0.000508901
0.000515978
0.000526764
0.000530834
0.000537492
0.00054504
0.00054504
0.000555079
0.000567411
0.000582101
0.00059842
0.000598075
0.000605629
0.000613503
0.000617293
0.000625852
0.000626728
0.000628191
0.000633789
0.000640638
0.000647724
0.000647505
0.000651895
0.000652552
0.000650263
0.000655205
0.00065207
0.0006515
0.000648333
0.000653567
0.000657073
0.000657073
0.000650673
0.000652382
0.000650273
0.000648934
0.000654612
0.000650301
0.000647107
0.000640075
0.000633159
0.00062985
0.000624855
0.000622894
0.000615697
0.000607337
0.000605272
0.000604432
0.000599011
0.000594608
0.000588831
0.000585038
0.000585038
0.00058562
0.000585663
0.000590475
0.000593428
0.000580231
0.000579195
0.000579135
0.000573515
0.00056923
0.000565839
0.000566275
0.000555119
0.000552605
0.000547243
0.000544888
0.000553457
0.000554251
0.00055236
0.000553862
0.000557735
0.000555971
0.000557531
0.000555307
0.000549314
0.000555373
0.000558895
0.000556206
0.000554809
0.000546998
0.000549968
0.00054139
0.000537561
0.000529209
0.000524342
0.000525063
0.00052962
0.000528913
0.000525535
0.000534253
0.000534253
0.000539869
0.000544245
0.000543263
0.000536762
0.000535937
0.000528669
0.00052221
0.000521958
0.000523135
0.000527318
0.000524024
0.000524852
0.000520663
0.000518706
0.000525542
0.000526665
0.000526739
0.000522648
0.000533729
0.000543316
0.00054982
0.000546183
0.000554608
0.000566965
0.000574536
0.000579432
0.000571962
0.000566274
0.000561286
0.000562538
0.000552966
0.000547677
0.000553695
0.000557329
0.00056096
0.000558466
0.000549485
0.000552002
0.000558593
0.000556888
0.000557016
0.000561222
0.000568266
0.000577632
0.000579369
0.000580413
0.000583072
0.000581594
0.000578998
0.000571661
0.000570726
0.000563328
0.000570112
0.000568503
0.000565197
0.000561778
0.000557593
0.000556342
0.000560827
0.000564174
0.000567341
0.000564817
0.000564817
0.000565429
0.000566129
0.00055907
0.000553101
0.000550415
0.000540681
0.000537654
0.000534619
0.00053409
0.000539636
0.000533668
0.000532373
0.000532818
0.00053124
0.000529685
0.000534351
0.000536384
0.000534772
0.000536445
0.000547589
0.000554935
0.000557974
0.000560562
0.000563076
0.000567044
0.000572947
0.000584531
0.000582085
0.000584796
0.000584043
0.000595621
0.000595119
0.000592749
0.000597623
0.000601493
0.000602448
0.000609669
0.000612008
0.000616028
0.000619229
0.000625131
0.000626152
0.000619783
0.000625299
0.000628067
0.000627814
0.000617465
0.00061758
0.000628079
0.000629005
0.000623917
0.000619969
0.000624898
0.000611794
0.000607681
0.000597342
0.000594967
0.000601605
0.000599962
0.000595311
0.000592236
0.000591883
0.000586096
0.000569619
0.000569619
0.000546998
0.000534844
0.000525688
0.000521806
0.000510507
0.000504314
0.000491433
0.000483617
0.000478298
0.000468501
0.000467025
0.000465784
0.000472392
0.0004692
0.000467143
0.00047562
0.000471267
0.000456143
0.000451742
0.000450929
0.000457938
0.000463019
0.000468739
0.000474493
0.000472878
0.000479407
0.000477428
0.000480886
0.000488885
0.000493427
0.000491987
0.000480691
0.000478533
0.000467325
0.000468971
0.000467509
0.00047556
0.000471987
0.000484355
0.000499595
0.000513864
0.000525344
0.000535157
0.000545005
0.00054951
0.000555598
0.000558437
0.00056153
0.00056153
0.000568619
0.000570649
0.000570725
0.000573463
0.000579819
0.000589779
0.000597299
0.00059886
0.000604434
0.000615137
0.000611042
0.000618887
0.000617502
0.000621088
0.000620918
0.000625567
0.000616911
0.000619803
0.000629092
0.000634475
0.000635943
0.000646407
0.000646557
0.000652294
0.000657098
0.000667014
0.000664753
0.000664338
0.000667225
0.000666424
0.000669081
0.000665547
0.000672531
0.000673735
0.000669084
0.000665073
0.00066958
0.000663879
0.000663839
0.000662392
0.000662868
0.000667589
0.000673238
0.000666546
0.000666546
0.000668722
0.000666084
0.000671531
0.000670766
0.000671417
0.000666148
0.000661519
0.000663118
0.000665613
0.000663761
0.00066178
0.00066062
0.000653428
0.000648231
0.00064752
0.000650565
0.000646199
0.000643501
0.000638651
0.000637539
0.000633562
0.00062887
0.000624423
0.000628206
0.000623282
0.000629285
0.000631814
0.000627152
0.000627008
0.000630047
0.000630129
0.000626246
0.000627481
0.00062506
0.000623576
0.000623001
0.00062481
0.000619709
0.000621369
0.000625132
0.000621664
0.000627931
0.000632544
0.000632078
0.000627631
0.000632455
0.000631343
0.000634878
0.000638899
0.000636668
0.000633675
0.000636685
0.000641705
0.000637436
0.000630381
0.000630381
0.00064231
0.000637376
0.000630389
0.000625008
0.000622788
0.000634178
0.000641668
0.000653519
0.000665741
0.000685947
0.000692555
0.000697278
0.000697075
0.000694246
0.000690458
0.000689852
0.000681736
0.000673708
0.000663243
0.000658789
0.00064777
0.000638746
0.000634291
0.000632036
0.000639114
0.000639419
0.000644348
0.000641806
0.00063841
0.000632741
0.000630642
0.000631787
0.000629484
0.000619054
0.000620895
0.000629338
0.000633805
0.00063046
0.000638705
0.000644258
0.000641714
0.000646153
0.000643968
0.000654963
0.00065261
0.00065882
0.000664355
0.000663749
0.000660237
0.00065676
0.000652273
0.000654439
0.000662335
0.000658032
0.000658032
0.000662485
0.000665727
0.000671701
0.000683572
0.000687351
0.000690704
0.000696058
0.00069992
0.000709875
0.000715508
0.00071403
0.000721037
0.000722061
0.000731642
0.000732173
0.000727774
0.000730055
0.000725188
0.000722627
0.000720515
0.00072154
0.000722591
0.000721781
0.000717038
0.000717704
0.00071834
0.000720401
0.000714627
0.000712978
0.000711812
0.000707883
0.00070312
0.000701865
0.000696212
0.000686134
0.000679684
0.000677781
0.000668713
0.000662563
0.000652672
0.000649317
0.000651247
0.000657483
0.00065684
0.000648977
0.000643655
0.000640533
0.000632216
0.000626835
0.000620007
0.000613706
0.000612261
0.000600898
0.000597168
0.000591702
0.000594264
0.000597268
0.000584301
0.000577975
0.000576517
0.000579769
0.000573817
0.0005623
0.000559559
0.000561039
0.000563872
0.000563795
0.000557405
0.000563415
0.000560841
0.000559659
0.000558675
0.000555123
0.000546673
0.000557408
0.000568912
0.000564005
0.000565692
0.000566497
0.000572896
0.000572896
0.000567263
0.000569119
0.000571553
0.000574855
0.000579313
0.000577401
0.000578925
0.000578925
0.000599454
0.000608379
0.000612437
0.000618318
0.000625604
0.000629837
0.000626825
0.000618817
0.000602802
0.000597283
0.000593678
0.000586716
0.000654905
0.000654905
0.000728305
0.000752153
0.000771051
0.000782014
0.000790399
0.000795718
0.000804452
0.000806104
0.000800569
0.000802704
0.000800774
0.00080408
0.000794169
0.000788815
0.00078719
0.00078719
0.000767541
0.00074519
0.000734119
0.00073077
0.000733756
0.000721753
0.000704311
0.000693371
0.000683727
0.000664339
0.000658445
0.000650968
0.000629978
0.00061819
0.000616468
0.000603379
0.000591528
0.000586687
0.00058255
0.000584324
0.000579984
0.000581635
0.00058441
0.000585322
0.000591808
0.000595548
0.000605508
0.000610134
0.00061633
0.000609095
0.000601866
0.000602543
0.000607209
0.000604936
0.00059719
0.000596962
0.000597954
0.000602818
0.000608293
0.000610381
0.000610833
0.000611524
0.000609648
0.00061621
0.000613852
0.000613769
0.000617331
0.000621276
0.000615731
0.000618845
0.000619094
0.000615058
0.000614739
0.000619082
0.000617176
0.000611988
0.000606778
0.000605424
0.000617395
0.000617073
0.000620714
0.000625123
0.000631162
0.000626436
0.000629885
0.00062863
0.000629616
0.000632715
0.000629559
0.000633562
0.000634688
0.000634976
0.000639235
0.000640041
0.000642369
0.000647365
0.00065179
0.000662328
0.000665858
0.000668456
0.000668519
0.000673804
0.00067483
0.000675558
0.000673072
0.00066997
0.000669982
0.000671843
0.00067355
0.000670365
0.000669251
0.00067157
0.000676328
0.000679721
0.000679497
0.000683619
0.000698168
0.000700983
0.000699556
0.000695728
0.000695916
0.00070607
0.000713829
0.000712517
0.000706855
0.000705875
0.000705799
0.00070011
0.000695698
0.00069016
0.000685104
0.000678932
0.000679393
0.000673014
0.000668552
0.000668611
0.000669736
0.000662593
0.000653573
0.000652847
0.000655491
0.000659901
0.000659494
0.000665249
0.000667661
0.000666412
0.000662354
0.000651978
0.000647133
0.00064664
0.000646137
0.000639695
0.000647138
0.000641712
0.000636753
0.00063885
0.00063994
0.00063761
0.000643406
0.00065212
0.000645775
0.000643409
0.000643538
0.000636891
0.000642238
0.000642605
0.000651784
0.00065947
0.000664547
0.000667543
0.000664658
0.000664142
0.000659395
0.000655904
0.000649604
0.000643901
0.000636793
0.000630767
0.00063034
0.000626224
0.0006253
0.000631319
0.000632552
0.000629563
0.000630289
0.000628351
0.000631204
0.000632577
0.00063606
0.000632235
0.000631608
0.000630951
0.00062863
0.000630543
0.000631458
0.000633247
0.000630386
0.000629635
0.000632063
0.000638047
0.000640554
0.00064446
0.000652869
0.000649392
0.000658083
0.000660929
0.00065587
0.000656346
0.000658473
0.00065906
0.000658473
0.00065871
0.000653816
0.000646834
0.000635082
0.000631528
0.000628351
0.000627659
0.000626479
0.000620191
0.000614059
0.000617806
0.000623724
0.000624962
0.000627884
0.000628321
0.000627986
0.000637488
0.000640515
0.000646621
0.000640563
0.000641605
0.000646953
0.000645181
0.000634993
0.000625298
0.000617411
0.00060823
0.00060081
0.000594662
0.000594628
0.000600391
0.000601449
0.000605771
0.000600996
0.000604106
0.000604159
0.000605564
0.000605564
0.000610868
0.000611097
0.000612051
0.000611937
0.00060492
0.000602549
0.000593874
0.000592818
0.000581679
0.000578945
0.000575846
0.000573214
0.000576334
0.000588398
0.000594572
0.000596015
0.000601239
0.000602577
0.000614391
0.000617407
0.000625898
0.000620528
0.000613863
0.000617984
0.00062523
0.000626304
0.000711042
0.000766476
0.000810221
0.000829953
0.0008397
0.000846948
0.000848808
0.000850673
0.000838396
0.000825972
0.00080764
0.000794033
0.00078446
0.000777711
0.000770156
0.000760778
0.000745862
0.000736078
0.000724333
0.000701177
0.000690513
0.000680945
0.000664317
0.000654244
0.000637137
0.000623133
0.000614017
0.000600632
0.000576347
0.000560098
0.000554496
0.000543021
0.000528889
0.000516948
0.000513966
0.000505272
0.000490366
0.000479711
0.000478489
0.00047276
0.000468203
0.000469509
0.00046084
0.000460857
0.000450214
0.000443657
0.000342022
0.000285818
0.000239276
0.00021913
0.00019874
0.000187836
0.000192952
0.000188742
0.000187661
0.000200201
0.000214401
0.000236437
0.00025288
0.000273369
0.000294142
0.000315124
0.000337745
0.000357309
0.000379159
0.000397383
0.000423118
0.000446103
0.000467497
0.000482692
0.000493703
0.000506478
0.000517479
0.000528793
0.000535844
0.000540041
0.000551012
0.000558252
0.000565083
0.00057414
0.000580161
0.000592871
0.00060244
0.000610292
0.00062613
0.000626799
0.000630684
0.000631766
0.000633979
0.000633362
0.000641137
0.000643547
0.000643837
0.000641005
0.000635552
0.000641254
0.000651683
0.000662567
0.000660961
0.0006599
0.000662599
0.000652873
0.000653137
0.000648338
0.000656436
0.000662453
0.000654709
0.000648962
0.000649675
0.00064896
0.000649743
0.000649092
0.000644997
0.000639615
0.000640598
0.000634066
0.000631273
0.000627483
0.000625042
0.00061661
0.000619501
0.000608945
0.00059742
0.000583108
0.000577086
0.000568337
0.000556246
0.00054476
0.000538811
0.000534214
0.000533261
0.000534032
0.000529488
0.000529739
0.000535226
0.000536542
0.000526313
0.00052223
0.000517693
0.000519452
0.000517627
0.000521726
0.00051823
0.00051823
0.000521261
0.00052129
0.00052836
0.000526144
0.000522183
0.000524055
0.000527187
0.000529238
0.000529504
0.000538757
0.000538757
0.000522228
0.000515441
0.000515016
0.000514423
0.00050951
0.000505322
0.000494565
0.000492976
0.000494438
0.00049355
0.000485993
0.000488262
0.000495328
0.000500163
0.0005059
0.000499881
0.000504253
0.000514568
0.000521145
0.000518031
0.000514897
0.00050738
0.000499073
0.000498699
0.000501789
0.00050782
0.000499058
0.000500708
0.000501411
0.000502155
0.000503629
0.000506781
0.000509989
0.000513602
0.000516123
0.000515197
0.000515392
0.000518935
0.00051541
0.000511242
0.000510437
0.000505848
0.000505154
0.000507719
0.000512495
0.000595512
0.000656969
0.000699613
0.000715655
0.000730213
0.000742684
0.000754241
0.000750975
0.000738556
0.00073764
0.000732774
0.000725136
0.00071686
0.000697073
0.000669241
0.000644464
0.000631407
0.000610658
0.000593151
0.00058194
0.000568976
0.000556453
0.000550339
0.000541171
0.000536643
0.00053496
0.000526213
0.000510979
0.000507567
0.000503456
0.000504671
0.000498058
0.000492838
0.000483394
0.000473062
0.000470532
0.000470636
0.000463913
0.000452482
0.000443707
0.000438665
0.000438154
0.000439159
0.000441769
0.000443136
0.000446249
0.000456219
0.000461147
0.000467931
0.000475907
0.000469955
0.000462746
0.00046619
0.000466761
0.000471998
0.000485334
0.000493389
0.000485157
0.000485727
0.000486319
0.000489897
0.000492681
0.00049384
0.000498109
0.000495613
0.000505003
0.000504275
0.000499696
0.00050156
0.000504938
0.000506588
0.00051487
0.000514691
0.000521275
0.000527062
0.000524643
0.000522707
0.000516577
0.000521385
0.000516523
0.000504777
0.000502957
0.000510967
0.000514714
0.000532579
0.000542738
0.000550241
0.000549247
0.000557183
0.000568904
0.000577619
0.000580077
0.000568569
0.000563224
0.000556856
0.000549841
0.000533181
0.000523625
0.000517217
0.000515362
0.000506959
0.000494832
0.000485562
0.000487174
0.000487991
0.000482641
0.000482641
0.000478886
0.000481268
0.000481566
0.000489456
0.000496075
0.000496075
0.000511372
0.000511372
0.000529251
0.000912264
0.00101786
0.000553397
-0.000339839
-0.00140202
-0.0024449
-0.00323116
-0.00370754
-0.00365589
-0.00332248
-0.00267683
-0.00177634
-0.000694755
0.000420956
0.00151354
0.00151354
0.00311233
0.00363629
0.00398756
0.00423621
0.00424847
0.00412371
0.00412371
0.00368482
0.00338339
0.00298371
0.00255906
0.00217362
0.0018406
0.00157733
0.00120553
0.000898564
0.000646481
0.000459248
0.000350849
0.000230242
0.000161612
0.000145304
0.000199082
0.000243712
0.000293206
0.000344471
0.000399485
0.00047935
0.000585737
0.00064122
0.000686549
0.000748054
0.000812207
0.000826907
0.000841601
0.000859908
0.00086636
0.000872593
0.000839158
0.000803995
0.000782996
0.000755064
0.000712281
0.000655101
0.000597955
0.000546787
0.000502268
0.00046728
0.000416892
0.000369585
0.000326657
0.000303933
0.000283603
0.000249586
0.000211175
0.000189944
0.000175421
0.000145759
0.000105573
6.66807e-05
3.29952e-05
1.96018e-05
1.46167e-05
-8.38875e-06
-3.41916e-05
-4.15661e-05
-2.7719e-05
-1.67825e-05
-2.29366e-05
-2.06258e-05
-1.60231e-05
-4.06851e-06
-1.25976e-05
-9.02861e-06
-9.02861e-06
4.20482e-06
3.20873e-05
3.20873e-05
7.10061e-05
0.000100176
0.000128802
0.000160783
0.000187273
0.000207194
0.00023485
0.000256583
0.000283135
0.000312519
0.000324581
0.000336093
0.000347759
0.000365091
0.000359312
0.000358087
0.000364671
0.000369052
0.000389367
0.000413964
0.000424401
0.000440517
0.000464045
0.000490721
0.000504455
0.000521075
0.000538558
0.000564718
0.000576031
0.00059693
0.000617264
0.000629928
0.000651234
0.000652064
0.000645072
0.000660347
0.000671273
0.000689116
0.000681803
0.000683299
0.000687429
0.000686838
0.000671038
0.000660051
0.000652641
0.000645009
0.000647047
0.000655699
0.000654579
0.000651806
0.000651137
0.000655789
0.000659729
0.000652528
0.000649089
0.000648014
0.000636894
0.000627445
0.00061495
0.000608302
0.00060273
0.000596091
0.000595179
0.000595507
0.000592969
0.000581037
0.00057361
0.000570612
0.000562372
0.000558708
0.000556185
0.000547202
0.000536261
0.000531929
0.000524039
0.000528408
0.000519578
0.000507742
0.000506185
0.000503348
0.000498191
0.00050494
0.000506098
0.000506329
0.000509295
0.000506788
0.000504062
0.000502792
0.000507389
0.000508307
0.000507017
0.000511286
0.000509356
0.000512461
0.000515698
0.000518388
0.0005158
0.000516235
0.000520111
0.000517792
0.000518177
0.000521886
0.000521886
0.000525954
0.000528714
0.000531685
0.00053413
0.000528964
0.000526545
0.000527743
0.000528288
0.000530848
0.000536722
0.000529786
0.000537627
0.000537401
0.000535651
0.000534068
0.000530156
0.000530156
0.000536637
0.000543757
0.000543757
0.000538482
0.000544318
0.000543371
0.00053752
0.000534371
0.000534371
0.000530921
0.000535216
0.00054045
0.000546576
0.000549533
0.000549533
0.000569159
0.000576408
0.000580036
0.000582097
0.000584737
0.000584639
0.000588217
0.00059215
0.000594616
0.000603113
0.000602555
0.000605514
0.000614618
0.000621414
0.000617573
0.000622962
0.000618321
0.000609784
0.000607515
0.000606809
0.000608884
0.00060614
0.000604469
0.000606514
0.000613571
0.000612531
0.000619801
0.000619913
0.000619913
0.000629362
0.000635073
0.000624952
0.000624918
0.000631295
0.000629952
0.00063424
0.000639736
0.000640505
0.000645261
0.000651826
0.000653979
0.000651131
0.000651659
0.000661393
0.000664862
0.000665487
0.000670013
0.00067028
0.000667997
0.000656859
0.000651326
0.000651153
0.000645695
0.000645998
0.000643189
0.000644446
0.000650123
0.000648638
0.000646527
0.000648743
0.000645131
0.000641317
0.000642291
0.000645371
0.00064252
0.000632614
0.000629853
0.000626683
0.000621162
0.000626096
0.000634741
0.000626973
0.000633898
0.000632819
0.000634336
0.000632367
0.000628153
0.000625787
0.000625222
0.000626789
0.000619382
0.000619074
0.000616125
0.00061751
0.000609225
0.000602875
0.000597993
0.000600271
0.000602012
0.00059992
0.000600369
0.00060044
0.000605961
0.000603892
0.000600053
0.000604152
0.000603436
0.000603966
0.000600946
0.000593573
0.00059017
0.000599609
0.00060303
0.000602102
0.00059636
0.000594269
0.000594845
0.000599361
0.000606687
0.0006069
0.000609897
0.000613493
0.000619227
0.000629664
0.000632269
0.000641201
0.00064694
0.000647128
0.000656742
0.0006586
0.000659298
0.000658783
0.000662466
0.000668373
0.000669373
0.000671624
0.00067362
0.000667768
0.000667656
0.000669781
0.000669781
0.000649165
0.00065354
0.00065513
0.000650415
0.00064953
0.000642253
0.000637518
0.000637105
0.000642465
0.000646028
0.00064368
0.00064184
0.000640996
0.000640502
0.000634407
0.000629852
0.000626388
0.000623783
0.000616578
0.000613726
0.000608327
0.000598132
0.000598261
0.000590122
0.000580946
0.000579665
0.000571766
0.000566463
0.000563997
0.000560119
0.000554466
0.000555303
0.000558257
0.000560261
0.000563855
0.000565965
0.000570672
0.000572901
0.000579201
0.000583613
0.000587969
0.000593231
0.000590224
0.000590495
0.000578582
0.000579751
0.00058077
0.000581387
0.000579239
0.000574648
0.000570989
0.000564384
0.000563229
0.000558903
0.000564189
0.000568747
0.000569062
0.000574239
0.00057118
0.000570595
0.000573453
0.00057744
0.00058009
0.000582544
0.000590513
0.000598765
0.000600779
0.000597756
0.000600382
0.000602333
0.000604213
0.000604213
0.000606893
0.000612629
0.00061269
0.000613524
0.000612281
0.000612034
0.000615479
0.00062271
0.000634395
0.000643761
0.000644962
0.000646942
0.000647151
0.000648642
0.000644713
0.000645725
0.000638477
0.000646717
0.000645038
0.000642922
0.000652338
0.000652132
0.000652551
0.000648001
0.00064421
0.000644521
0.000643604
0.000641071
0.000641955
0.000643512
0.00064844
0.000654504
0.000656347
0.000652547
0.000657228
0.000654447
0.000652847
0.000651688
0.000647513
0.000644001
0.000638852
0.000632801
0.000630779
0.000634557
0.000629801
0.000633521
0.000626045
0.00062517
0.00062316
0.000624149
0.000621697
0.000623681
0.000622049
0.000621502
0.000623158
0.000622701
0.000614494
0.000612737
0.000610663
0.000612965
0.000612562
0.000618304
0.000622982
0.000623882
0.000621602
0.000621602
0.000611911
0.000613789
0.000613789
0.000627026
0.000623459
0.00062126
0.000616615
0.000623737
0.00061994
0.00062425
0.000626625
0.000624895
0.000624571
0.000625062
0.000619086
0.00062929
0.000636598
0.000628591
0.00062395
0.000615783
0.000610499
0.000610214
0.000605812
0.000606247
0.000605018
0.000603198
0.000606772
0.000599727
0.000591355
0.000586708
0.000581527
0.000584387
0.000580438
0.000578598
0.000577661
0.000577641
0.000581543
0.00058129
0.000577659
0.000572515
0.000574288
0.000572408
0.000575548
0.000574271
0.00057059
0.00057059
0.000572566
0.000567543
0.000565823
0.000567993
0.000564872
0.000564872
0.000571015
0.000574022
0.000576089
0.000580564
0.000580106
0.000577741
0.000576129
0.000571043
0.000575914
0.000576819
0.000577857
0.000572587
0.000571836
0.000567057
0.000567101
0.00056286
0.000563656
0.000561452
0.000569104
0.000569005
0.000570808
0.000569567
0.00057706
0.000576017
0.00058359
0.00058359
0.000596609
0.000600432
0.000606102
0.000605553
0.000604303
0.000607767
0.000605597
0.000606939
0.000612408
0.000609399
0.000610138
0.000607153
0.000612155
0.00062119
0.000625779
0.000628449
0.000633223
0.000638678
0.000642313
0.000639927
0.000638384
0.000634546
0.000634572
0.000637853
0.000637853
0.000645049
0.000645357
0.000649657
0.000650517
0.000652359
0.000655992
0.00065894
0.00065407
0.000655384
0.000652954
0.000649977
0.000652653
0.000660423
0.000660635
0.00065919
0.000651267
0.000653869
0.000655515
0.000652389
0.000655939
0.000651371
0.000649556
0.000643334
0.000642529
0.000645414
0.000644022
0.00064098
0.000641569
0.000642296
0.00064127
0.000641829
0.000639227
0.000646035
0.000641289
0.000639035
0.00063571
0.000637764
0.000633486
0.000632099
0.000638094
0.000635131
0.000628894
0.00062681
0.000626416
0.000625694
0.000624827
0.000624827
0.000628944
0.000634627
0.00063643
0.000632458
0.000625372
0.000629652
0.000638682
0.000633304
0.000629374
0.000628457
0.000623624
0.000623229
0.000624654
0.000623588
0.000628751
0.000627346
0.000622176
0.000620515
0.000625679
0.000626066
0.000628519
0.000629482
0.000625493
0.000629553
0.000629406
0.000628529
0.000632421
0.000629723
0.000626063
0.000627907
0.000624726
0.000634594
0.000639169
0.000638805
0.000641855
0.000638184
0.000634607
0.000634987
0.000625332
0.000628223
0.000627325
0.00062873
0.000634861
0.000634087
0.000637119
0.000631606
0.000636832
0.000641037
0.000640224
0.000644902
0.000642529
0.000639648
0.000637946
0.000636803
0.000642843
0.000643853
0.000639929
0.000642769
0.000645612
0.00064533
0.000647458
0.000650713
0.000646915
0.000642844
0.000644066
0.000649355
0.000649701
0.000652913
0.000653205
0.000651475
0.000650982
0.000657035
0.000655415
0.000656407
0.000656377
0.000650856
0.000650993
0.00064815
0.000649614
0.000644959
0.000643498
0.000650103
0.000647044
0.000648793
0.000656368
0.000657255
0.000663059
0.00066729
0.000668582
0.000668517
0.000668728
0.000662713
0.000665811
0.000660216
0.000659302
0.000662855
0.000667742
0.000667895
0.000669115
0.000672061
0.000673197
0.000679972
0.000679044
0.000676919
0.000677065
0.000679718
0.000679811
0.000678589
0.000678616
0.000684149
0.000685516
0.000685015
0.000689599
0.000694146
0.000692024
0.000691899
0.000688459
0.000687083
0.000687833
0.00067986
0.000679879
0.000673596
0.000665396
0.000669263
0.000669889
0.00066751
0.000666199
0.000658237
0.00066075
0.00065342
0.000650098
0.000649772
0.000639404
0.000647305
0.000653121
0.00065925
0.00066326
0.000660228
0.000661632
0.000670267
0.000668205
0.000669689
0.000667354
0.000661524
0.000663438
0.000659421
0.000654897
0.000659548
0.000660381
0.000662543
0.000661215
0.000661628
0.000658628
0.000653295
0.000654431
0.000657688
0.000655983
0.000654563
0.000653173
0.000646668
0.000644588
0.000642213
0.00063793
0.000639802
0.000638642
0.000631046
0.000634613
0.000635446
0.000633021
0.000627386
0.000638046
0.000644417
0.000647317
0.000643049
0.000642893
0.000644847
0.000640477
0.000645066
0.000642175
0.000641455
0.000640174
0.000640285
0.000640738
0.000648702
0.000652735
0.0006552
0.000654252
0.000654252
0.000648797
0.00064632
0.000652439
0.000656161
0.000651797
0.000655296
0.000654135
0.000651262
0.000658769
0.000654789
0.000655233
0.000661532
0.000669536
0.000672552
0.000669315
0.000671714
0.000661837
0.000663782
0.000664406
0.000663224
0.000666614
0.000663079
0.000668003
0.000666911
0.00067213
0.000673875
0.000678614
0.000672555
0.000672142
0.000671601
0.000668505
0.000662366
0.000661144
0.000664575
0.000665553
0.000666502
0.000669409
0.000667231
0.000660955
0.000655968
0.000653207
0.000650313
0.00065034
0.000648186
0.000648409
0.000645812
0.000653336
0.00065817
0.000658001
0.000656597
0.000658929
0.00066052
0.00066059
0.00065786
0.000660997
0.000656873
0.000658821
0.000662352
0.000657674
0.000654703
0.000651491
0.000656159
0.000660004
0.000661438
0.000657697
0.000658751
0.00066313
0.000660525
0.000658228
0.000654364
0.000653485
0.000654383
0.000653955
0.000655336
0.000658052
0.000661251
0.000656038
0.000653587
0.00065268
0.000655689
0.00065597
0.000652469
0.000653708
0.000656824
0.00065983
0.000668349
0.000670277
0.00067284
0.000678649
0.00068811
0.000689417
0.00068843
0.00069243
0.00068756
0.000676087
0.000665018
0.000654602
0.000645711
0.000634691
0.000624817
0.000615292
0.000607628
0.00060575
0.000601954
0.000601583
0.000606562
0.000608675
0.000610188
0.000615149
0.000608035
0.000607375
0.000612039
0.000623009
0.000618464
0.000621156
0.000620722
0.000620722
0.000624101
0.000626222
0.000627506
0.00063186
0.000633587
0.000629235
0.000635671
0.000635155
0.000640122
0.000637347
0.000635546
0.000636256
0.000642725
0.000645209
0.000639892
0.000643548
0.000645971
0.000654104
0.000654028
0.000649564
0.000649444
0.00064725
0.000650853
0.000653087
0.000656133
0.000654086
0.000651091
0.000647195
0.000646594
0.00065346
0.000654789
0.000660725
0.000661816
0.000661786
0.000660828
0.000665468
0.000659985
0.000657383
0.000655721
0.000660084
0.000660177
0.000664543
0.000667161
0.000669309
0.00066962
0.000663424
0.000661067
0.000662929
0.000656115
0.000658789
0.000656037
0.000659285
0.000659642
0.000653602
0.000649022
0.000646292
0.000640647
0.000639116
0.000627387
0.000627297
0.000626861
0.000633205
0.000634153
0.000633884
0.000633618
0.000631591
0.000631894
0.000633733
0.000627471
0.000631438
0.000634874
0.000631266
0.000630591
0.000627439
0.000632246
0.000636469
0.000633971
0.000641732
0.000635619
0.000633461
0.000637945
0.000633038
0.000635119
0.000637524
0.000636251
0.000634825
0.000637993
0.000637576
0.000638876
0.000636053
0.00063095
0.000629461
0.000628899
0.000630037
0.000635297
0.000635464
0.000635331
0.000630935
0.000627098
0.000624993
0.000621995
0.000627191
0.000629128
0.000621726
0.000623985
0.000622048
0.000624752
0.000629766
0.000635705
0.000640398
0.000643803
0.000643118
0.000641786
0.000638554
0.000637981
0.000634703
0.000639113
0.000636928
0.00064379
0.000647189
0.000646787
0.000653258
0.000651346
0.00065315
0.000659497
0.000656934
0.000654299
0.000655879
0.000651408
0.000652991
0.000653044
0.00065448
0.00065887
0.000655231
0.000647121
0.000644342
0.000646474
0.000646021
0.000650991
0.000656113
0.000655948
0.000652997
0.000653685
0.000649799
0.000656915
0.000656216
0.000655552
0.000653687
0.000663473
0.000663007
0.000665642
0.000666514
0.000668535
0.000662483
0.000665043
0.000667433
0.00067233
0.000667254
0.000671342
0.000669325
0.000668441
0.000665916
0.000670535
0.000664045
0.000662167
0.000662906
0.000671874
0.000665185
0.000662714
0.000671683
0.000671389
0.000670826
0.000674686
0.000671172
0.000673563
0.000672769
0.000665112
0.00066557
0.000666752
0.000666926
0.000661786
0.000656447
0.000661692
0.000665572
0.000668628
0.000676314
0.000680354
0.000682278
0.000678045
0.000681654
0.000683802
0.000676124
0.000671752
0.00067181
0.000670598
0.000670687
0.000668878
0.000664263
0.000664256
0.000667881
0.000668506
0.00066858
0.000666743
0.000663591
0.000671018
0.000667857
0.000666459
0.000665367
0.000669946
0.000672338
0.000672997
0.00066918
0.00066756
0.000670503
0.00066581
0.000663869
0.000662333
0.000656966
0.000658854
0.000660059
0.000655178
0.000651285
0.000656081
0.000656081
0.000641833
0.000639378
0.000635024
0.000637018
0.000637048
0.000641653
0.000643748
0.000643593
0.000650504
0.000655758
0.000652274
0.000656599
0.000652155
0.000647274
0.000643232
0.00064961
0.000654824
0.000648309
0.000648309
0.000654689
0.000650118
0.000661493
0.000665178
0.000663048
0.000660483
0.000661984
0.000661001
0.000662189
0.000663948
0.000667859
0.000667121
0.000663202
0.00066129
0.00066129
0.000660095
0.0006576
0.000656886
0.000657809
0.000658571
0.0006613
0.000666863
0.00066718
0.000668981
0.000667385
0.000664656
0.000661406
0.000661421
0.000656279
0.000656883
0.000650853
0.000651092
0.000645969
0.000640895
0.000634982
0.000630021
0.000635861
0.000642145
0.00064238
0.000640103
0.000636617
0.000638142
0.000641183
0.000634566
0.000632775
0.000623431
0.000622389
0.000623363
0.000623411
0.00061964
0.00062109
0.000625173
0.000620709
0.000621128
0.000625828
0.000623006
0.000622224
0.000614218
0.000609303
0.000609913
0.000605965
0.000603858
0.000609662
0.000612855
0.000610903
0.000617266
0.000624015
0.000624833
0.000627654
0.000629803
0.000631332
0.000633516
0.000632379
0.000633663
0.000632711
0.000631445
0.000631908
0.000634334
0.000638624
0.000638624
0.000645759
0.000657221
0.000649209
0.000650607
0.000653069
0.00065327
0.000655176
0.000655014
0.00065905
0.000666564
0.000662073
0.000658142
0.00065722
0.000659573
0.000660151
0.000658022
0.000658751
0.000658014
0.000656468
0.000653074
0.000651428
0.000647111
0.000646559
0.000638749
0.00063519
0.000630348
0.00062345
0.000624849
0.000621158
0.000616582
0.000612899
0.000609556
0.000607504
0.000614693
0.000616064
0.000613542
0.000615322
0.000621369
0.000617789
0.000626188
0.000627275
0.000632178
0.000628287
0.000633615
0.000634169
0.000634508
0.000632735
0.000634214
0.000639037
0.000643715
0.000642212
0.000643639
0.000644508
0.000644086
0.00064321
0.000642978
0.000641727
0.000644465
0.000641824
0.000643465
0.000644196
0.000647429
0.000645667
0.000645692
0.000651637
0.000653413
0.000650114
0.000649046
0.000642949
0.000639073
0.000642625
0.000647706
0.000644395
0.000643807
0.000649548
0.000642092
0.000640483
0.00064047
0.000641434
0.000648775
0.000650574
0.000645994
0.000645032
0.000640394
0.000642256
0.00064387
0.000652459
0.000650913
0.000647654
0.000650238
0.000652756
0.000652232
0.000653305
0.000647817
0.000652022
0.000646349
0.000645417
0.000655101
0.000655101
0.000658376
0.000656415
0.00064976
0.000648307
0.000658265
0.000662617
0.000672046
0.000679518
0.000673007
0.000669501
0.000668731
0.000668731
0.000677231
0.00067941
0.000673165
0.000673042
0.000672428
0.000670856
0.000668142
0.000661787
0.000665483
0.00066587
0.000664737
0.000667725
0.000662937
0.000662937
0.000664057
0.000664057
0.000664354
0.000664979
0.000660205
0.000665534
0.000665534
0.000668514
0.000665799
0.000666264
0.00066744
0.000664538
0.000663758
0.000666075
0.000666075
0.000666042
0.000666484
0.000667913
0.000671661
0.000669912
0.000675407
0.000679797
0.00067734
0.000682929
0.000676866
0.000674031
0.000675154
0.000672919
0.000675492
0.000676374
0.000680923
0.000683249
0.000678418
0.000678981
0.000670144
0.000670144
0.000674414
0.000675341
0.000677625
0.000677763
0.000678444
0.000677547
0.000672003
0.000671709
0.000670131
0.000666725
0.00066505
0.000662641
0.000663244
0.00066099
0.00066099
0.00066416
0.00066548
0.00066802
0.000671583
0.000668936
0.000668311
0.000665852
0.000668556
0.00067094
0.000668385
0.000661814
0.000663191
0.000663395
0.000658281
0.000660297
0.000655218
0.000655916
0.000652448
0.000654816
0.000650644
0.000647487
0.000643775
0.000636562
0.00063438
0.000635782
0.000634412
0.00064103
0.000633815
0.000641084
0.00064672
0.000652927
0.000652927
0.000656823
0.000661771
0.000655977
0.000655541
0.000657119
0.000654032
0.000653051
0.000651037
0.000650407
0.000649221
0.000650415
0.000650712
0.000651893
0.000647085
0.00065218
0.000651987
0.000651791
0.000652702
0.000650354
0.000649768
0.000654796
0.000659283
0.000667254
0.000672222
0.000675823
0.000682442
0.000684598
0.000682165
0.000681486
0.000677716
0.000677716
0.000674951
0.000672883
0.000679313
0.00068219
0.000673677
0.000673657
0.000673364
0.000663659
0.000662581
0.000660612
0.000660477
0.000660626
0.000660788
0.000662566
0.000661918
0.000659938
0.00065273
0.000656521
0.000653294
0.000653836
0.000657059
0.000660798
0.000660378
0.000660119
0.000664471
0.000672699
0.000676805
0.000665651
0.000666448
0.000669475
0.000667516
0.000666492
0.000677042
0.000672737
0.000668942
0.000673163
0.000670675
0.000677244
0.000684416
0.000690576
0.000692075
0.000692429
0.000695183
0.000701749
0.000700997
0.000700997
0.000707007
0.000710985
0.000712427
0.00071416
0.000714181
0.000717896
0.000716796
0.000715187
0.000716149
0.000714413
0.000713927
0.000715628
0.000711534
0.000719105
0.000714397
0.00070865
0.000713684
0.000705109
0.000707437
0.000707558
0.000699461
0.000705673
0.000701586
0.000701293
0.000704063
0.000703456
0.000702462
0.00070887
0.000714105
0.000708413
0.000717576
0.000717526
0.000722954
0.000731002
0.000727481
0.000727075
0.000726858
0.000725148
0.000724718
0.00072846
0.000727841
0.000728432
0.000736743
0.000732685
0.000725602
0.000723852
0.00072476
0.000731269
0.00073715
0.000736017
0.0007345
0.000739199
0.000745211
0.000744949
0.000748013
0.000746315
0.000744812
0.000749537
0.000748107
0.000755749
0.000752275
0.000759717
0.000761086
0.000764548
0.000765176
0.000762531
0.000763225
0.000758502
0.000755858
0.000749816
0.000749097
0.000747129
0.000747817
0.000751325
0.000757975
0.000757574
0.000760602
0.000759857
0.000764569
0.00077496
0.000778159
0.000779516
0.000784397
0.000793239
0.000794914
0.000789488
0.000786609
0.000791796
0.000797854
0.000795829
0.000792932
0.000790687
0.000791348
0.000783137
0.000782096
0.000783723
0.000780774
0.000771862
0.000766481
0.00076758
0.000764136
0.000765922
0.000762852
0.000755919
0.000750286
0.000749193
0.000746954
0.000742164
0.000735143
0.000739606
0.000741871
0.000746249
0.000743256
0.000748929
0.000753016
0.00075865
0.000757021
0.00076157
0.00076413
0.000768948
0.000776325
0.000785232
0.000786615
0.000785974
0.000785968
0.000782094
0.000782786
0.000778702
0.000776925
0.000774381
0.000771395
0.000771089
0.000776625
0.000777501
0.00077786
0.000777688
0.000777228
0.000781919
0.000783801
0.000787776
0.000785916
0.000789983
0.000789129
0.000794424
0.00080014
0.000800812
0.000801321
0.000804292
0.000800733
0.000799334
0.000803067
0.000799709
0.000802885
0.000805046
0.000805774
0.000811253
0.000814734
0.000817613
0.000818805
0.000817789
0.000812211
0.000807775
0.000806939
0.000804165
0.000804338
0.000813414
0.000810199
0.000807688
0.00080639
0.000803919
0.000804391
0.000804104
0.000805534
0.000803914
0.000800315
0.000797784
0.000799494
0.000791099
0.000783947
0.000786522
0.000790011
0.000797274
0.000801094
0.000797917
0.000798929
0.000791524
0.000789614
0.000791881
0.000786543
0.000779779
0.000778494
0.000783808
0.000780663
0.000783316
0.000794638
0.000792425
0.000799902
0.000803367
0.000803343
0.000799219
0.000805022
0.000809861
0.000804953
0.000802376
0.000800625
0.00080246
0.00080763
0.000807528
0.000808446
0.000813366
0.000817828
0.000811922
0.000819871
0.000822513
0.000830413
0.00082775
0.000826256
0.000826208
0.000834491
0.000830836
0.000825623
0.000820804
0.000820137
0.000818062
0.000818623
0.000816997
0.000816337
0.000822732
0.000818162
0.000823382
0.000818594
0.000821442
0.00082583
0.000822587
0.000816057
0.00081611
0.000809809
0.000806968
0.000800008
0.000800539
0.000801998
0.000805606
0.000806201
0.000809087
0.000804436
0.000805097
0.00080416
0.000811663
0.000818058
0.000811695
0.000813491
0.000814657
0.000811996
0.000812819
0.000813894
0.000812787
0.000812017
0.000810343
0.000807184
0.000805774
0.000798721
0.000796201
0.000798347
0.000801712
0.000802972
0.00080001
0.000804539
0.000805402
0.000798081
0.000800111
0.000797829
0.000799569
0.000800131
0.000795165
0.00080089
0.000800916
0.000800916
0.000798772
0.00079912
0.00079791
0.000800507
0.000801467
0.00080067
0.000801581
0.000803379
0.000808346
0.000811709
0.000811736
0.000813263
0.000814532
0.000814362
0.000818355
0.000815225
0.000812934
0.000810987
0.000808076
0.000813082
0.000809462
0.000808351
0.000807992
0.000805764
0.000802572
0.000806129
0.000798051
0.000798051
0.000796569
0.0007936
0.000795076
0.000797999
0.000801076
0.000796391
0.000796728
0.000796728
0.000794981
0.000793116
0.00079357
0.000788502
0.000791441
0.000786869
0.00078581
0.000782046
0.000787237
0.000781536
0.00078214
0.000783895
0.000783617
0.000783643
0.000787394
0.000788242
0.000793611
0.000798856
0.000799729
0.000808153
0.000806774
0.000802298
0.000797918
0.000802261
0.000803622
0.000809091
0.000804591
0.000808666
0.000809069
0.0008122
0.000811075
0.000808583
0.000813974
0.000816103
0.000817716
0.000817946
0.000819204
0.00081966
0.000813386
0.000814029
0.00081168
0.000811765
0.000811587
0.000809898
0.000810235
0.000811031
0.000812745
0.0008084
0.000804607
0.000811833
0.000809374
0.000811646
0.000817238
0.000817665
0.000817495
0.000818107
0.000814214
0.000815304
0.000810853
0.000813488
0.000816495
0.000821628
0.000822462
0.000816527
0.000808233
0.000816053
0.000812532
0.000808884
0.000808127
0.000808831
0.000804445
0.000815407
0.00082128
0.000817553
0.000824848
0.000826147
0.000820166
0.000822352
0.000821711
0.000827098
0.000823377
0.000817219
0.000815351
0.000818454
0.000825856
0.00081572
0.000813019
0.000811749
0.000810824
0.000812933
0.000812339
0.000812655
0.000809885
0.000813321
0.000817559
0.000823506
0.000822319
0.000822192
0.000818166
0.000818254
0.000820564
0.000819323
0.000823428
0.000823428
0.000816505
0.000816676
0.000815742
0.000812653
0.000811901
0.000821006
0.000824318
0.000816399
0.000817171
0.000819139
0.000814453
0.000805971
0.000808283
0.000797988
0.000803431
0.000801679
0.000794419
0.000794419
0.000789464
0.000789262
0.00078721
0.000786991
0.000781419
0.000777264
0.00077795
0.000776744
0.000778837
0.000775359
0.00076788
0.000763715
0.000762922
0.000762753
0.000763771
0.000762914
0.000767276
0.000765245
0.000765245
0.000768646
0.000774061
0.000779981
0.000781214
0.000779011
0.00078339
0.000790283
0.000785963
0.000788263
0.000790358
0.000789887
0.000792115
0.000792726
0.000794139
0.000795342
0.000794056
0.000791373
0.000797211
0.000791986
0.000793695
0.00080094
0.000804983
0.000804926
0.000803937
0.00080998
0.000807503
0.000807233
0.000806784
0.000804729
0.000800032
0.000801057
0.000798897
0.000798529
0.000788737
0.000784232
0.00078548
0.00078548
0.000785969
0.000777982
0.000773503
0.000775141
0.000773692
0.000767314
0.000766026
0.00076628
0.000763245
0.000756667
0.000758015
0.000765396
0.000765396
0.000767941
0.000762829
0.000764998
0.000766447
0.000763193
0.000760744
0.000756479
0.000761939
0.000763365
0.000759405
0.000757343
0.000759049
0.000755265
0.000758388
0.000755761
0.000757557
0.000755547
0.000755547
0.000756622
0.000752241
0.000750982
0.000751627
0.000755972
0.000758829
0.000761232
0.000760229
0.000759522
0.000761054
0.00076624
0.000772266
0.000777984
0.000784089
0.000786839
0.000792024
0.000791132
0.000791614
0.000795755
0.000798205
0.000795219
0.000793006
0.000787055
0.00078405
0.000788561
0.000786277
0.000791186
0.000782813
0.000782654
0.000783639
0.000785373
0.000789406
0.000794652
0.0007962
0.000789978
0.00078046
0.000778831
0.000774294
0.000776053
0.000769956
0.000768108
0.000766712
0.000765413
0.000761434
0.000762617
0.000767855
0.000773212
0.00077585
0.000776047
0.000771083
0.000770336
0.000769406
0.000767012
0.000759372
0.000759767
0.000760975
0.000758831
0.000763423
0.000770523
0.000769707
0.000763907
0.000758801
0.000757978
0.000761968
0.00076181
0.000767215
0.000766752
0.000764237
0.000768291
0.000767788
0.000766361
0.000770012
0.000771101
0.000773306
0.000771359
0.000773145
0.000770781
0.000770124
0.00077664
0.00077664
0.000770828
0.000773432
0.000775802
0.000769613
0.000772395
0.000765474
0.000767689
0.000763689
0.000766889
0.000771743
0.00076976
0.000772027
0.000768491
0.000772723
0.000772722
0.000773304
0.000776888
0.000776236
0.000784876
0.000787036
0.000788797
0.0007905
0.000791184
0.000790216
0.00079464
0.000795412
0.000797679
0.000805692
0.000809302
0.000809735
0.000814189
0.000816062
0.000816062
0.000806323
0.000804488
0.00080059
0.000800303
0.000798147
0.000798228
0.000787435
0.000787435
0.000776955
0.000771263
0.000778319
0.000783963
0.0007813
0.000783344
0.000783837
0.000781452
0.000775478
0.000776203
0.000768094
0.00077171
0.00077171
0.000772691
0.00077681
0.000776946
0.000784871
0.000780919
0.000782057
0.000784779
0.000777952
0.000782631
0.000782839
0.000788928
0.000788063
0.00078714
0.00079128
0.000793458
0.000796191
0.000796424
0.000792745
0.00079826
0.000796329
0.000795173
0.00079259
0.000790883
0.000795112
0.00079661
0.000801143
0.000800308
0.000801639
0.000800542
0.000799228
0.000800946
0.000800591
0.00080512
0.000802925
0.000801169
0.000800223
0.000803821
0.000810093
0.000804778
0.000805899
0.000805143
0.000806686
0.000809203
0.000812195
0.000818638
0.000815187
0.000824979
0.000829206
0.000828224
0.000835926
0.000828227
0.000830536
0.000831786
0.000833968
0.000833445
0.000832591
0.000835111
0.000832273
0.000831878
0.0008356
0.000833509
0.000828467
0.000825551
0.000821428
0.000828289
0.000825275
0.000829396
0.000832136
0.000827346
0.000822751
0.000827119
0.000823498
0.000820147
0.000810641
0.000814145
0.000818771
0.000822677
0.000824636
0.000825899
0.000831497
0.000826384
0.000823308
0.00082536
0.000830834
0.000828815
0.000831746
0.000836897
0.000841534
0.000836636
0.000837104
0.000832713
0.000830497
0.000830647
0.000838197
0.000837639
0.00083436
0.000829188
0.000824872
0.000823113
0.000818687
0.000819674
0.000817926
0.000815873
0.000820556
0.000824456
0.00082252
0.000824054
0.000827106
0.000825776
0.00081989
0.000821885
0.000819314
0.000823719
0.000825846
0.000832309
0.000829261
0.000837765
0.000838886
0.000843712
0.000846132
0.000851269
0.000851269
0.000848262
0.000853928
0.000854621
0.000849133
0.000860593
0.000857698
0.000855232
0.000855299
0.000854984
0.000857319
0.0008623
0.000860999
0.000865126
0.000860989
0.000854199
0.000854846
0.000854866
0.000853053
0.000843467
0.000843885
0.000842998
0.000843781
0.000845446
0.000845994
0.000846941
0.000847571
0.000839263
0.000834318
0.000830319
0.000822438
0.000823768
0.00082266
0.000822623
0.000820511
0.000825695
0.000827041
0.000829072
0.000825754
0.000826004
0.000823472
0.00082515
0.000828415
0.000826899
0.000829821
0.000824497
0.000821893
0.000825382
0.000829635
0.000825587
0.000829402
0.000835136
0.000837442
0.000837907
0.000836967
0.000841727
0.000839092
0.000836044
0.000835247
0.000833416
0.000827611
0.000823334
0.000820459
0.000822842
0.0008228
0.000814679
0.000817808
0.000816433
0.000814351
0.000818527
0.000813766
0.000810714
0.000811593
0.000819356
0.00081538
0.000817005
0.000821188
0.000825171
0.000824841
0.000819221
0.000816892
0.000819474
0.000817816
0.000817683
0.000817683
0.000813604
0.000812882
0.000810219
0.000805355
0.000810972
0.000810683
0.000814507
0.000807045
0.000800493
0.000795566
0.000793842
0.000790268
0.000788679
0.000792028
0.000788613
0.000791165
0.00079421
0.000792857
0.000798164
0.000796308
0.000795192
0.000797142
0.000794633
0.000795947
0.000801042
0.00079866
0.000799282
0.000801609
0.000797846
0.000792132
0.000787291
0.000785981
0.000788947
0.000790317
0.000790971
0.000789508
0.000790002
0.000794057
0.000789859
0.000791485
0.000794352
0.000787351
0.00078493
0.000786967
0.000791867
0.000787428
0.000789632
0.000786498
0.000788748
0.000784875
0.000786574
0.000780412
0.00077888
0.000774985
0.000779064
0.000776785
0.000772116
0.000773086
0.000775048
0.000777934
0.000776031
0.000765201
0.000767463
0.000762913
0.000759905
0.000763571
0.000765817
0.000767605
0.000766904
0.000765732
0.000766148
0.000767524
0.000771916
0.000773547
0.000774537
0.000769437
0.000764307
0.000767112
0.000777466
0.000772897
0.000770709
0.000774137
0.000777423
0.000772694
0.000766367
0.000769011
0.00076755
0.000772596
0.000770771
0.000774642
0.000772364
0.000767721
0.000770412
0.000769678
0.000761825
0.000756188
0.000754362
0.000749084
0.000755502
0.000752554
0.000751558
0.000749941
0.000747981
0.000746486
0.000748331
0.000737783
0.000729992
0.000727763
0.00072604
0.000723186
0.000721257
0.000717631
0.000722632
0.000729146
0.000731342
0.000733435
0.000731096
0.000729211
0.000735482
0.000734613
0.000726915
0.00072712
0.000732006
0.000733581
0.000729607
0.000729249
0.000729214
0.000725377
0.000726499
0.000730793
0.000734129
0.00073374
0.000734582
0.000731777
0.000730239
0.000734581
0.000723793
0.000725383
0.000719654
0.000714561
0.000720042
0.000711105
0.000707392
0.00071008
0.000711922
0.000712829
0.000713579
0.000708628
0.000707051
0.000704939
0.000705162
0.000708196
0.000706577
0.000705591
0.00070862
0.000707779
0.000713854
0.000709233
0.000703589
0.000709001
0.000706376
0.000697674
0.000702985
0.000707068
0.000700857
0.000695908
0.00070808
0.000703569
0.000699635
0.000696072
0.000691951
0.00068587
0.000679202
0.000680185
0.000687151
0.000688568
0.000689899
0.00069521
0.000694879
0.000696446
0.000698317
0.000697982
0.000700066
0.000695568
0.000694834
0.000699013
0.000694443
0.000695572
0.000699759
0.000703783
0.000700677
0.000696904
0.000693101
0.000695985
0.000693509
0.00068956
0.000686116
0.000682645
0.000674422
0.000671765
0.000669064
0.000660899
0.000665862
0.000658338
0.000659659
0.000657012
0.000664734
0.000666055
0.000668498
0.000670643
0.000670419
0.000667984
0.000665951
0.000664937
0.000667504
0.000668451
0.00066144
0.000657652
0.000652466
0.000656653
0.000660029
0.000657141
0.000657265
0.000657813
0.00065204
0.000649825
0.000642766
0.000633555
