7.18743e-06
8.78816e-06
9.04241e-06
1.30506e-05
1.5496e-05
1.5496e-05
2.13671e-05
2.48301e-05
2.41255e-05
3.21999e-05
3.68483e-05
4.19288e-05
4.1282e-05
4.68128e-05
5.92976e-05
6.62876e-05
7.37996e-05
7.21405e-05
8.88013e-05
8.88013e-05
9.79851e-05
0.000114816
0.0001248
0.000136455
0.000148769
0.00016176
0.000175445
0.000183478
0.000198599
0.000214462
0.000214462
0.000240423
0.00025861
0.000277604
0.000277604
0.000318073
0.000326032
0.000348407
0.000348407
0.000395825
0.000406188
0.000423114
0.000450059
0.000450059
0.000506838
0.000536702
0.000545712
0.000545712
0.000610505
0.000644462
0.000653672
0.000689759
0.000726931
0.000765204
0.000771281
0.000771281
0.000853444
0.000853444
0.000896248
0.000933304
0.000979645
0.00102719
0.00107595
0.00107595
0.00111381
0.00111381
0.00122006
0.0012751
0.00125296
0.00129378
0.00135272
0.00135272
0.0014746
0.00153757
0.00148046
0.00161047
0.00167755
0.00174602
0.00170344
0.00177474
0.00184747
0.00184747
0.00199724
0.00194214
0.00202068
0.00210071
0.00210071
0.00208547
0.00217
0.00212652
0.00230015
0.00230015
0.00247994
0.00241168
0.00241168
0.00250548
0.00269783
0.00263165
0.00273182
0.00273182
0.00293702
0.00304206
0.00272098
0.00282932
0.00282932
0.00305098
0.00211344
0.00234181
0.00245853
0.00257695
0.00269708
0.00180073
0.00204615
0.00217145
0.00229849
0.00242728
0.00166004
0.00179235
0.00192643
0.00206228
0.00144169
0.00119876
0.00133998
0.00133998
0.00162786
0.00119025
0.00119025
0.00148905
0.00164121
0.00179521
0.000785476
0.00109903
0.0012586
0.00142004
0.00158335
0.000680567
0.000680567
0.00101662
0.00118749
0.000210545
0.000385225
0.000322448
0.000322448
0.000681399
0.000863765
0.000111648
0.000297888
0.000297888
0.000676206
-4.88807e-05
0.000145164
0.000341172
0.000341172
-0.000423125
-2.12552e-05
0.000182648
0.000388535
0.000388535
-0.000453929
-0.000453929
-2.82005e-05
0.000187667
-0.000670501
-0.000724795
-0.000994306
-0.000772404
-0.000548485
-9.45782e-05
-0.00099788
-0.000765855
-0.000531796
-0.000531796
-0.00116237
-0.000922195
-0.000922195
-0.000435695
-0.000435695
-0.0014509
-0.00120047
-0.00120047
-0.000947975
-0.00163277
-0.00224647
-0.00172703
-0.00146421
-0.00119932
-0.00119932
-0.00189141
-0.00162029
-0.00162029
-0.00107182
-0.00204944
-0.00176999
-0.00176999
-0.00120485
-0.000919141
-0.00223602
-0.00194614
-0.00194614
-0.0013601
-0.00106394
-0.0028057
-0.00220709
-0.00190464
-0.00190464
-0.00309902
-0.00279028
-0.00279028
-0.00216651
-0.00216651
-0.00331619
-0.00299696
-0.00300725
-0.00268382
-0.00235828
-0.00235828
-0.00309896
-0.00276712
-0.00276712
-0.00209716
-0.00317079
-0.00283056
-0.00283056
-0.00214381
-0.00179729
-0.00329568
-0.00329568
-0.00259216
-0.00259216
-0.00345995
-0.00351559
-0.00390858
-0.00318413
-0.00281877
-0.00245132
-0.00364882
-0.00364882
-0.00290349
-0.0025277
-0.00368271
-0.00330276
-0.00292073
-0.00292073
-0.00428436
-0.00428436
-0.00350578
-0.00311338
-0.00311338
-0.00446315
-0.00451258
-0.00411192
-0.00370921
-0.00330444
-0.00414458
-0.0037357
-0.00332477
-0.00332477
-0.00249676
-0.00406749
-0.00364838
-0.00364838
-0.00322723
-0.00496617
-0.0041137
-0.00417302
-0.00374172
-0.0033084
-0.00287306
-0.00423614
-0.00379677
-0.00379677
-0.00291201
-0.00246662
-0.00430576
-0.00430576
-0.003405
-0.003405
-0.0043216
-0.00480312
-0.0043438
-0.00388251
-0.00341925
-0.00295402
-0.00433671
-0.00386756
-0.00386756
-0.00339645
-0.00473461
-0.0042596
-0.00330374
-0.00330374
-0.00417587
-0.00369116
-0.00320454
-0.00320454
-0.00222553
-0.00415824
-0.00366396
-0.00316778
-0.00266969
-0.00465456
-0.00466445
-0.00415611
-0.00365048
-0.00314297
-0.0026336
-0.00465223
-0.00362788
-0.00311292
-0.00311292
-0.00405602
-0.00405602
-0.00301319
-0.00248902
-0.00248902
-0.00408871
-0.00355908
-0.00355908
-0.00249439
-0.00411181
-0.00468008
-0.00414753
-0.00360712
-0.00360712
-0.00252095
-0.00404071
-0.00404071
-0.00294395
-0.00239294
-0.00392063
-0.00336613
-0.00280991
-0.00225195
-0.0039631
-0.0034017
-0.0034017
-0.00227379
-0.00170729
-0.00446861
-0.00333053
-0.00275896
-0.00218572
-0.00161082
-0.00383006
-0.00325183
-0.00267196
-0.00209044
-0.00453726
-0.00453564
-0.00394923
-0.0033612
-0.00277156
-0.00218032
-0.00396576
-0.00337133
-0.00277531
-0.00277531
-0.00373417
-0.00313343
-0.00253114
-0.00192729
-0.00366291
-0.00366291
-0.00244752
-0.00183754
-0.00122604
-0.00407873
-0.00346572
-0.0028512
-0.00161768
-0.00403732
-0.00406883
-0.0034469
-0.00282351
-0.00282351
-0.00157237
-0.00414473
-0.00288783
-0.00225723
-0.00225723
-0.0034009
-0.00276607
-0.00276607
-0.00149224
-0.000853249
-0.00337449
-0.00337449
-0.00208967
-0.00208967
-0.00388906
-0.00387305
-0.00387305
-0.00257482
-0.00192374
-0.00127134
-0.00380003
-0.00249136
-0.00183509
-0.00183509
-0.00305305
-0.00239298
-0.00173166
-0.00173166
-0.0010691
-0.00325511
-0.00325511
-0.00192141
-0.00125275
-0.00336227
-0.00337728
-0.00334526
-0.00334526
-0.0019973
-0.00132158
-0.00333963
-0.00266163
-0.0019825
-0.00130224
-0.00308574
-0.00240326
-0.00171968
-0.00103501
-0.000349264
-0.00295371
-0.00226582
-0.00226582
-0.000886876
-0.00300828
-0.00305777
-0.00305124
-0.00235714
-0.00166202
-0.000965914
-0.00288441
-0.00218633
-0.00218633
-0.000787261
-8.62885e-05
-0.00336972
-0.00196494
-0.00196494
-0.00055644
-0.00055644
-0.00274907
-0.00276459
-0.00205628
-0.0013471
-0.000637045
-0.00306588
-0.00235411
-0.00235411
-0.000928056
-0.000213787
-0.00228136
-0.00156547
-0.000848779
-0.000131297
-0.00305865
-0.00233962
-0.00161982
-0.000899263
-0.000899263
-0.0032647
-0.0032647
-0.00181845
-0.00109426
-0.000369361
-0.00310177
-0.00302423
-0.00229729
-0.00229729
-0.000841411
-0.00303943
-0.00230987
-0.00230987
-0.00157969
-0.00294247
-0.00221045
-0.00147785
-0.00074466
-1.08967e-05
-0.00316993
-0.00316993
-0.00169961
-0.00169961
-0.000227139
-0.00363019
-0.00215565
-0.00215565
-0.000679092
-0.00438315
-0.00290467
-0.00295775
-0.00221735
-0.00221735
-0.000735224
-0.00422423
-0.00274039
-0.00199785
-0.00125491
-0.0033072
-0.00256348
-0.0018194
-0.0018194
-0.000330158
-0.00314071
-0.00239523
-0.00239523
-0.000903309
-0.00294125
-0.00379829
-0.00380972
-0.00231542
-0.00156785
-0.000820032
-0.0031191
-0.00237078
-0.00162224
-0.000873465
-0.00357299
-0.00207481
-0.00132543
-0.00132543
0.000173888
-0.00338006
-0.00188008
-0.00112986
-0.00112986
-0.00261638
-0.00365582
-0.00290511
-0.00290511
-0.00140338
-0.000652382
-0.00306887
-0.00231774
-0.00156655
-0.000815321
-0.00362352
-0.00212097
-0.00136966
-0.000618343
0.00013297
-0.00290482
-0.00215352
-0.000650989
-0.000650989
-0.00301121
-0.0022601
-0.0022601
-0.000758108
-0.0040253
-0.00327453
-0.00397858
-0.0032279
-0.00172691
-0.000976614
-0.00407718
-0.00257702
-0.00182718
-0.00182718
-0.000328011
-0.00308562
-0.00233651
-0.00158762
-0.000838939
-0.00390348
-0.00315526
-0.0024073
-0.00165958
-0.000912134
-0.00392
-0.0038346
-0.003088
-0.0023417
-0.0023417
-0.00292711
-0.00218177
-0.00143678
-0.000692127
-0.000692127
-0.00228997
-0.00154642
-0.00154642
-6.04859e-05
-0.00256479
-0.00182283
-0.00171028
-0.000969186
-0.00022853
0.000511676
-0.00172198
-0.00172198
-0.000243906
-0.000243906
0.00123222
-0.00171143
-0.000974636
-0.000238363
0.000497376
-0.00266642
-0.00193178
-0.00193412
-0.0012006
-0.000467664
0.000264684
-0.00210292
-0.00210292
-0.000641243
8.86626e-05
-0.00154032
-0.000811691
-8.37133e-05
0.000643604
0.00137025
-0.00167196
-0.00094668
-0.000222096
0.000501783
-0.00279522
-0.00359587
-0.00215172
-0.00143075
-0.00143075
8.91848e-06
-0.00238664
-0.00166873
-0.000951608
-0.00023528
-0.00200527
-0.00200527
-0.000576669
-0.000576669
0.000848606
-0.00199834
-0.00128783
-0.000578184
0.000130587
-0.0030673
-0.00165242
-0.0015839
-0.000878717
-0.000174453
-0.000174453
-0.00176819
-0.00106673
-0.000366229
0.00033331
-0.0013831
-0.000685508
1.10917e-05
0.000706695
-0.00159723
-0.00159723
-0.000211086
0.000480443
0.00117093
-0.00217623
-0.00147263
-0.000785312
-9.90674e-05
0.000586095
-0.000929683
-0.000246711
0.000435153
0.0011159
0.00179552
-0.0010394
-0.000360911
0.000992637
0.00166768
0.00234155
-0.000781096
0.00056312
0.00123344
0.00123344
-0.000207002
-0.000344009
-0.000500513
0.000163731
0.000826734
0.000826734
-0.000528243
0.000130989
0.000788947
0.000788947
-0.000216215
0.000437875
0.00109066
0.00109066
-0.000236767
-0.000236767
0.00105953
0.00170567
0.00235045
0.00016583
0.00080788
0.00080788
0.00208784
0.00272573
-0.00075862
0.000512956
0.00114662
0.00177887
-0.000363186
-0.000690883
-0.000922586
-0.000296119
-0.000296119
0.000952417
-0.000982099
-0.000361531
-0.000361531
0.000875116
-0.000328948
0.000285599
0.000898622
0.000898622
0.00212007
-0.00011143
0.000495422
0.00110071
0.00170443
-0.00100123
-0.000400664
-0.000593911
3.46154e-06
0.000599228
0.00119338
-0.000816324
-0.000816324
0.000363854
0.000951483
-1.46101e-05
0.000569714
0.00115237
0.00173336
0.00231268
-1.78663e-05
-1.78663e-05
0.00113231
0.00170484
-0.00103621
-0.00103621
-0.00106485
6.8158e-05
0.000632054
0.000632054
-0.000849882
-0.00029125
-0.00029125
0.000820705
-0.000463048
-0.000463048
0.000638196
0.00118612
0.00173223
-0.000633638
0.000453137
0.000453137
0.000993785
-0.000682407
-0.000275111
-0.000272637
0.000258769
0.000258769
0.00131597
-0.000135581
0.000388316
0.00091032
0.00091032
0.000565713
0.001082
0.00159636
0.00159636
0.00261932
0.000699901
0.00120653
0.00171121
0.00221393
-0.000573353
0.000426203
0.000480901
0.000480901
0.00097574
0.00195945
0.000235288
0.000722146
0.000722146
0.00120699
0.000263131
0.00122272
0.00169947
0.00169947
0.00141856
0.00188917
0.00188917
0.00282423
0.00328865
0.00175897
0.00221924
0.00221924
0.00313353
0.000989778
0.00146362
0.00191342
0.00191342
0.00280667
0.00325011
0.00226689
0.00226689
0.00314311
0.003578
0.002683
0.00311359
0.00354202
0.00396829
0.00396829
0.00242772
0.00284746
0.00326502
0.00326502
0.00248959
0.00177357
0.00177357
0.00258888
0.00299321
0.00299321
0.00239532
0.00279298
0.0031884
0.00358158
0.0024193
0.00281024
0.00358536
0.00358536
0.00435145
0.00268919
0.00268919
0.00344166
0.00381447
0.0020385
0.0018769
0.00224284
0.00260647
0.00296781
0.00332684
0.00223057
0.00294169
0.00329376
0.00364351
0.00399093
0.00315012
0.00349287
0.00349287
0.00417133
0.00269634
0.00269634
0.0033607
0.00368933
0.00368933
0.00241641
0.00273794
0.00305708
0.00337384
0.00188978
0.00177147
0.00208106
0.00208106
0.00269305
0.00299544
0.00230199
0.00230199
0.00289472
0.00318746
0.00292422
0.00292422
0.00349756
0.00378059
0.00406118
0.00337974
0.00365545
0.00392871
0.00419952
0.00337205
0.00363795
0.00363795
0.00416237
0.00442088
0.00323866
0.00349224
0.00374333
0.00374333
0.00257616
0.00306595
0.00305907
0.00329775
0.00353393
0.00376762
0.00305479
0.00305479
0.00350966
0.00373334
0.00395452
0.00284363
0.00305978
0.00327341
0.00348451
0.00348451
0.00249159
0.00254658
0.00274758
0.00294606
0.00314199
0.00261333
0.00280419
0.00299251
0.00317829
0.00219356
0.00255748
0.00273561
0.00291119
0.00308422
0.00219154
0.00235945
0.0025248
0.00268759
0.00202199
0.00147595
0.00147595
0.00178355
0.00193349
0.00208087
0.00147509
0.00161731
0.00175694
0.00175694
0.0018659
0.00199779
0.0021271
0.00225382
0.00237795
0.00195137
0.00195137
0.00218667
0.00230043
0.00186227
0.00183153
0.0019375
0.00204087
0.00214163
0.00214163
0.00192674
0.00201969
0.00211004
0.00219779
0.00251025
0.00259278
0.0026727
0.00275001
0.00253508
0.00260716
0.00267663
0.00274348
0.00280772
0.00233749
0.00239649
0.00245288
0.00250665
0.00261314
0.00261059
0.0026565
0.0026565
0.00274047
0.00277852
0.00266995
0.00273818
0.00276837
0.00279593
0.00283751
0.00285983
0.00287952
0.00287952
0.0026887
0.00270052
0.00270052
0.00271628
0.00272022
0.00270383
0.00246825
0.00234179
0.00234179
0.00232605
0.00231424
0.00226413
0.00223264
0.00221296
0.00221296
0.00263918
0.00263918
0.00258145
0.00254866
0.00254866
0.00256896
0.00249025
0.00244697
0.00240106
0.00252556
0.00252556
0.00242065
0.00236427
0.00230528
0.00225408
0.00222469
0.0022161
0.0022161
0.00207456
0.00199988
0.00238894
0.00223174
0.00214922
0.00206409
0.00197636
0.00304086
0.00285757
0.00276201
0.00276201
0.00292848
0.00289806
0.0027921
0.00268354
0.00268354
0.00245864
0.00290135
0.00290135
0.00266088
0.00253676
0.00384128
0.00358528
0.0034534
0.00331893
0.00331893
0.00396535
0.00382315
0.00367836
0.003531
0.00365122
0.00360488
0.00356158
0.00340393
0.00324372
0.00308094
0.00333336
0.00316546
0.002995
0.00282198
0.0036711
0.00349298
0.00331231
0.00312909
0.00294332
0.00365165
0.0034608
0.0032674
0.00307148
0.00401133
0.00361648
0.00352711
0.00332106
0.00311248
0.00290138
0.00332387
0.00310774
0.00288909
0.00266793
0.00359321
0.00336704
0.00313835
0.00313835
0.00267349
0.00372503
0.00348636
0.0032452
0.00300156
0.00300156
0.00369039
0.00369039
0.00318574
0.00292971
0.0036937
0.00343273
0.00345591
0.00345591
0.00292167
0.00265087
0.00361815
0.00306921
0.00306921
0.00279107
0.00362152
0.00333608
0.0030482
0.00275789
0.00246517
0.00353714
0.00323958
0.00293961
0.00263723
0.00263723
0.00353641
0.00291964
0.00260766
0.00260766
0.00331435
0.00289261
0.00257109
0.0022472
0.00192095
0.00192095
0.00251581
0.00218246
0.00184676
0.00150871
0.00293938
0.00259664
0.00225156
0.00190415
0.00348194
0.00278013
0.00242574
0.00242574
0.00171002
0.00329199
0.00256703
0.0022011
0.0022011
0.00276658
0.00271243
0.00271243
0.00195999
0.00158035
0.00119845
0.00223528
0.00184886
0.00184886
0.00106925
0.000676078
0.00307583
0.00228277
0.00188289
0.00148079
0.00309664
0.00357633
0.00276104
0.00235008
0.00235008
0.00152157
0.00273238
0.00231264
0.00189073
0.00189073
0.00323133
0.00323133
0.00237232
0.00193959
0.0015047
0.00273002
0.00229085
0.00229085
0.00140611
0.00300798
0.00289082
0.00244103
0.00198914
0.00153514
0.00107905
0.00228594
0.00182567
0.00182567
0.000898908
0.000432421
0.00268385
0.00221324
0.00174059
0.00126589
0.00267828
0.0021995
0.00218575
0.00170293
0.00121809
0.000731241
0.00212618
0.00212618
0.00163533
0.000647656
0.0026988
0.00220001
0.00220001
0.00119654
0.000691872
0.00273209
0.00222352
0.00171302
0.00120058
0.00287605
0.00274497
0.00265423
0.00213413
0.00213413
0.00108825
0.00272099
0.00272099
0.0016638
0.0016638
0.000599143
0.00340359
0.00340359
0.00232782
0.00178718
0.0040989
0.00355461
0.00406202
0.002968
0.00241829
0.00186677
0.00349499
0.00349499
0.00238305
0.00182443
0.00383973
0.00327759
0.0027137
0.0027137
0.00439525
0.00382788
0.00325879
0.00211546
0.00154123
0.00377409
0.00319647
0.00261717
0.00203619
0.00425656
0.00425656
0.00360625
0.00360625
0.00242936
0.00183846
0.00374883
0.00315468
0.00255892
0.00255892
0.00136259
0.00444757
0.00324488
0.00264116
0.00264116
0.00441551
0.00442899
0.00442899
0.00320756
0.00259454
0.00466417
0.00404811
0.00404811
0.00281148
0.00219091
0.00444095
0.00381743
0.00319243
0.00256597
0.00419351
0.00356415
0.00293335
0.00293335
0.00166745
0.00488072
0.00360915
0.00297127
0.00233199
0.00169132
0.00425575
0.00477474
0.00348655
0.00284042
0.00284042
0.00387151
0.00322136
0.0025699
0.00191712
0.00126304
0.00396707
0.0033104
0.00265245
0.00199322
0.00462132
0.00460866
0.00394566
0.00328142
0.00261595
0.00194926
0.00316164
0.00249252
0.0018222
0.00115069
0.0043005
0.0043005
0.0029516
0.0029516
0.00159806
0.00490296
0.00354486
0.00286412
0.00218226
0.00149929
0.00393194
0.00324678
0.00324678
0.00187323
0.00498738
0.00360957
0.00354845
0.00354845
0.00216437
0.00147079
0.0032285
0.0032285
0.0025329
0.00113872
0.00044016
0.00331668
0.00261618
0.00191473
0.00191473
0.00317134
0.00360649
0.00290132
0.00219523
0.00148824
0.00148824
0.00292237
0.00292237
0.00150223
0.000790862
0.0033329
0.00261985
0.00261985
0.00119126
0.000475739
0.00338266
0.00266554
0.00194763
0.00122895
0.00122895
0.00407812
0.00263695
0.00263695
0.00119281
0.00193399
0.0033816
0.00332374
0.00259846
0.00259846
0.00114585
0.00314375
0.00314375
0.00168715
0.000957883
0.00338317
0.00338317
0.00192151
0.00118976
0.00118976
0.00281135
0.00207784
0.00207784
0.000609122
0.00366633
0.00293059
0.00293059
0.00145753
0.00412708
0.00412708
0.00333807
0.00259928
0.00186
0.00112026
0.00317414
0.00243348
0.00169239
0.00169239
0.000208918
0.0032997
0.00255694
0.00181378
0.00107023
0.00419604
0.00417814
0.00343349
0.00343349
0.00194317
0.0011975
0.00358692
0.00358692
0.00209403
0.00134714
0.00134714
0.00383648
0.00308877
0.00308877
0.0015926
0.00445781
0.00445781
0.00370232
0.00295322
0.00295322
0.00220392
0.00367897
0.00367897
0.00292913
0.00142897
0.00390474
0.00315431
0.00240376
0.00240376
0.000902312
0.00461597
0.00311414
0.00236311
0.00236311
0.000860847
0.00382318
0.00307193
0.00232065
0.00156935
0.00518642
0.00437649
0.00362518
0.00287389
0.00212263
0.00212263
0.00273073
0.0019796
0.00122854
0.000477546
0.00339024
0.00263943
0.00188871
0.00113811
0.00038762
0.00323168
0.00248146
0.00173139
0.000981479
0.00303928
0.00291184
0.00285503
0.00210584
0.00135685
0.000608085
0.00267132
0.00267132
0.00117493
0.000427109
0.00342613
0.00267884
0.00193183
0.00118511
0.00118511
0.00331024
0.00254583
0.00258865
0.00184351
0.00109871
0.000354269
0.00332685
0.00183906
0.00109573
0.000352793
0.00280194
0.00280194
0.0013181
0.000576822
-0.000164023
0.00261457
0.00261457
0.00113514
0.00113514
0.00245888
0.00304037
0.00230284
0.00230284
0.000829319
9.33496e-05
0.00225969
0.00152481
0.00079048
5.67175e-05
0.0023907
0.00165809
0.00092608
0.00019467
0.00019467
0.00205316
0.00132361
0.000594698
0.000594698
0.00187502
0.00255408
0.00182781
0.00110222
0.00110222
-0.000346869
0.00176767
0.0010449
0.000322865
-0.000398435
-0.00111899
0.00235032
0.000911482
0.000193218
-0.000524265
0.0020384
0.0020384
0.00128265
0.000568378
0.000568378
-0.000857676
0.00112711
0.00112711
-0.000293863
-0.00100305
0.00119808
0.000490654
-0.000215873
-0.000215873
-0.00162621
0.00170444
0.000297793
-0.000404128
-0.000404128
0.00148061
0.000781557
0.00142234
2.71597e-05
2.71597e-05
-0.00136406
0.000718481
2.53896e-05
2.53896e-05
-0.00135772
0.000813771
0.000124823
-0.000563068
-0.00124989
-0.00193565
0.000688354
4.77372e-06
-0.000677708
-0.00135908
0.00125767
0.000578535
0.00118208
-0.00017279
-0.00017279
-0.00152307
0.000303483
-0.000368745
-0.00103979
-0.00170965
-0.00237832
0.000993182
-0.000340525
-0.00100555
-0.00166935
0.000967239
0.000967239
0.000284675
-0.000374135
-0.000374135
-0.00168795
0.000191864
0.000191864
-0.00111423
-0.00111423
-0.00241509
0.000267415
-0.000379712
-0.0010255
-0.00166995
0.000836483
0.000836483
0.000178523
-0.000460473
-0.00109809
-0.00173431
0.00014085
-0.000492576
-0.00112459
-0.00112459
0.00028445
-0.000343288
-0.000969586
-0.00159444
0.000374878
-0.000247057
-0.000867523
-0.00148651
-0.00210402
0.00111223
-0.000118306
-0.000731323
-0.00134283
0.00108294
0.000447365
0.00103875
-0.000173575
-0.000777424
-0.000777424
0.000407982
-0.000191191
-0.000788793
-0.000788793
-0.00197925
0.000425879
-0.000165368
-0.000755011
-0.000755011
0.000965135
0.000956613
0.000373454
-0.000208069
-0.000787948
0.000944331
0.000367757
-0.000207155
-0.000780399
-0.00135197
0.000408055
-0.000160148
-0.000726659
-0.00129147
-0.00129147
0.000346443
-0.000213238
-0.000771197
-0.00132743
-0.00132743
0.000809369
-0.000294401
-0.000843663
-0.000843663
0.000226484
0.000207258
0.000198437
-0.000341986
-0.000341986
-0.00141747
9.16298e-05
9.16298e-05
-0.000973073
-0.00150271
0.000105974
-0.000420026
-0.0009442
-0.0009442
-0.00198705
0.000125952
-0.000390866
-0.000905833
-0.00141894
0.000616063
0.00010668
9.10334e-05
-0.000414603
-0.00091836
-0.00142023
4.87713e-05
-0.000449317
-0.000945507
-0.00143979
-0.00193217
0.000576941
-0.000402079
-0.000402079
-0.00137342
0.000612126
0.000586577
0.000107669
-0.000369298
-0.00084432
-0.00131739
9.48597e-05
-0.000374303
-0.000374303
-0.00130674
0.000118749
-0.000342548
-0.000801869
-0.00125921
-0.00125921
0.00010418
-0.000347203
-0.000347203
-0.00124399
0.000530447
8.67945e-05
9.42154e-05
-0.00034516
-0.000782522
-0.00121787
0.000495865
-0.00036877
-0.00036877
-0.00122531
7.17071e-05
-0.000351485
-0.000772641
-0.00119176
-0.00160884
0.000459082
4.40478e-05
-0.00077988
-0.00118877
2.57041e-05
1.76021e-05
0.000420356
-0.00038303
-0.000781631
-0.00117817
-0.000400957
-0.000793361
-0.000793361
-0.00157196
0.000371017
-0.000399286
-0.000781323
-0.00116128
-0.00116128
-3.95359e-05
-0.00041325
-0.00078488
-0.00115442
0.000666298
-6.65281e-05
-6.77766e-05
-0.000428966
-0.000428966
-0.00114507
-7.36427e-05
-7.36427e-05
-0.000777184
-0.00112581
-9.37888e-05
-0.000438222
-0.000780558
-0.000780558
-0.00145894
-9.53815e-05
-0.000765363
-0.0010972
-0.0010972
-0.000123635
-0.000449177
-0.000772619
-0.000772619
-0.000177521
0.000435389
-0.000196797
-0.000509742
-0.000509742
-0.00112934
-0.000224812
-0.000529365
-0.000831821
-0.00113218
-0.000256258
-0.000256258
-0.000846508
-0.00113849
-0.000298481
-0.000586286
-0.000872001
-0.00115563
-0.00143717
-6.22142e-05
-0.000619042
-0.000894332
-0.00116754
-0.000373452
-0.0003834
-0.000395897
-0.000660801
-0.000923633
-0.0011844
-0.000438509
-0.000438509
-0.000949705
-0.00120221
-0.000257437
-0.000505828
-0.000752165
-0.000996451
-0.00123869
-0.000558578
-0.000354211
-0.000354211
-0.000824391
-0.00105643
-0.00105643
-0.000655266
-0.000655266
-0.00110515
-0.00132706
-0.000708011
-0.000925899
-0.00114178
-0.00135566
-0.00135566
-0.000790864
-0.000790864
-0.00120465
-0.00140857
-0.000869398
-0.000710146
-0.000908134
-0.000908134
-0.00129821
-0.00129821
-0.000987151
-0.000987151
-0.0013616
-0.0013616
-0.00105159
-0.00123204
-0.00141057
-0.00158718
-0.000954971
-0.00112776
-0.00129864
-0.00146762
-0.00163472
-0.00105581
-0.000912975
-0.00123775
-0.00139734
-0.00155506
-0.00171092
-0.00115817
-0.00146436
-0.00146436
-0.00176319
-0.00137781
-0.00137781
-0.00166572
-0.00180696
-0.0019464
-0.00146745
-0.00160332
-0.00160332
-0.00186973
-0.00200029
-0.00156973
-0.00169679
-0.00182211
-0.00194569
-0.00155509
-0.00155509
-0.00169439
-0.00181112
-0.00192617
-0.00203952
-0.00176935
-0.00187936
-0.00198771
-0.00209441
-0.00219947
-0.0018572
-0.0018572
-0.00205918
-0.00215777
-0.0018577
-0.0018577
-0.00197127
-0.00206352
-0.0021542
-0.00224334
-0.00195564
-0.0021293
-0.00221384
-0.00229687
-0.00211132
-0.00219136
-0.00226992
-0.00234701
-0.00217707
-0.00217707
-0.00232399
-0.0023953
-0.0024652
-0.00227054
-0.00233763
-0.00240335
-0.00246768
-0.00253066
-0.00229174
-0.00241365
-0.00247261
-0.00253026
-0.00240648
-0.00238217
-0.00243594
-0.00243594
-0.0025397
-0.00258971
-0.00249439
-0.00254195
-0.00254195
-0.00263348
-0.00250339
-0.0025902
-0.00263187
-0.0026724
-0.0025569
-0.00263459
-0.00263459
-0.00270788
-0.00274292
-0.00262454
-0.00269145
-0.00269145
-0.00275423
-0.00270229
-0.00268511
-0.00269689
-0.00275177
-0.00275177
-0.00280288
-0.00276589
-0.00278916
-0.00281156
-0.00283308
-0.00285375
-0.00280632
-0.00280632
-0.00284353
-0.00286095
-0.00283161
-0.00283976
-0.00283976
-0.00286931
-0.00288301
-0.00289602
-0.00288107
-0.00289274
-0.00290377
-0.00291417
-0.00290062
-0.00290062
-0.00291845
-0.00292652
-0.00292652
-0.0029219
-0.00292841
-0.00293443
-0.00293998
-0.00293425
-0.00293847
-0.0029414
-0.00294526
-0.00294874
-0.00295186
-0.00294681
-0.0029496
-0.00295423
-0.00295423
-0.00294905
-0.00295043
-0.00295159
-0.00295159
-0.0029533
-0.00294872
-0.00294872
-0.00294951
-0.00294974
-0.00294585
-0.00294594
-0.00294509
-0.00294514
-0.00294514
-0.00294389
-0.00293767
-0.00293767
-0.00293767
-0.00293767
-0.00292147
-0.00292147
-0.00292147
-0.00292147
-0.00290298
-0.00290298
-0.00290298
-0.00290298
-0.00290298
-0.00287412
-0.00287412
-0.00287412
-0.00287412
-0.00287412
-0.00283717
-0.00283717
-0.00283717
-0.00283717
-0.00280268
-0.00278608
-0.00278608
-0.00278608
-0.00278608
-0.00278608
-0.00274532
-0.00274532
-0.00274532
-0.00274532
-0.00269542
-0.00269542
-0.00269542
-0.00269542
-0.00264572
-0.00264572
-0.00264572
-0.00264572
-0.00264572
-0.00257972
-0.00257972
-0.00257972
-0.00257972
-0.00252138
-0.00249357
-0.00249357
-0.00249357
-0.00249357
-0.00249357
-0.00243212
-0.00243212
-0.00243212
-0.00243212
-0.00243212
-0.00234706
-0.00234706
-0.00234706
-0.00234706
-0.00227743
-0.00226132
-0.00224441
-0.00224441
-0.00224441
-0.00224441
-0.00217307
-0.00217307
-0.00217307
-0.00217307
-0.0020953
-0.0020953
-0.0020953
-0.0020953
-0.0020953
-0.00200092
-0.00200092
-0.00200092
-0.00200092
-0.00192248
-0.00188537
-0.00188537
-0.00188537
-0.00188537
-0.00188537
-0.00180676
-0.00180676
-0.00180676
-0.00180676
-0.00180676
-0.0017035
-0.0017035
-0.0017035
-0.0017035
-0.00160263
-0.00158317
-0.00158317
-0.00158317
-0.00158317
-0.00158317
-0.00150303
-0.00150303
-0.00150303
-0.00150303
-0.001419
-0.001419
-0.001419
-0.001419
-0.00133845
-0.00133845
-0.00133845
-0.00133845
-0.00133845
-0.00123935
-0.00123935
-0.00123935
-0.00123935
-0.0011404
-0.00112145
-0.00112145
-0.00112145
-0.00112145
-0.00112145
-0.00104446
-0.00104446
-0.00104446
-0.00104446
-0.00104446
-0.00094771
-0.00094771
-0.00094771
-0.00094771
-0.00094771
-0.000854222
-0.000854222
-0.000854222
-0.000854222
-0.000781135
-0.000764398
-0.000747355
-0.000747355
-0.000747355
-0.000747355
-0.000678204
-0.000678204
-0.000678204
-0.000678204
-0.000678204
-0.000607714
-0.000607714
-0.000607714
-0.000607714
-0.000525189
-0.000525189
-0.000525189
-0.000525189
-0.000462147
-0.000447963
-0.000433459
-0.000433459
-0.000433459
-0.000433459
-0.000375305
-0.000375305
-0.000375305
-0.000375305
-0.000318653
-0.000318653
-0.000318653
-0.000318653
-0.000318653
-0.000252542
-0.000252542
-0.000252542
-0.000252542
-0.000252542
-0.000189541
-0.000189541
-0.000189541
-0.000189541
-0.00014185
-0.000120623
-0.000120623
-0.000120623
-0.000120623
-0.000120623
-7.78773e-05
-7.78773e-05
-7.78773e-05
-7.78773e-05
-3.63852e-05
-3.63852e-05
-3.63852e-05
-3.63852e-05
8.58845e-07
8.58845e-07
8.58845e-07
8.58845e-07
8.58845e-07
4.22974e-05
4.22974e-05
4.22974e-05
4.22974e-05
7.98571e-05
8.63772e-05
8.63772e-05
8.63772e-05
8.63772e-05
8.63772e-05
0.000111174
0.000111174
0.000111174
0.000111174
0.000134649
0.000134649
0.000134649
0.000134649
0.000134649
0.000158502
0.000158502
0.000158502
0.000158502
0.000178612
0.000181651
0.000181651
0.000181651
0.000181651
0.000181651
0.000190324
0.000190324
0.000190324
0.000190324
0.00020256
0.00020256
0.00020256
0.00020256
0.00020256
0.000211025
0.000211025
0.000211025
0.000211025
0.00021352
0.000214536
0.000214479
0.000214479
0.000214479
0.000214479
0.000214293
0.000214293
0.000214293
0.000214293
0.000214293
0.000210647
0.000210647
0.000210647
0.000210647
0.000205985
0.000201581
0.000201581
0.000201581
0.000201581
0.000201581
0.000193807
0.000193807
0.000193807
0.000193807
0.000193807
0.000182336
0.000182336
0.000182336
0.000182336
0.000182336
0.000165821
0.000165821
0.000165821
0.000165821
0.000145574
0.000145574
0.000140941
0.000140941
0.000140941
0.000140941
0.000121528
0.000121528
0.000121528
0.000121528
0.000102315
0.000102315
0.000102315
0.000102315
0.000102315
7.51736e-05
7.51736e-05
7.51736e-05
7.51736e-05
4.63893e-05
3.99575e-05
3.99575e-05
3.99575e-05
3.99575e-05
3.99575e-05
1.30738e-05
1.30738e-05
1.30738e-05
1.30738e-05
1.30738e-05
-1.87996e-05
-1.87996e-05
-1.87996e-05
-1.87996e-05
-4.45735e-05
-5.8531e-05
-5.8531e-05
-5.8531e-05
-5.8531e-05
-5.8531e-05
-8.56901e-05
-8.56901e-05
-8.56901e-05
-8.56901e-05
-0.000112227
-0.000112227
-0.000112227
-0.000112227
-0.000140052
-0.000140052
-0.000140052
-0.000140052
-0.000140052
-0.00017555
-0.00017555
-0.00017555
-0.00017555
-0.000211174
-0.00021848
-0.00021848
-0.00021848
-0.00021848
-0.00021848
-0.000247315
-0.000247315
-0.000247315
-0.000247315
-0.000247315
-0.0002824
-0.0002824
-0.0002824
-0.0002824
-0.000317446
-0.000317446
-0.000324629
-0.000324629
-0.000324629
-0.000324629
-0.000353011
-0.000353011
-0.000353011
-0.000353011
-0.000379455
-0.000379455
-0.000379455
-0.000379455
-0.000379455
-0.000413152
-0.000413152
-0.000413152
-0.000413152
-0.000439124
-0.000446043
-0.000452642
-0.000452642
-0.000452642
-0.000452642
-0.000477952
-0.000477952
-0.000477952
-0.000477952
-0.000501751
-0.000501751
-0.000501751
-0.000501751
-0.000501751
-0.000530792
-0.000530792
-0.000530792
-0.000530792
-0.000530792
-0.000558176
-0.000558176
-0.000558176
-0.000558176
-0.000579047
-0.000584454
-0.00058956
-0.00058956
-0.00058956
-0.00058956
-0.00060864
-0.00060864
-0.00060864
-0.00060864
-0.000625426
-0.000625426
-0.000625426
-0.000625426
-0.000625426
-0.000646075
-0.000646075
-0.000646075
-0.000646075
-0.000646075
-0.000664812
-0.000664812
-0.000664812
-0.000664812
-0.000678687
-0.000682315
-0.000685615
-0.000685615
-0.000685615
-0.000685615
-0.000697476
-0.000697476
-0.000697476
-0.000697476
-0.000706634
-0.000706634
-0.000706634
-0.000706634
-0.000715722
-0.000715722
-0.000715722
-0.000715722
-0.000715722
-0.000725714
-0.000725714
-0.000725714
-0.000725714
-0.000725714
-0.000733572
-0.000733572
-0.000733572
-0.000733572
-0.000739682
-0.000740723
-0.000740723
-0.000740723
-0.000740723
-0.000740723
-0.000743862
-0.000743862
-0.000743862
-0.000743862
-0.000743909
-0.000743909
-0.000743909
-0.000743909
-0.000743909
-0.000743624
-0.000743624
-0.000743624
-0.000743624
-0.000743624
-0.000741647
-0.000741647
-0.000741647
-0.000741647
-0.000738168
-0.000737315
-0.000737315
-0.000737315
-0.000737315
-0.000737315
-0.000732665
-0.000732665
-0.000732665
-0.000732665
-0.000725615
-0.000725615
-0.000725615
-0.000725615
-0.000725615
-0.000716316
-0.000716316
-0.000716316
-0.000716316
-0.000716316
-0.000705493
-0.000705493
-0.000705493
-0.000705493
-0.000695676
-0.000689922
-0.000689922
-0.000689922
-0.000689922
-0.000689922
-0.000677507
-0.000677507
-0.000677507
-0.000677507
-0.000663701
-0.000663701
-0.000663701
-0.000663701
-0.000650642
-0.000650642
-0.000650642
-0.000650642
-0.000650642
-0.000633852
-0.000633852
-0.000633852
-0.000633852
-0.000616339
-0.000616339
-0.000612946
-0.000612946
-0.000612946
-0.000612946
-0.00059869
-0.00059869
-0.00059869
-0.00059869
-0.00058202
-0.00058202
-0.00058202
-0.00058202
-0.00058202
-0.000561518
-0.000561518
-0.000561518
-0.000561518
-0.00053985
-0.00053985
-0.000535601
-0.000535601
-0.000535601
-0.000535601
-0.000517748
-0.000517748
-0.000517748
-0.000517748
-0.00049828
-0.00049828
-0.00049828
-0.00049828
-0.00049828
-0.000474856
-0.000474856
-0.000474856
-0.000474856
-0.000474856
-0.000451313
-0.000451313
-0.000451313
-0.000451313
-0.000432302
-0.000423258
-0.000423258
-0.000423258
-0.000423258
-0.000423258
-0.000404115
-0.000404115
-0.000404115
-0.000404115
-0.000384618
-0.000384618
-0.000384618
-0.000384618
-0.000384618
-0.000360984
-0.000360984
-0.000360984
-0.000360984
-0.000360984
-0.000332921
-0.000332921
-0.000332921
-0.000332921
-0.000332921
-0.000314125
-0.000314125
-0.000314125
-0.000314125
-0.000314125
-0.000291229
-0.000291229
-0.000291229
-0.000291229
-0.000272901
-0.000268809
-0.000264581
-0.000264581
-0.000264581
-0.000264581
-0.000247144
-0.000247144
-0.000247144
-0.000247144
-0.000228951
-0.000228951
-0.000228951
-0.000228951
-0.000228951
-0.000207977
-0.000207977
-0.000207977
-0.000207977
-0.000207977
-0.000187741
-0.000187741
-0.000187741
-0.000187741
-0.000171962
-0.00016838
-0.000164739
-0.000164739
-0.000164739
-0.000164739
-0.000149978
-0.000149978
-0.000149978
-0.000149978
-0.00013516
-0.00013516
-0.00013516
-0.00013516
-0.00013516
-0.00011829
-0.00011829
-0.00011829
-0.00011829
-0.00011829
-0.000102381
-0.000102381
-0.000102381
-0.000102381
-9.02033e-05
-8.47881e-05
-8.47881e-05
-8.47881e-05
-8.47881e-05
-8.47881e-05
-7.39592e-05
-7.39592e-05
-7.39592e-05
-7.39592e-05
-6.30917e-05
-6.30917e-05
-6.30917e-05
-6.30917e-05
-6.30917e-05
-5.12543e-05
-5.12543e-05
-5.12543e-05
-5.12543e-05
-5.12543e-05
-4.04367e-05
-4.04367e-05
-4.04367e-05
-4.04367e-05
-3.06018e-05
-3.06018e-05
-2.88632e-05
-2.88632e-05
-2.88632e-05
-2.88632e-05
-2.24774e-05
-2.24774e-05
-2.24774e-05
-2.24774e-05
-1.58778e-05
-1.58778e-05
-1.58778e-05
-1.58778e-05
-1.0147e-05
-1.0147e-05
-1.0147e-05
-1.0147e-05
-1.0147e-05
-3.66509e-06
-3.66509e-06
-3.66509e-06
-3.66509e-06
-3.66509e-06
2.09822e-06
2.95341e-06
2.95341e-06
2.95341e-06
2.95341e-06
6.2702e-06
6.2702e-06
6.2702e-06
6.2702e-06
9.08463e-06
9.08463e-06
9.08463e-06
9.08463e-06
1.10359e-05
1.10359e-05
1.10359e-05
1.10359e-05
1.10359e-05
1.25924e-05
1.25924e-05
1.25924e-05
1.25924e-05
1.25924e-05
1.33568e-05
1.33568e-05
1.33568e-05
1.33568e-05
1.34084e-05
1.29687e-05
1.29687e-05
1.29687e-05
1.29687e-05
1.29687e-05
1.20622e-05
1.20622e-05
1.20622e-05
1.20622e-05
1.08288e-05
1.08288e-05
1.08288e-05
1.08288e-05
8.34064e-06
8.34064e-06
8.34064e-06
8.34064e-06
8.34064e-06
5.32226e-06
4.68836e-06
4.68836e-06
4.68836e-06
4.68836e-06
1.96132e-06
1.96132e-06
1.96132e-06
1.96132e-06
1.96132e-06
-9.8726e-07
-9.8726e-07
-9.8726e-07
-9.8726e-07
-4.59814e-06
-4.59814e-06
-4.59814e-06
-4.59814e-06
-4.59814e-06
-9.81557e-06
-9.81557e-06
-9.81557e-06
-9.81557e-06
-1.51018e-05
-1.51018e-05
-1.51018e-05
-1.51018e-05
-1.51018e-05
-2.17203e-05
-2.31098e-05
-2.31098e-05
-2.31098e-05
-2.31098e-05
-2.31098e-05
-2.88762e-05
-2.88762e-05
-2.88762e-05
-2.88762e-05
-3.45469e-05
-3.45469e-05
-3.45469e-05
-3.45469e-05
-3.45469e-05
-4.18791e-05
-4.18791e-05
-4.18791e-05
-4.18791e-05
-4.18791e-05
-5.00088e-05
-5.00088e-05
-5.00088e-05
-5.00088e-05
-5.6273e-05
-5.7902e-05
-5.95553e-05
-5.95553e-05
-5.95553e-05
-5.95553e-05
-6.58534e-05
-6.58534e-05
-6.58534e-05
-6.58534e-05
-6.58534e-05
-7.30947e-05
-7.30947e-05
-7.30947e-05
-7.30947e-05
-8.11284e-05
-8.11284e-05
-8.27219e-05
-8.27219e-05
-8.27219e-05
-8.27219e-05
-8.90419e-05
-8.90419e-05
-8.90419e-05
-8.90419e-05
-9.55683e-05
-9.55683e-05
-9.55683e-05
-9.55683e-05
-0.00010382
-0.00010382
-0.00010382
-0.00010382
-0.00010382
-0.000109858
-0.000112921
-0.000112921
-0.000112921
-0.000112921
-0.000112921
-0.000119495
-0.000119495
-0.000119495
-0.000119495
-0.000125109
-0.000125109
-0.000125109
-0.000125109
-0.000125109
-0.000131874
-0.000131874
-0.000131874
-0.000131874
-0.000137914
-0.000139426
-0.000140829
-0.000140829
-0.000140829
-0.000140829
-0.000146176
-0.000146176
-0.000146176
-0.000146176
-0.000151188
-0.000151188
-0.000151188
-0.000151188
-0.0001559
-0.0001559
-0.0001559
-0.0001559
-0.0001559
-0.000161422
-0.000161422
-0.000161422
-0.000161422
-0.000161422
-0.000167321
-0.000167321
-0.000167321
-0.000167321
-0.000171602
-0.00017363
-0.00017363
-0.00017363
-0.00017363
-0.00017363
-0.00017672
-0.00017672
-0.00017672
-0.00017672
-0.000179046
-0.000179046
-0.000179046
-0.000179046
-0.000179046
-0.00018202
-0.00018202
-0.00018202
-0.00018202
-0.000185854
-0.000185854
-0.000186527
-0.000186527
-0.000186527
-0.000186527
-0.00018898
-0.00018898
-0.00018898
-0.00018898
-0.000190188
-0.000190188
-0.000190188
-0.000190188
-0.000190188
-0.000191799
-0.000191799
-0.000191799
-0.000191799
-0.000192411
-0.000192832
-0.000192832
-0.000192832
-0.000192832
-0.000192832
-0.00019313
-0.00019313
-0.00019313
-0.00019313
-0.000192679
-0.000192679
-0.000192679
-0.000192679
-0.000192083
-0.000192083
-0.000192083
-0.000192083
-0.000192083
-0.000190887
-0.000190887
-0.000190887
-0.000190887
-0.000190887
-0.000190116
-0.000190116
-0.000190116
-0.000190116
-0.000189013
-0.000188483
-0.000188483
-0.000188483
-0.000188483
-0.000188483
-0.000186894
-0.000186894
-0.000186894
-0.000186894
-0.000184941
-0.000184941
-0.000184941
-0.000184941
-0.000182793
-0.000182793
-0.000182793
-0.000182793
-0.000182793
-0.000179825
-0.000179825
-0.000179825
-0.000179825
-0.000179825
-0.000176906
-0.000176906
-0.000176906
-0.000176906
-0.000173848
-0.000173238
-0.000173238
-0.000173238
-0.000173238
-0.000173238
-0.000170607
-0.000170607
-0.000170607
-0.000170607
-0.000167198
-0.000167198
-0.000167198
-0.000167198
-0.000163647
-0.000163647
-0.000163647
-0.000163647
-0.000163647
-0.00015905
-0.00015905
-0.00015905
-0.00015905
-0.00015905
-0.000153967
-0.000153967
-0.000153967
-0.000153967
-0.000149002
-0.000149002
-0.000148004
-0.000148004
-0.000148004
-0.000148004
-0.000143663
-0.000143663
-0.000143663
-0.000143663
-0.000138889
-0.000138889
-0.000138889
-0.000138889
-0.000138889
-0.000133474
-0.000133474
-0.000133474
-0.000133474
-0.000129123
-0.000126949
