-9.65539e-06
-1.04558e-05
-1.50841e-05
-1.70882e-05
-1.92473e-05
-1.92473e-05
-2.21829e-05
-2.39143e-05
-2.76434e-05
-3.16806e-05
-3.40048e-05
-3.65451e-05
-4.01086e-05
-4.2874e-05
-4.91165e-05
-5.26115e-05
-5.63675e-05
-6.03725e-05
-6.87029e-05
-6.87029e-05
-7.32948e-05
-8.66343e-05
-9.26773e-05
-9.85045e-05
-0.000104662
-0.000111157
-0.000118
-0.000126909
-0.000134469
-0.000142401
-0.000142401
-0.000160243
-0.000169337
-0.000178834
-0.000178834
-0.000199068
-0.000209176
-0.000220364
-0.000220364
-0.000244072
-0.00025435
-0.000265513
-0.000278985
-0.000278985
-0.000307375
-0.000322306
-0.000332295
-0.000332295
-0.000364692
-0.000381671
-0.000391064
-0.000409107
-0.000427694
-0.00044683
-0.000455344
-0.000455344
-0.000496425
-0.000496425
-0.000517827
-0.000543394
-0.000566565
-0.000590338
-0.000614719
-0.000614719
-0.000639973
-0.000639973
-0.000693097
-0.000720615
-0.000716061
-0.00073732
-0.000766793
-0.000766793
-0.000827734
-0.000859214
-0.000834446
-0.000899454
-0.000932993
-0.00096723
-0.000953318
-0.000988966
-0.00102533
-0.00102533
-0.00110022
-0.00107949
-0.00111876
-0.00115877
-0.00115877
-0.00116995
-0.00121222
-0.00119645
-0.00128327
-0.00128327
-0.00137316
-0.0013514
-0.0013514
-0.0013983
-0.00149447
-0.00146815
-0.00151824
-0.00151824
-0.00162084
-0.00167336
-0.00164372
-0.00169789
-0.00169789
-0.00180872
-0.00161511
-0.0017293
-0.00178766
-0.00184687
-0.00190693
-0.00154222
-0.00166493
-0.00172758
-0.0017911
-0.00185549
-0.00140679
-0.00147294
-0.00153998
-0.00160791
-0.00119672
-0.00101333
-0.00108394
-0.00108394
-0.00122788
-0.000915453
-0.000915453
-0.00106485
-0.00114093
-0.00121793
-0.000597349
-0.000754127
-0.000833911
-0.00091463
-0.000996286
-0.000514556
-0.000514556
-0.000682581
-0.000768016
-0.000334906
-0.000422246
-0.000409804
-0.000409804
-0.000589279
-0.000680462
-0.000375545
-0.000468665
-0.000468665
-0.000657824
-0.000358603
-0.000455626
-0.00055363
-0.00055363
-0.000248377
-0.000449312
-0.000551264
-0.000654207
-0.000654207
-0.000331255
-0.000331255
-0.000544119
-0.000652053
-0.000306798
-0.000298665
-0.000179246
-0.000290197
-0.000402157
-0.00062911
-0.000252882
-0.000368894
-0.000485924
-0.000485924
-0.000216061
-0.000336151
-0.000336151
-0.000579401
-0.000579401
-0.000173871
-0.000299089
-0.000299089
-0.000425336
-0.000143416
0.000132138
-0.000127579
-0.00025899
-0.000391436
-0.000391436
-0.000108328
-0.000243888
-0.000243888
-0.000518126
1.5923e-05
-0.00026248
-0.00026248
-0.000545053
-0.000687905
-0.000173852
-0.000318794
-0.000318794
-0.000611815
-0.000759895
-9.42267e-05
-0.000393529
-0.000544752
-0.000544752
-0.000154453
-0.000308822
-0.000308822
-0.000620706
-0.000620706
-0.000192248
-0.000351864
-0.000356887
-0.000518603
-0.000681369
-0.000681369
-0.000363196
-0.000529112
-0.000529112
-0.000864093
-0.000363313
-0.000533427
-0.000533427
-0.000876802
-0.00105006
-0.000360203
-0.000360203
-0.000711964
-0.000711964
-0.000362135
-0.000365919
-0.00019104
-0.000553265
-0.000735945
-0.000919669
-0.000415405
-0.000415405
-0.000788068
-0.000975962
-0.000489945
-0.00067992
-0.000870934
-0.000870934
-0.000403255
-0.000403255
-0.000792544
-0.000988742
-0.000988742
-0.00049553
-0.000510663
-0.000710991
-0.000912348
-0.00111473
-0.000749863
-0.000954303
-0.00115977
-0.00115977
-0.00157377
-0.00080244
-0.00101199
-0.00101199
-0.00122257
-0.000404717
-0.000830949
-0.000832761
-0.00104841
-0.00126507
-0.00148274
-0.000831938
-0.00105162
-0.00105162
-0.001494
-0.00171669
-0.000830529
-0.000830529
-0.00128091
-0.00128091
-0.000834744
-0.000606575
-0.000836233
-0.00106688
-0.00129851
-0.00153112
-0.000846004
-0.00108058
-0.00108058
-0.00131614
-0.00063135
-0.000868858
-0.00134679
-0.00134679
-0.000897911
-0.00114026
-0.00138357
-0.00138357
-0.00187308
-0.00093984
-0.00118698
-0.00143507
-0.00168411
-0.000730607
-0.000737902
-0.000996814
-0.00124963
-0.00150338
-0.00175807
-0.000766476
-0.00127865
-0.00153613
-0.00153613
-0.00105334
-0.00105334
-0.00157476
-0.00183684
-0.00183684
-0.00109464
-0.00135945
-0.00135945
-0.0018918
-0.00113679
-0.00087718
-0.00115336
-0.00142356
-0.00142356
-0.00196665
-0.00120092
-0.00120092
-0.0017493
-0.0020248
-0.00130269
-0.00157993
-0.00185805
-0.00213702
-0.00144448
-0.00172517
-0.00172517
-0.00228913
-0.00257238
-0.00134541
-0.00191445
-0.00220023
-0.00248685
-0.00277431
-0.00179423
-0.00208334
-0.00237328
-0.00266404
-0.00161575
-0.00162664
-0.00191984
-0.00221386
-0.00250868
-0.0028043
-0.00193082
-0.00222804
-0.00252605
-0.00252605
-0.00191111
-0.00221148
-0.00251262
-0.00281455
-0.00188567
-0.00188567
-0.00249337
-0.00279836
-0.00310411
-0.00156433
-0.00187084
-0.0021781
-0.00279485
-0.00155754
-0.00155343
-0.0018644
-0.00217609
-0.00217609
-0.00280166
-0.00154105
-0.0021695
-0.00248479
-0.00248479
-0.00187427
-0.00219168
-0.00219168
-0.0028286
-0.0031481
-0.00193145
-0.00193145
-0.00257386
-0.00257386
-0.00167329
-0.00168157
-0.00168157
-0.00233068
-0.00265622
-0.00298242
-0.00171053
-0.00236486
-0.002693
-0.002693
-0.0020773
-0.00240734
-0.002738
-0.002738
-0.00306928
-0.0021444
-0.0021444
-0.00281125
-0.00314558
-0.00196981
-0.00235774
-0.00241581
-0.00241581
-0.00308978
-0.00342764
-0.00269352
-0.00303252
-0.00337209
-0.00371222
-0.00303427
-0.00337551
-0.0037173
-0.00405963
-0.00440251
-0.00345135
-0.00379529
-0.00379529
-0.00448476
-0.00364928
-0.00367217
-0.00368599
-0.00403305
-0.0043806
-0.00472866
-0.00365409
-0.00400313
-0.00400313
-0.00470267
-0.00505315
-0.00313775
-0.00384014
-0.00384014
-0.00454438
-0.00454438
-0.00325215
-0.00319739
-0.00355154
-0.00390613
-0.00426116
-0.00304144
-0.00339732
-0.00339732
-0.00411035
-0.00446748
-0.00336354
-0.00372149
-0.00407984
-0.00443858
-0.00317688
-0.00353639
-0.00389629
-0.00425657
-0.00425657
-0.00341182
-0.00341182
-0.00413495
-0.00449704
-0.00485949
-0.00359564
-0.00362203
-0.0039855
-0.0039855
-0.00471344
-0.00370065
-0.00406542
-0.00406542
-0.00443051
-0.00372108
-0.00408709
-0.00445339
-0.00481999
-0.00518687
-0.00369295
-0.00369295
-0.00442811
-0.00442811
-0.00516435
-0.00324533
-0.00398261
-0.00398261
-0.00472088
-0.00272318
-0.00346242
-0.00342106
-0.00379126
-0.00379126
-0.00453232
-0.00287264
-0.00361456
-0.00398583
-0.0043573
-0.00306021
-0.00343207
-0.00380411
-0.00380411
-0.00454873
-0.00295619
-0.00332893
-0.00332893
-0.00407489
-0.00281475
-0.00237843
-0.00230609
-0.00305324
-0.00342703
-0.00380094
-0.00230227
-0.00267643
-0.0030507
-0.00342509
-0.0015095
-0.00225859
-0.00263328
-0.00263328
-0.00338294
-0.00100367
-0.00175366
-0.00212877
-0.00212877
-0.00101898
-0.000534038
-0.000909396
-0.000909396
-0.00166026
-0.00203576
-0.000679663
-0.00105523
-0.00143082
-0.00180643
-0.000165996
-0.000917274
-0.00129293
-0.00166859
-0.00204424
-0.000473144
-0.000848795
-0.00160006
-0.00160006
-0.00057374
-0.000949292
-0.000949292
-0.00170029
-0.00024062
-0.000616008
-0.000237643
-0.000612979
-0.00136347
-0.00173862
-0.000212243
-0.000962324
-0.00133724
-0.00133724
-0.00208683
-0.000617084
-0.000991636
-0.00136608
-0.00174042
-0.000338512
-0.000712618
-0.0010866
-0.00146046
-0.00183418
-0.000424791
-0.000445488
-0.000818787
-0.00119194
-0.00119194
-0.000830741
-0.00120341
-0.00157591
-0.00194823
-0.00194823
-0.00101988
-0.00139166
-0.00139166
-0.00213462
-0.000836252
-0.00120723
-0.00123714
-0.00160769
-0.00197802
-0.00234812
-0.0013381
-0.0013381
-0.00207714
-0.00207714
-0.0028152
-0.0014717
-0.0018401
-0.00220824
-0.00257611
-0.00124159
-0.00160891
-0.00162777
-0.00199453
-0.002361
-0.00272717
-0.00168004
-0.00168004
-0.00241088
-0.00277583
-0.0017489
-0.00211321
-0.0024772
-0.00284086
-0.00320419
-0.00184738
-0.00221002
-0.00257231
-0.00293425
-0.00160196
-0.00125737
-0.00197944
-0.00233992
-0.00233992
-0.00305976
-0.00204095
-0.0023999
-0.00275846
-0.00311663
-0.00215281
-0.00215281
-0.00286711
-0.00286711
-0.00357974
-0.00230198
-0.00265723
-0.00301205
-0.00336644
-0.00170131
-0.00240875
-0.00241905
-0.00277164
-0.00312378
-0.00312378
-0.00243685
-0.00278757
-0.00313782
-0.00348759
-0.00246516
-0.00281396
-0.00316226
-0.00351006
-0.00214037
-0.00214037
-0.00283344
-0.0031792
-0.00352445
-0.00174308
-0.00206346
-0.00240712
-0.00275024
-0.00309282
-0.00225814
-0.00259963
-0.00294056
-0.00328093
-0.00362074
-0.00193347
-0.00227271
-0.00294948
-0.003287
-0.00362394
-0.00198223
-0.00265434
-0.0029895
-0.0029895
-0.00234618
-0.00234475
-0.00234665
-0.00267877
-0.00301027
-0.00301027
-0.00235919
-0.0026888
-0.00301778
-0.00301778
-0.00242844
-0.00275549
-0.00308188
-0.00308188
-0.00248557
-0.00248557
-0.00313371
-0.00345678
-0.00377917
-0.00294219
-0.00326321
-0.00326321
-0.00390319
-0.00422214
-0.0033007
-0.00393649
-0.00425332
-0.00456944
-0.00415566
-0.00426549
-0.00437064
-0.00468387
-0.00468387
-0.00530814
-0.00470944
-0.00501972
-0.00501972
-0.00563805
-0.00493059
-0.00523787
-0.00554438
-0.00554438
-0.0061551
-0.00502418
-0.0053276
-0.00563025
-0.00593211
-0.00461305
-0.00491333
-0.00485205
-0.00515074
-0.00544862
-0.0057457
-0.00449554
-0.00449554
-0.00508563
-0.00537944
-0.00404934
-0.0043415
-0.00463283
-0.00492332
-0.00521298
-0.00344661
-0.00344661
-0.0040217
-0.00430796
-0.00257568
-0.00257568
-0.00244716
-0.00301366
-0.00329561
-0.00329561
-0.00219303
-0.00247235
-0.00247235
-0.00302832
-0.00172996
-0.00172996
-0.00228058
-0.00255454
-0.0028276
-0.00100592
-0.0015493
-0.0015493
-0.00181963
-0.000735972
-0.000931963
-0.000864304
-0.00113001
-0.00113001
-0.00165861
-0.000636918
-0.000898866
-0.00115987
-0.00115987
-0.000501678
-0.00075982
-0.001017
-0.001017
-0.00152848
-0.000453928
-0.000707242
-0.000959582
-0.00121094
-7.36319e-05
-0.000573408
-0.000598593
-0.000598593
-0.000846012
-0.00133787
-0.0007114
-0.000954829
-0.000954829
-0.00119725
-0.000643393
-0.00112319
-0.00112319
-0.00136156
-0.00106837
-0.00130368
-0.00130368
-0.0017712
-0.00200341
-0.00120199
-0.00143212
-0.00143212
-0.00188927
-0.000721959
-0.000915153
-0.00114005
-0.00114005
-0.00158667
-0.00180839
-0.000926398
-0.000926398
-0.00136451
-0.00158196
-0.00071491
-0.000930205
-0.00114442
-0.00135755
-0.00135755
-0.00045381
-0.000663679
-0.000872456
-0.000872456
-0.000243747
9.36322e-05
9.36322e-05
-0.000314021
-0.000516188
-0.000516188
0.000156316
-4.25119e-05
-0.000240222
-0.000436812
0.000552772
0.000357304
-3.02551e-05
-3.02551e-05
-0.000413297
0.000558042
0.000558042
0.000181812
-4.59333e-06
0.000802356
0.000811845
0.000628876
0.000447057
0.00026639
8.68772e-05
0.000752945
0.00039739
0.000221353
4.64784e-05
-0.000127231
0.000330354
0.00015898
0.00015898
-0.000180251
-1.99632e-05
-1.99632e-05
-0.000352137
-0.000516453
-0.000516453
-0.000265155
-0.000425916
-0.000585487
-0.000743867
-0.000237995
-0.000264986
-0.000419782
-0.000419782
-0.000725776
-0.00087697
-0.000544316
-0.000544316
-0.000840677
-0.000987044
-0.000771337
-0.000771337
-0.00105801
-0.00119952
-0.00133981
-0.000986013
-0.00112387
-0.00126049
-0.0013959
-0.00127324
-0.00140619
-0.00140619
-0.00166839
-0.00179765
-0.00128192
-0.00140871
-0.00153426
-0.00153426
-0.000767412
-0.00101231
-0.000932861
-0.0010522
-0.00117029
-0.00128714
-0.000596223
-0.000596223
-0.00082366
-0.000935499
-0.00104608
-0.000239054
-0.000347126
-0.000453939
-0.000559492
-0.000559492
0.000225393
0.000212375
0.000111874
1.26385e-05
-8.53295e-05
0.00053172
0.00043629
0.00034213
0.000249243
0.000933864
0.000751909
0.000662843
0.000575054
0.000488542
0.00104319
0.000959236
0.000876562
0.000795169
0.00115333
0.00130314
0.00130314
0.00114934
0.00107437
0.00100069
0.00137533
0.00130422
0.0012344
0.0012344
0.00146764
0.00140169
0.00133704
0.00127368
0.00121162
0.00156072
0.00156072
0.00144307
0.00138619
0.00176358
0.00181596
0.00176298
0.00171129
0.00166091
0.00166091
0.00200778
0.0019613
0.00191613
0.00187226
0.00221609
0.00217483
0.00213487
0.00209622
0.00237217
0.00233613
0.00230139
0.00226797
0.00223585
0.00256678
0.00253728
0.00250909
0.0024822
0.00295296
0.0029147
0.00289174
0.00289174
0.00284976
0.00283074
0.00318016
0.00314604
0.00313095
0.00311717
0.00339211
0.00338095
0.00337111
0.00337111
0.00351115
0.00350524
0.00350524
0.00349736
0.00349539
0.00350307
0.00350925
0.00351408
0.00351408
0.00352195
0.00352786
0.00350347
0.00351921
0.00352905
0.00352905
0.00338458
0.00338458
0.00341345
0.00342985
0.00342985
0.00303076
0.00307012
0.00309176
0.00311471
0.00218777
0.00218777
0.00224022
0.00226841
0.00229791
0.00126931
0.00105973
0.000810978
0.000810978
0.000881747
0.000919091
-0.000205613
-0.000127008
-8.57479e-05
-4.31833e-05
6.85295e-07
-0.00127873
-0.00118708
-0.00113931
-0.00113931
-0.00205053
-0.0021468
-0.00209381
-0.00203954
-0.00203954
-0.00192708
-0.00230976
-0.00230976
-0.00218952
-0.00212746
-0.00240467
-0.00227667
-0.00221072
-0.00214349
-0.00214349
-0.00223244
-0.00216134
-0.00208894
-0.00201526
-0.00201592
-0.00192915
-0.00183188
-0.00175305
-0.00167295
-0.00159156
-0.00138491
-0.00130096
-0.00121573
-0.00112922
-0.000924401
-0.000835338
-0.000745
-0.000653388
-0.000560503
-0.000367649
-0.000272221
-0.000175524
-7.75589e-05
-4.99391e-05
0.000165249
0.00028261
0.000385638
0.000489927
0.000595478
0.000779155
0.000887224
0.00099655
0.00110713
0.00138755
0.00150064
0.00161498
0.00161498
0.00184742
0.00174116
0.0018605
0.00198108
0.0021029
0.0021029
0.00224297
0.00224297
0.0024953
0.00262331
0.00271273
0.00284321
0.00297827
0.00297827
0.0032454
0.0033808
0.00337859
0.00365307
0.00365307
0.00379214
0.00395533
0.00409806
0.004242
0.00438715
0.00453351
0.00440522
0.00455401
0.00470399
0.00485519
0.00485519
0.00462761
0.00493599
0.00509198
0.00509198
0.00490781
0.00516384
0.0053246
0.00548654
0.00564967
0.00564967
0.00569123
0.0058579
0.00602575
0.00619478
0.00593773
0.0061091
0.00628164
0.00645535
0.00593631
0.00628722
0.00646442
0.00646442
0.00682228
0.00611713
0.00647961
0.00666258
0.00666258
0.00642911
0.00633486
0.00633486
0.00671109
0.00690091
0.00709186
0.00672413
0.00691734
0.00691734
0.00730715
0.00750373
0.00672166
0.0071182
0.00731814
0.00751919
0.00703827
0.00671337
0.00712102
0.0073265
0.0073265
0.00774076
0.00729436
0.00750422
0.00771518
0.00771518
0.00755453
0.00755453
0.00798404
0.00820041
0.00841786
0.00817785
0.00839744
0.00839744
0.00883981
0.00881414
0.00900345
0.00922835
0.0094543
0.0096813
0.00990934
0.00997682
0.010207
0.010207
0.0106703
0.0109036
0.0106777
0.010913
0.0111494
0.0113867
0.0108278
0.0110672
0.0111183
0.0113597
0.0116021
0.0118456
0.0112104
0.0112104
0.0114558
0.0119496
0.0112041
0.0114535
0.0114535
0.0119552
0.0122076
0.0112661
0.0115204
0.0117756
0.0120318
0.011366
0.0114047
0.0114408
0.0117008
0.0117008
0.0122238
0.0115712
0.0115712
0.0120998
0.0120998
0.0126322
0.0115619
0.0115619
0.0120998
0.0123701
0.0110208
0.0112929
0.0109474
0.0114945
0.0117693
0.0120451
0.0108603
0.0108603
0.0114163
0.0116956
0.0103637
0.0106448
0.0109268
0.0109268
0.00950538
0.00978906
0.0100736
0.0106453
0.0109324
0.00907568
0.00936449
0.00965415
0.00994464
0.00809026
0.00809026
0.00825808
0.00825808
0.00884653
0.00914198
0.00763175
0.00792882
0.0082267
0.0082267
0.00882487
0.00591253
0.00651388
0.00681574
0.00681574
0.00397964
0.00358149
0.00358149
0.00419221
0.00449872
0.00203971
0.00234774
0.00234774
0.00296606
0.00327634
0.000968772
0.00128054
0.00159304
0.00190627
-0.000139621
0.000175063
0.000490467
0.000490467
0.00112342
-0.00136337
-0.000727588
-0.000408642
-8.89997e-05
0.000231335
-0.00140727
-0.00173834
-0.00109424
-0.000771177
-0.000771177
-0.00130098
-0.000975909
-0.000650175
-0.000323785
3.25918e-06
-0.000922601
-0.000594264
-0.000265286
6.43294e-05
-0.000815439
-0.000721184
-0.000389683
-5.75622e-05
0.000275175
0.000608525
0.000294469
0.000629031
0.000964192
0.00129995
0.000236539
0.000236539
0.000910995
0.000910995
0.00158777
9.76295e-05
0.000776685
0.00111706
0.00145799
0.00179947
0.000601949
0.00094453
0.00094453
0.00163131
6.38362e-05
0.000752748
0.000787093
0.000787093
0.00147914
0.00182593
0.000903372
0.000903372
0.00125117
0.00194827
0.00229755
0.0009601
0.00131035
0.00166108
0.00166108
0.000964516
0.000630158
0.000982749
0.00133579
0.00168929
0.00168929
0.00104165
0.00104165
0.00175173
0.00210742
0.00110293
0.00145946
0.00145946
0.00217376
0.00253152
0.00119569
0.00155426
0.00191321
0.00227255
0.00227255
0.000962389
0.00168298
0.00168298
0.00240505
0.00277471
0.00151776
0.00156444
0.00192708
0.00192708
0.00265339
0.00175189
0.00175189
0.00248019
0.00284483
0.00193141
0.00193141
0.00266225
0.00302812
0.00302812
0.00245619
0.00282295
0.00282295
0.00355731
0.00204137
0.00240924
0.00240924
0.00314578
0.00164305
0.00164305
0.00201455
0.00238395
0.00275359
0.00312347
0.00204636
0.00241669
0.00278724
0.00278724
0.00352898
0.0020745
0.00244588
0.00281747
0.00318924
0.00172477
0.00174913
0.00212146
0.00212146
0.00286663
0.00323946
0.00218988
0.00218988
0.00293633
0.00330978
0.00330978
0.00227862
0.00265248
0.00265248
0.00340057
0.00200085
0.00200085
0.00240116
0.00277571
0.00277571
0.00315036
0.00252612
0.00252612
0.00290104
0.00365112
0.00264043
0.00301565
0.00339093
0.00339093
0.00414166
0.00233203
0.00308295
0.00345847
0.00345847
0.0042096
0.00272305
0.00309868
0.00347432
0.00384998
0.001988
0.00237068
0.00274633
0.00312198
0.00349762
0.00349762
0.00319991
0.00357548
0.00395101
0.00432651
0.0028346
0.00321001
0.00358538
0.00396068
0.00433593
0.00288584
0.00326095
0.00363599
0.00401095
0.00301228
0.0029924
0.00302144
0.00339603
0.00377053
0.00414492
0.00314253
0.00314253
0.00389073
0.00426464
0.00290601
0.00327965
0.00365316
0.00402653
0.00402653
0.00300231
0.00339968
0.0034225
0.00379507
0.00416748
0.0045397
0.00312521
0.00386911
0.00424078
0.00461225
0.00354035
0.00354035
0.00428228
0.00465292
0.00502335
0.00356888
0.00356888
0.00430859
0.00430859
0.00356511
0.00319716
0.00356593
0.00356593
0.0043027
0.00467068
0.00356239
0.00392984
0.004297
0.00466389
0.00353266
0.00389896
0.00426497
0.00463068
0.00463068
0.00347635
0.00384113
0.00420559
0.00420559
0.00344621
0.00308654
0.00344968
0.00381248
0.00381248
0.00453703
0.00348046
0.00384184
0.00420287
0.00456352
0.0049238
0.00315551
0.00387494
0.00423407
0.00459282
0.0031546
0.0031546
0.00349971
0.00385685
0.00385685
0.00456988
0.00339355
0.00339355
0.00410404
0.00445864
0.00319883
0.00355255
0.00390581
0.00390581
0.00461099
0.00253798
0.00324131
0.00359228
0.00359228
0.00224875
0.00259828
0.00220103
0.00289862
0.00289862
0.00359424
0.0023965
0.00274305
0.00274305
0.00343461
0.00228843
0.00263291
0.00297686
0.00332027
0.00366315
0.00222763
0.00256942
0.00291067
0.00325136
0.00191033
0.0022499
0.00192417
0.00260161
0.00260161
0.00327676
0.00233288
0.002669
0.00300452
0.00333946
0.00367379
0.00207708
0.00274394
0.00307646
0.00340836
0.00214277
0.00214277
0.00248878
0.00281819
0.00281819
0.0034751
0.00255049
0.00255049
0.00320354
0.00320354
0.00385398
0.00261047
0.00293404
0.00325694
0.00357917
0.00232341
0.00232341
0.00265154
0.00297104
0.00328985
0.00360797
0.0026833
0.00300002
0.00331603
0.00331603
0.00270626
0.00302013
0.00333328
0.00364571
0.00272017
0.00303114
0.00334138
0.00365088
0.00395964
0.00241831
0.00303359
0.0033401
0.00364586
0.00243936
0.00276002
0.00247566
0.00308184
0.00338376
0.00338376
0.00289168
0.00319127
0.00349007
0.00349007
0.00408531
0.0030631
0.00335872
0.00365355
0.00365355
0.00294059
0.0029743
0.00326589
0.00355665
0.0038466
0.00309417
0.00338246
0.00366992
0.00395655
0.00424234
0.00344885
0.00373295
0.00401621
0.00429862
0.00429862
0.00345639
0.00373624
0.00401522
0.00429334
0.00429334
0.00311883
0.00367073
0.00394536
0.00394536
0.00330861
0.00328425
0.00325811
0.00352832
0.00352832
0.00406608
0.0031381
0.0031381
0.00367046
0.00393528
0.00299424
0.00325725
0.00351934
0.00351934
0.00404077
0.00278682
0.00304523
0.00330272
0.00355928
0.0023068
0.0025615
0.00251711
0.00276993
0.00302182
0.00327276
0.00232078
0.00256983
0.00281793
0.00306508
0.00331127
0.00177297
0.00226249
0.00226249
0.00274816
0.00151633
0.00139422
0.00163368
0.00187217
0.00210969
0.00234623
0.00140046
0.00163504
0.00163504
0.00210127
0.0011891
0.00141975
0.00164942
0.0018781
0.0018781
0.000961035
0.00118673
0.00118673
0.00163513
0.000584235
0.000773133
0.000740901
0.000960593
0.00117928
0.00139696
0.000409961
0.000842288
0.000842288
0.00127057
0.00052779
0.000739391
0.000949973
0.00115954
0.00136808
0.000207483
0.000415004
0.000826978
0.00103143
0.00032958
0.000309418
8.79361e-05
0.000489639
0.000688945
0.000887218
0.000427734
0.000623941
0.000623941
0.00101325
-6.52742e-05
0.000319887
0.00051091
0.000700895
0.000700895
2.59056e-05
0.000212768
0.000398588
0.000583365
-0.000442692
-7.62692e-05
-9.67283e-05
8.38714e-05
8.38714e-05
0.000441933
-0.000178194
-0.000178194
0.000173587
0.000347906
-0.000261464
-8.9242e-05
8.19311e-05
0.000252055
0.00042113
-0.000345303
-1.03017e-05
0.000155624
0.000155624
-0.000455264
-0.000292487
-0.000130761
-0.000130761
-0.000542252
-0.000900837
-0.000584733
-0.000428256
-0.000428256
-0.000118449
-0.000667125
-0.000514843
-0.00036361
-0.000213424
-0.000748098
-0.000748098
-0.000452963
-0.000306964
-0.000825765
-0.000681857
-0.000538994
-0.000397175
-0.000256399
-0.00105615
-0.000777729
-0.000640079
-0.000503469
-0.000982006
-0.000997237
-0.00101225
-0.000879797
-0.000748375
-0.000617989
-0.001069
-0.001069
-0.000813389
-0.000687131
-0.00125955
-0.00113535
-0.00101218
-0.000890027
-0.000768903
-0.00118719
-0.00133148
-0.00133148
-0.00109638
-0.000980359
-0.000980359
-0.00126709
-0.00126709
-0.00104213
-0.00093117
-0.00132202
-0.00121307
-0.00110513
-0.000998182
-0.000998182
-0.00139274
-0.00139274
-0.00118583
-0.00108387
-0.00144899
-0.00157568
-0.00147668
-0.00147668
-0.00128163
-0.00128163
-0.00153025
-0.00153025
-0.00134301
-0.00134301
-0.00158013
-0.0014899
-0.00140063
-0.00131233
-0.00172467
-0.00163828
-0.00155283
-0.00146833
-0.00138478
-0.00177319
-0.00186387
-0.00170146
-0.00162167
-0.0015428
-0.00146486
-0.00181538
-0.00166228
-0.00166228
-0.00151285
-0.0017709
-0.0017709
-0.00162694
-0.00155632
-0.00148659
-0.00180778
-0.00173984
-0.00173984
-0.00160662
-0.00154133
-0.00184158
-0.00177805
-0.00171539
-0.00165359
-0.00193392
-0.00193392
-0.00188016
-0.00182178
-0.00176426
-0.00170757
-0.00190447
-0.00184946
-0.00179528
-0.00174192
-0.00168939
-0.00193257
-0.00193257
-0.00183156
-0.00178226
-0.00200616
-0.00200616
-0.0019634
-0.00191727
-0.00187193
-0.00182735
-0.00202629
-0.00193945
-0.00189717
-0.00185565
-0.00199973
-0.00195971
-0.00192042
-0.00188187
-0.00201544
-0.00201544
-0.00194196
-0.0019063
-0.00187135
-0.00203422
-0.00200066
-0.0019678
-0.00193563
-0.00190413
-0.00208298
-0.00202201
-0.00199253
-0.0019637
-0.00206817
-0.00210477
-0.00207787
-0.00207787
-0.00202598
-0.00200097
-0.00210007
-0.00207629
-0.00207629
-0.00203051
-0.00214594
-0.00210252
-0.00208168
-0.00206141
-0.00216748
-0.00212862
-0.00212862
-0.00209196
-0.00207444
-0.00219248
-0.00215902
-0.00215902
-0.00212762
-0.00219476
-0.00221372
-0.00221754
-0.00219009
-0.00219009
-0.00216452
-0.00221887
-0.00220723
-0.00219603
-0.00218526
-0.00217491
-0.00223261
-0.00223261
-0.00221399
-0.00220528
-0.0022489
-0.00224982
-0.00224982
-0.00223503
-0.00222817
-0.00222166
-0.0022467
-0.00224086
-0.00223533
-0.00223013
-0.00224904
-0.00224904
-0.00224011
-0.00223607
-0.00223607
-0.00224986
-0.0022466
-0.00224359
-0.00224081
-0.00224939
-0.00224932
-0.00224924
-0.0022473
-0.00224555
-0.00224398
-0.00224994
-0.00224854
-0.00224621
-0.00224621
-0.00224647
-0.00224578
-0.00224519
-0.00224519
-0.00224432
-0.00224219
-0.00224219
-0.00224178
-0.00224166
-0.00223648
-0.00223643
-0.00223525
-0.00223522
-0.00223522
-0.00223968
-0.00223454
-0.00223454
-0.00223454
-0.00223454
-0.00222849
-0.00222849
-0.00222849
-0.00222849
-0.00222217
-0.00222217
-0.00222217
-0.00222217
-0.00222217
-0.00221492
-0.00221492
-0.00221492
-0.00221492
-0.00221492
-0.00220915
-0.00220915
-0.00220915
-0.00220915
-0.002206
-0.00220498
-0.00220498
-0.00220498
-0.00220498
-0.00220498
-0.00220329
-0.00220329
-0.00220329
-0.00220329
-0.00220109
-0.00220109
-0.00220109
-0.00220109
-0.00219808
-0.00219808
-0.00219808
-0.00219808
-0.00219808
-0.00219323
-0.00219323
-0.00219323
-0.00219323
-0.00218826
-0.00218564
-0.00218564
-0.00218564
-0.00218564
-0.00218564
-0.00217971
-0.00217971
-0.00217971
-0.00217971
-0.00217971
-0.00217018
-0.00217018
-0.00217018
-0.00217018
-0.00216095
-0.0021586
-0.0021562
-0.0021562
-0.0021562
-0.0021562
-0.00214617
-0.00214617
-0.00214617
-0.00214617
-0.00213501
-0.00213501
-0.00213501
-0.00213501
-0.00213501
-0.00211974
-0.00211974
-0.00211974
-0.00211974
-0.00210676
-0.00210032
-0.00210032
-0.00210032
-0.00210032
-0.00210032
-0.00208721
-0.00208721
-0.00208721
-0.00208721
-0.00208721
-0.00206965
-0.00206965
-0.00206965
-0.00206965
-0.00205079
-0.00204698
-0.00204698
-0.00204698
-0.00204698
-0.00204698
-0.00203144
-0.00203144
-0.00203144
-0.00203144
-0.00201495
-0.00201495
-0.00201495
-0.00201495
-0.00199765
-0.00199765
-0.00199765
-0.00199765
-0.00199765
-0.00197538
-0.00197538
-0.00197538
-0.00197538
-0.00195252
-0.00194797
-0.00194797
-0.00194797
-0.00194797
-0.00194797
-0.00192954
-0.00192954
-0.00192954
-0.00192954
-0.00192954
-0.00190523
-0.00190523
-0.00190523
-0.00190523
-0.00190523
-0.0018797
-0.0018797
-0.0018797
-0.0018797
-0.00185897
-0.00185383
-0.00184865
-0.00184865
-0.00184865
-0.00184865
-0.00182762
-0.00182762
-0.00182762
-0.00182762
-0.00182762
-0.00180557
-0.00180557
-0.00180557
-0.00180557
-0.00177619
-0.00177619
-0.00177619
-0.00177619
-0.00175198
-0.00174595
-0.0017399
-0.0017399
-0.0017399
-0.0017399
-0.00171559
-0.00171559
-0.00171559
-0.00171559
-0.00169041
-0.00169041
-0.00169041
-0.00169041
-0.00169041
-0.00165723
-0.00165723
-0.00165723
-0.00165723
-0.00165723
-0.00162311
-0.00162311
-0.00162311
-0.00162311
-0.00159621
-0.00158314
-0.00158314
-0.00158314
-0.00158314
-0.00158314
-0.00155762
-0.00155762
-0.00155762
-0.00155762
-0.00153258
-0.00153258
-0.00153258
-0.00153258
-0.00150815
-0.00150815
-0.00150815
-0.00150815
-0.00150815
-0.0014787
-0.0014787
-0.0014787
-0.0014787
-0.00145022
-0.00144467
-0.00144467
-0.00144467
-0.00144467
-0.00144467
-0.00142266
-0.00142266
-0.00142266
-0.00142266
-0.00140034
-0.00140034
-0.00140034
-0.00140034
-0.00140034
-0.00137192
-0.00137192
-0.00137192
-0.00137192
-0.00134305
-0.00133728
-0.00133728
-0.00133728
-0.00133728
-0.00133728
-0.00131992
-0.00131992
-0.00131992
-0.00131992
-0.00129044
-0.00129044
-0.00129044
-0.00129044
-0.00129044
-0.00126062
-0.00126062
-0.00126062
-0.00126062
-0.00125474
-0.00123152
-0.00122584
-0.00122584
-0.00122584
-0.00122584
-0.00120352
-0.00120352
-0.00120352
-0.00120352
-0.00120352
-0.00117652
-0.00117652
-0.00117652
-0.00117652
-0.00115539
-0.0011451
-0.0011451
-0.0011451
-0.0011451
-0.0011451
-0.00112486
-0.00112486
-0.00112486
-0.00112486
-0.00112486
-0.00110083
-0.00110083
-0.00110083
-0.00110083
-0.00110083
-0.00107878
-0.00107878
-0.00107878
-0.00107878
-0.00105841
-0.00105841
-0.00105448
-0.00105448
-0.00105448
-0.00105448
-0.00103881
-0.00103881
-0.00103881
-0.00103881
-0.00102265
-0.00102265
-0.00102265
-0.00102265
-0.00102265
-0.0010016
-0.0010016
-0.0010016
-0.0010016
-0.000979881
-0.00097555
-0.00097555
-0.00097555
-0.00097555
-0.00097555
-0.000957757
-0.000957757
-0.000957757
-0.000957757
-0.000957757
-0.000934028
-0.000934028
-0.000934028
-0.000934028
-0.000914351
-0.000904596
-0.000904596
-0.000904596
-0.000904596
-0.000904596
-0.0008854
-0.0008854
-0.0008854
-0.0008854
-0.000866648
-0.000866648
-0.000866648
-0.000866648
-0.00084857
-0.00084857
-0.00084857
-0.00084857
-0.00084857
-0.000827219
-0.000827219
-0.000827219
-0.000827219
-0.00080742
-0.000803682
-0.000803682
-0.000803682
-0.000803682
-0.000803682
-0.000789399
-0.000789399
-0.000789399
-0.000789399
-0.000789399
-0.000772664
-0.000772664
-0.000772664
-0.000772664
-0.000757224
-0.000757224
-0.000754322
-0.000754322
-0.000754322
-0.000754322
-0.000743197
-0.000743197
-0.000743197
-0.000743197
-0.000732551
-0.000732551
-0.000732551
-0.000732551
-0.000732551
-0.000719875
-0.000719875
-0.000719875
-0.000719875
-0.000710258
-0.000707969
-0.000705711
-0.000705711
-0.000705711
-0.000705711
-0.000696987
-0.000696987
-0.000696987
-0.000696987
-0.000688343
-0.000688343
-0.000688343
-0.000688343
-0.000688343
-0.000677204
-0.000677204
-0.000677204
-0.000677204
-0.000677204
-0.000665921
-0.000665921
-0.000665921
-0.000665921
-0.000657169
-0.000655065
-0.000652984
-0.000652984
-0.000652984
-0.000652984
-0.000644904
-0.000644904
-0.000644904
-0.000644904
-0.000637142
-0.000637142
-0.000637142
-0.000637142
-0.000637142
-0.000628145
-0.000628145
-0.000628145
-0.000628145
-0.000628145
-0.000620332
-0.000620332
-0.000620332
-0.000620332
-0.000615189
-0.000614081
-0.000613028
-0.000613028
-0.000613028
-0.000613028
-0.000609329
-0.000609329
-0.000609329
-0.000609329
-0.000606181
-0.000606181
-0.000606181
-0.000606181
-0.000603433
-0.000603433
-0.000603433
-0.000603433
-0.000603433
-0.00060041
-0.00060041
-0.00060041
-0.00060041
-0.00060041
-0.000597666
-0.000597666
-0.000597666
-0.000597666
-0.000595329
-0.000594924
-0.000594924
-0.000594924
-0.000594924
-0.000594924
-0.000593404
-0.000593404
-0.000593404
-0.000593404
-0.000591814
-0.000591814
-0.000591814
-0.000591814
-0.000591814
-0.000589654
-0.000589654
-0.000589654
-0.000589654
-0.000589654
-0.000587341
-0.000587341
-0.000587341
-0.000587341
-0.000585144
-0.000584743
-0.000584743
-0.000584743
-0.000584743
-0.000584743
-0.000583231
-0.000583231
-0.000583231
-0.000583231
-0.000581705
-0.000581705
-0.000581705
-0.000581705
-0.000581705
-0.000580006
-0.000580006
-0.000580006
-0.000580006
-0.000580006
-0.000578715
-0.000578715
-0.000578715
-0.000578715
-0.000578103
-0.00057795
-0.00057795
-0.00057795
-0.00057795
-0.00057795
-0.000578277
-0.000578277
-0.000578277
-0.000578277
-0.00057931
-0.00057931
-0.00057931
-0.00057931
-0.0005807
-0.0005807
-0.0005807
-0.0005807
-0.0005807
-0.000582283
-0.000582283
-0.000582283
-0.000582283
-0.000582932
-0.000582932
-0.000582923
-0.000582923
-0.000582923
-0.000582923
-0.000582247
-0.000582247
-0.000582247
-0.000582247
-0.000580245
-0.000580245
-0.000580245
-0.000580245
-0.000580245
-0.000575932
-0.000575932
-0.000575932
-0.000575932
-0.000570033
-0.000570033
-0.000568734
-0.000568734
-0.000568734
-0.000568734
-0.0005632
-0.0005632
-0.0005632
-0.0005632
-0.000557164
-0.000557164
-0.000557164
-0.000557164
-0.000557164
-0.000549285
-0.000549285
-0.000549285
-0.000549285
-0.000549285
-0.000541429
-0.000541429
-0.000541429
-0.000541429
-0.000535296
-0.000532296
-0.000532296
-0.000532296
-0.000532296
-0.000532296
-0.000526288
-0.000526288
-0.000526288
-0.000526288
-0.000520043
-0.000520043
-0.000520043
-0.000520043
-0.000520043
-0.000511888
-0.000511888
-0.000511888
-0.000511888
-0.000511888
-0.000501823
-0.000501823
-0.000501823
-0.000501823
-0.000501823
-0.00049519
-0.00049519
-0.00049519
-0.00049519
-0.00049519
-0.000486908
-0.000486908
-0.000486908
-0.000486908
-0.000480097
-0.000478392
-0.000476679
-0.000476679
-0.000476679
-0.000476679
-0.000469755
-0.000469755
-0.000469755
-0.000469755
-0.000462641
-0.000462641
-0.000462641
-0.000462641
-0.000462641
-0.000453538
-0.000453538
-0.000453538
-0.000453538
-0.000453538
-0.000444307
-0.000444307
-0.000444307
-0.000444307
-0.000436988
-0.000435193
-0.000433404
-0.000433404
-0.000433404
-0.000433404
-0.000426337
-0.000426337
-0.000426337
-0.000426337
-0.000419334
-0.000419334
-0.000419334
-0.000419334
-0.000419334
-0.000410782
-0.000410782
-0.000410782
-0.000410782
-0.000410782
-0.000402532
-0.000402532
-0.000402532
-0.000402532
-0.000396182
-0.000393091
-0.000393091
-0.000393091
-0.000393091
-0.000393091
-0.000386923
-0.000386923
-0.000386923
-0.000386923
-0.00038055
-0.00038055
-0.00038055
-0.00038055
-0.00038055
-0.000372169
-0.000372169
-0.000372169
-0.000372169
-0.000372169
-0.000363269
-0.000363269
-0.000363269
-0.000363269
-0.000354034
-0.000354034
-0.000352167
-0.000352167
-0.000352167
-0.000352167
-0.000344621
-0.000344621
-0.000344621
-0.000344621
-0.000336903
-0.000336903
-0.000336903
-0.000336903
-0.000329078
-0.000329078
-0.000329078
-0.000329078
-0.000329078
-0.000319326
-0.000319326
-0.000319326
-0.000319326
-0.000319326
-0.00031004
-0.000308305
-0.000308305
-0.000308305
-0.000308305
-0.000301777
-0.000301777
-0.000301777
-0.000301777
-0.000295825
-0.000295825
-0.000295825
-0.000295825
-0.000290168
-0.000290168
-0.000290168
-0.000290168
-0.000290168
-0.00028309
-0.00028309
-0.00028309
-0.00028309
-0.00028309
-0.000275772
-0.000275772
-0.000275772
-0.000275772
-0.000269706
-0.000266636
-0.000266636
-0.000266636
-0.000266636
-0.000266636
-0.000260433
-0.000260433
-0.000260433
-0.000260433
-0.000254166
-0.000254166
-0.000254166
-0.000254166
-0.000246369
-0.000246369
-0.000246369
-0.000246369
-0.000246369
-0.00023881
-0.00023734
-0.00023734
-0.00023734
-0.00023734
-0.000231638
-0.000231638
-0.000231638
-0.000231638
-0.000231638
-0.000226259
-0.000226259
-0.000226259
-0.000226259
-0.000221287
-0.000221287
-0.000221287
-0.000221287
-0.000221287
-0.000215706
-0.000215706
-0.000215706
-0.000215706
-0.000212674
-0.000210774
-0.000210774
-0.000210774
-0.000210774
-0.000206557
-0.000205814
-0.000205814
-0.000205814
-0.000205814
-0.000205814
-0.000203098
-0.000203098
-0.000203098
-0.000203098
-0.000200601
-0.000200601
-0.000200601
-0.000200601
-0.000200601
-0.000197508
-0.000197508
-0.000197508
-0.000197508
-0.000197508
-0.000194099
-0.000194099
-0.000194099
-0.000194099
-0.000191002
-0.000190181
-0.000189337
-0.000189337
-0.000189337
-0.000189337
-0.000185789
-0.000185789
-0.000185789
-0.000185789
-0.000185789
-0.000181131
-0.000181131
-0.000181131
-0.000181131
-0.000176604
-0.000176604
-0.000175763
-0.000175763
-0.000175763
-0.000175763
-0.000172686
-0.000172686
-0.000172686
-0.000172686
-0.000170096
-0.000170096
-0.000170096
-0.000170096
-0.000167557
-0.000167557
-0.000167557
-0.000167557
-0.000167557
-0.000166004
-0.000165346
-0.000165346
-0.000165346
-0.000165346
-0.000165346
-0.000164177
-0.000164177
-0.000164177
-0.000164177
-0.000163209
-0.000163209
-0.000163209
-0.000163209
-0.000163209
-0.000162219
-0.000162219
-0.000162219
-0.000162219
-0.000161366
-0.000161122
-0.000160855
-0.000160855
-0.000160855
-0.000160855
-0.000159528
-0.000159528
-0.000159528
-0.000159528
-0.000157724
-0.000157724
-0.000157724
-0.000157724
-0.000155497
-0.000155497
-0.000155497
-0.000155497
-0.000155497
-0.00015229
-0.00015229
-0.00015229
-0.00015229
-0.00015229
-0.000148993
-0.000148993
-0.000148993
-0.000148993
-0.000146521
-0.000145412
-0.000145412
-0.000145412
-0.000145412
-0.000145412
-0.000143517
-0.000143517
-0.000143517
-0.000143517
-0.000142107
-0.000142107
-0.000142107
-0.000142107
-0.000142107
-0.000141106
-0.000141106
-0.000141106
-0.000141106
-0.000140851
-0.000140851
-0.000140871
-0.000140871
-0.000140871
-0.000140871
-0.000141085
-0.000141085
-0.000141085
-0.000141085
-0.000141374
-0.000141374
-0.000141374
-0.000141374
-0.000141374
-0.000141698
-0.000141698
-0.000141698
-0.000141698
-0.000141915
-0.000142033
-0.000142033
-0.000142033
-0.000142033
-0.000142033
-0.000142284
-0.000142284
-0.000142284
-0.000142284
-0.000142531
-0.000142531
-0.000142531
-0.000142531
-0.000142807
-0.000142807
-0.000142807
-0.000142807
-0.000142807
-0.000143339
-0.000143339
-0.000143339
-0.000143339
-0.000143339
-0.000144286
-0.000144286
-0.000144286
-0.000144286
-0.000145292
-0.000145852
-0.000145852
-0.000145852
-0.000145852
-0.000145852
-0.000146971
-0.000146971
-0.000146971
-0.000146971
-0.000147946
-0.000147946
-0.000147946
-0.000147946
-0.000148732
-0.000148732
-0.000148732
-0.000148732
-0.000148732
-0.000149542
-0.000149542
-0.000149542
-0.000149542
-0.000149542
-0.000150325
-0.000150325
-0.000150325
-0.000150325
-0.000151282
-0.000151507
-0.000151507
-0.000151507
-0.000151507
-0.000151507
-0.000152365
-0.000152365
-0.000152365
-0.000152365
-0.000152974
-0.000152974
-0.000152974
-0.000152974
-0.00015328
-0.00015328
-0.00015328
-0.00015328
-0.00015328
-0.000153299
-0.000153299
-0.000153299
-0.000153299
-0.000153299
-0.000153063
-0.000153063
-0.000153063
-0.000153063
-0.000152783
-0.000152783
-0.000152737
-0.000152737
-0.000152737
-0.000152737
-0.000152581
-0.000152581
-0.000152581
-0.000152581
-0.000152421
-0.000152421
-0.000152421
-0.000152421
-0.000152421
-0.00015225
-0.00015225
-0.00015225
-0.00015225
-0.000152168
-0.000152171
